11996900
58200
28900
22100
23800
20500
23200
21500
24600
20100
22200
22000
21600
21800
22000
22000
22600
22100
61000
43700
30200
23100
47700
36700
24000
22800
22800
23800
22400
22000
126400
34000
36900
24800
44300
39500
47000
49100
23700
21000
33400
23000
22500
20900
22300
30500
24800
21700
21100
21100
22700
22700
21700
21500
22100
22700
21200
21200
29800
21600
29900
22800
25100
22500
35300
22000
20500
21000
20100
21500
20500
21100
22200
21500
20900
22100
21500
20600
35800
30200
41100
45200
22400
44800
27700
42400
23000
21700
21300
21700
21600
29000
22000
21400
39300
24800
34800
23000
43300
42300
24000
22000
21100
21400
30700
24700
21400
26800
21700
21600
21900
28900
22300
21100
20700
38700
24700
23600
40400
27100
21800
21100
38900
29900
32400
44700
54400
29600
22600
20200
19900
20500
19500
19900
30200
19100
20000
20900
20800
19300
19100
20200
19100
18800
19800
42300
39400
23200
20500
20000
21000
19900
19900
19700
19200
25400
27200
20800
19700
21000
20400
20300
19500
20100
19200
20200
19000
28500
18800
19200
20200
19000
20300
19900
22400
19200
20500
20100
29400
20400
38800
147400
48600
34800
31400
34600
55400
35700
45200
33100
41400
53500
36600
34300
33800
325900
70700
52500
36400
32300
31700
32000
38600
34900
35400
31700
29000
48100
92500
240300
21300
14600
13600
21100
20800
12300
15900
11100
11300
11500
11600
10700
21500
12700
10700
10600
10700
10400
10800
11000
31900
19900
93700
52800
19700
18900
18000
19700
21800
18200
17200
26400
15800
16500
16600
19800
19600
44200
36200
19500
18700
29600
20300
20400
30300
30700
20600
22800
18100
19600
17500
29500
18700
18100
22400
18100
18200
18500
17400
18300
18000
22800
17900
16400
15600
16700
17900
17000
16700
17800
17100
17600
16800
16800
17500
21900
15400
16400
20500
16100
16400
16700
15500
15900
15800
14900
17300
18200
14600
21100
15100
16500
15300
16100
16500
15100
15500
16400
16800
16400
16600
15600
18100
16600
22200
16400
14900
14900
17600
29300
93800
18100
20300
14500
13900
16800
28400
35500
13200
12200
11900
17000
20100
12500
11600
10900
11000
10700
15700
11200
10000
10500
10400
13700
10400
10100
11300
10500
10400
13400
10700
10200
14000
10100
14300
10000
10000
9900
12300
10000
11500
9900
9500
13500
10400
10000
9500
11200
21000
21800
11900
14000
9000
7600
6900
8700
33300
21000
15400
14200
17400
13300
19600
19400
15100
12400
12800
23500
12100
14400
12800
13300
13700
12900
12900
12500
13000
12200
13500
12200
13700
13000
19500
13600
13300
13700
26600
15600
27100
9700
11000
24900
42200
13900
9200
8000
7200
6900
6900
10100
6700
6300
6500
18000
6700
6300
6400
6600
6000
6200
7100
7000
6500
6800
8100
8600
9000
16900
12100
12300
13000
13700
7800
7000
6800
6500
6500
6500
7700
7900
15800
12000
6800
6600
12200
11500
7500
6900
6800
7600
6400
12500
11500
7400
7000
10700
6400
6300
8400
7300
14400
7600
7000
6900
8800
9300
6300
6200
12400
7300
6300
6400
6700
6400
6500
6100
7300
6100
6000
6000
6300
19900
6600
6400
6200
5900
7400
6500
6200
6400
6100
7200
6500
6100
8200
23000
13900
20600
13000
8000
6700
22100
9000
7000
6900
7800
14000
8900
7300
6600
8800
6500
6200
6400
6300
6200
18200
11700
7500
6700
6200
6300
9900
19000
11800
6300
6600
6600
6700
6700
6100
6300
6200
6200
7900
7300
6600
7000
9900
6200
34600
17400
10000
6700
6500
10300
26100
30000
13300
17400
13100
11700
17300
14500
12000
11800
11000
11100
11000
11700
12700
10900
11600
11500
7300
14000
8200
6400
7900
5600
5900
5700
5700
6200
5400
5500
5400
5800
8200
13200
12900
9900
11000
9700
11400
9500
9800
9700
10100
9800
9800
9600
10200
15100
11700
10700
9500
9400
10100
12500
10500
6600
5700
6000
5400
5700
6800
18500
6900
5900
5500
5700
6000
5700
5600
6000
5500
5800
5900
5600
5300
9400
7800
7300
5500
6400
6400
5800
6000
56000
11700
6700
5800
5700
5700
7300
5700
6200
15400
8000
20200
6500
6300
5400
5300
5300
5500
5300
5400
5500
5400
5600
5200
5200
5400
5500
5100
5600
5600
5600
6300
5300
5300
5600
5100
5300
5500
5600
5500
14400
9700
8800
8300
20300
8800
8000
11800
7800
8100
7800
7700
7900
12900
6800
5400
5300
6100
5900
5700
5200
7600
5000
5100
5200
5400
6300
5100
5200
5300
5100
5200
5000
5000
5000
8000
6500
5400
4900
5100
5100
5200
5000
4900
5200
4900
5100
5100
4800
7400
5500
6400
5200
5000
4800
5100
5200
5300
5100
5300
5000
5200
5100
6300
5400
5000
5500
5100
5200
5100
5000
4900
5200
5000
5400
5100
5000
5500
5100
5100
5200
5000
5100
4900
5200
5100
4900
5000
7500
15300
11200
5500
14400
11700
13400
19400
10200
9500
9200
8500
8100
7900
8100
13300
8000
7500
7600
12800
9200
8200
8600
7600
11300
12900
7200
5400
11700
9800
13400
16400
11400
8600
7700
7300
8200
7500
7700
8000
7400
8900
17100
19200
9900
8900
8200
7500
7800
22000
12300
6200
5800
4800
5300
5300
4900
4900
4800
5000
5200
4600
5200
4800
4900
4900
5000
4700
16700
5100
4900
13400
9400
6300
5600
4400
4500
4500
4600
4800
4600
5000
6800
4800
4700
4700
4600
4500
4400
4900
5300
4600
13400
7800
5500
4800
7100
4400
10800
5600
4500
4800
4400
4500
6000
4800
4700
4100
4400
4900
4700
4400
4600
4700
4800
4900
4500
4400
4500
4500
4500
4300
4700
4500
4700
4500
4600
4700
4300
5300
4500
4600
4800
4400
5100
4700
4700
4400
4900
4500
4500
7700
4700
4400
4700
35200
9800
9100
7000
11100
6700
9300
8100
7100
6800
7700
7100
6700
7100
7600
7800
7200
6700
7100
7200
7800
6700
7200
7600
7100
6700
7700
6800
7000
7100
7900
6600
8000
7900
7100
7800
6400
7000
6600
19900
7800
11200
5700
4700
4400
4700
4500
5200
4000
23000
8300
4800
6200
5000
4200
4700
4500
4900
4600
7000
4400
4900
4500
4300
4300
4200
5300
9700
7600
6900
6700
11400
9600
37100
5300
4300
4300
5300
4600
4200
4200
5500
4300
4100
4400
4000
4200
6800
4800
4200
4400
4900
4900
4600
4300
4500
4300
4600
4100
4200
4300
4700
4300
4600
4500
4100
8700
12200
12300
12900
11800
12300
8700
4700
4200
4300
5600
10500
7900
7000
7100
7500
6400
7900
8600
6600
6600
6900
6200
9000
11800
8600
7500
6900
6700
6100
9400
6500
6600
6600
7700
7400
12700
7400
8500
6400
6400
7300
6600
6200
6800
6800
7000
6600
7100
6900
9300
6400
6800
6800
6400
7200
17900
6600
6600
7300
6900
6300
6800
7100
9500
6700
6500
6300
6800
6800
6600
6600
17900
6900
6900
6500
6600
6400
7000
6400
6300
6700
6900
6500
8000
7000
8000
7200
6600
7000
6400
6600
8000
6700
6500
7500
6800
18700
8000
6500
6700
6400
6400
7100
6800
6600
7100
6800
6800
6500
6600
6600
6700
7200
6900
7200
6500
7000
6400
9700
7000
6900
6400
6500
7500
7500
6800
9700
6500
7300
8400
7200
6700
9400
6800
7300
7500
6800
7200
6900
18000
7100
7100
7000
6600
6700
7100
9000
7000
7700
7000
6900
9400
8000
7100
6800
7400
6600
7000
6900
6700
7700
7600
7100
7300
6700
6800
7100
7300
6900
6600
7200
7200
6700
6600
7500
7400
7000
6800
7200
7600
7100
6800
7800
6600
7200
7200
6800
9000
12500
8700
6800
7200
7500
6800
7200
7000
7400
7400
7600
7500
9400
10900
7400
8600
6200
6800
6500
6800
7000
6600
6600
6600
8000
7100
6700
9800
7000
6200
6100
6500
6200
18300
6700
6800
6900
6800
6400
7700
11200
15000
13300
8600
8600
7400
9900
9100
4600
4300
4800
5200
5300
4400
4400
8000
4400
4200
5100
4400
4700
4800
4400
4800
5400
5000
4300
4600
4100
4600
4500
4300
4300
4200
4100
4800
4000
4400
5600
4600
4400
4100
4400
5100
4100
4300
4400
5200
4400
4000
5800
10300
7300
7100
30600
13700
10900
6700
6500
6800
6400
7100
6500
6300
20400
6900
7200
7200
6900
7300
9900
7100
7300
7300
6900
6600
7000
9500
8800
8100
10100
12600
8300
12000
16900
9700
7900
8900
7600
7500
11500
8000
7900
7000
7400
8400
7900
7900
11800
7400
7400
7600
7400
7600
9500
8800
8300
7600
7400
7500
7500
7200
7600
8100
7600
7400
7600
6500
6900
6800
10100
9600
7600
11800
10100
12700
9000
7700
76500
11300
8100
6900
7800
7400
7800
7800
10000
7800
7400
7300
13800
9200
6600
8300
7500
6800
7800
7500
8500
7000
7800
24500
6200
7800
4900
4300
4400
5200
7000
5200
5300
5500
5000
4500
4600
5100
5400
7000
4900
5100
5100
6700
11300
11800
14500
12100
11500
6700
4800
4800
5000
7700
4700
4900
4800
5300
4200
4300
4800
4500
4300
4800
4900
8900
9000
7000
6200
6700
6300
5700
6800
6600
7200
7400
6400
10600
9400
8800
5400
4800
4400
4900
4900
4100
5200
4500
4300
5000
4800
4300
4800
4900
5100
4600
4800
4200
4400
4700
4900
5300
4300
4300
4900
4400
4300
4800
7300
4700
4600
4900
4400
4700
4300
5000
4900
4400
4900
4700
4400
4800
6200
4300
4500
4500
6300
4800
4600
4000
6100
5400
4300
4800
4700
5000
6800
15400
5500
5400
4300
4400
4700
4300
4300
5800
4300
4900
4400
4500
4900
4600
8900
4700
4300
4800
4700
4300
4800
4700
4400
4400
4300
4400
5000
4200
4500
4800
4300
5400
4400
4400
4700
5100
5400
4800
4400
4500
5300
5000
4100
4300
4300
4400
4100
4100
4300
4700
4700
4500
4800
6500
4700
6000
4500
4400
5900
4200
4300
4200
4700
4800
4400
4700
4500
6100
4500
4700
4800
5200
4700
4500
4600
4400
4700
4200
5100
5100
4500
6100
5500
4900
5100
23400
9500
5000
4500
5300
4700
4900
4700
4800
7700
5300
4800
5100
4700
5000
4600
5500
4900
5700
5200
4200
4000
5100
4600
5100
4700
5000
4300
4700
4700
4500
4500
14500
5000
4400
4400
4200
4500
4900
4700
4300
4700
16200
5100
4100
4500
5200
5000
4700
4200
4800
6200
4300
4100
4400
4600
4900
4600
4600
5200
4800
4300
5700
4500
4200
6300
4700
4700
4300
4400
4500
4800
4800
5600
4200
4300
4600
4300
4300
6000
4700
4800
4400
4600
4300
4200
5700
4300
4500
4100
4200
5200
9400
7600
7400
6600
4900
10100
9600
10300
9100
6700
7700
7900
7700
11200
6500
4700
4500
5000
4600
4400
4500
4400
4300
4800
4400
4500
4600
4800
4300
5000
4300
4900
4700
4500
4700
4400
4200
5000
4700
4200
4200
4500
6700
4300
4400
4800
4300
4200
4900
4300
4300
4400
4300
4700
4600
4400
6300
4400
4200
4700
4500
4900
4300
4500
4300
4300
4400
4200
4200
4400
6000
5900
4500
4300
4600
4300
4600
4400
4700
4500
4200
4900
4400
4300
6500
4500
4800
4800
4200
4200
4300
4400
4700
4200
4200
4300
4400
4300
4400
4500
4300
4900
4200
5100
4300
4400
4800
4400
4200
4400
4300
4200
5100
5000
4300
4300
4900
4500
4700
4200
4300
4600
4600
4600
4500
6300
4700
4000
4400
4500
4700
4400
4900
4400
5600
4400
4400
4100
4400
6200
5100
4500
4700
4800
4400
4800
4900
4800
4700
9100
9300
9600
7600
13100
8500
7500
7500
6800
7600
7200
7100
7800
11600
7200
6900
7300
7500
10000
7600
8000
6400
6800
7200
8400
9100
7400
6700
7300
7100
7200
8100
7600
7100
6900
7100
7500
22200
7600
7300
6400
7300
6900
7100
7400
17100
12300
7700
4500
5200
5400
4300
4400
4500
4900
4700
5900
8900
7200
11100
8600
7500
7300
7600
7500
6700
6800
7100
7100
7800
7200
7900
7500
10300
8000
8500
8100
7900
7400
6900
7500
8000
6900
7000
6500
7400
7400
10200
6600
6300
7100
6600
6900
8600
7100
6600
6300
6500
6600
7200
6400
11400
8600
8700
9900
10600
9200
12100
7600
8200
11000
6200
5000
4600
5300
4600
4800
15700
5700
4900
4700
5500
6800
6300
10300
9400
7100
7600
7800
7100
7100
7900
7100
8100
7700
7100
8000
7600
7500
7600
8000
7300
7700
8200
7200
7500
7900
7200
8000
8000
8000
7400
7400
8000
7800
7000
10400
8300
7700
7500
8100
7800
7100
7600
7400
7300
6900
7400
7800
7900
10500
8700
7600
7800
8400
7900
7700
7400
7500
7400
6300
5100
5100
4500
6800
4400
5000
4200
4900
4500
5400
4900
4800
4700
4800
4900
4300
4600
4900
4400
4700
4600
4800
4600
4800
4900
4500
4500
4700
5200
14600
4900
4800
5400
4700
4500
5200
5000
5100
4300
4200
4800
4300
4500
14900
6100
5400
4300
4900
4600
4400
4700
4900
4600
4800
4400
4500
4400
5100
7200
4500
6000
4600
5000
5300
4500
4500
4500
4600
4400
4400
4900
4500
6400
5400
4600
4900
4700
4600
5000
5000
6300
4700
9200
5100
4800
4300
9700
4700
4400
4700
4400
4800
4400
4500
4800
4600
4500
4600
4300
4900
4700
4800
4500
4800
4100
5000
5600
4800
5600
4800
4800
4500
4300
4800
4700
4800
4400
5100
4800
4800
4500
5000
4200
4900
4500
4700
4900
4500
4800
4400
4400
4300
5400
4700
4900
4500
4600
4500
4700
4700
4500
6400
4400
4600
4900
4400
4300
4800
4300
5700
4300
4400
5200
4700
4400
6400
4900
4800
4600
4500
4800
4500
4500
4600
4300
4700
4700
4400
4900
6300
5000
4400
4500
4500
4800
5300
4500
13500
4900
4600
4600
4800
5300
4600
4800
4600
4400
4800
4300
4300
4600
5200
4400
4500
4300
4400
5100
4800
4500
4400
4500
4500
4400
4500
4700
5100
4400
4800
4500
4700
4200
4600
4500
4800
5300
5900
4500
4700
4500
4500
4500
5200
4200
6300
8000
5000
4700
4900
4600
4200
5000
4800
5200
4200
4200
4600
5200
5000
6700
4500
4600
5100
4900
4600
5500
4300
4700
4600
4500
4400
4600
4800
6400
4300
4600
4400
4500
4600
4800
4500
4500
5400
10300
5100
5000
4500
6600
4600
4600
4400
4800
5000
4800
5000
4700
5300
5500
5100
5000
4600
4800
4500
4500
5100
5500
4800
4600
4300
4700
6200
4600
4500
4500
4600
58300
6100
4600
5900
5100
4700
4700
9300
8000
4900
5000
5600
4800
7300
4700
4600
4500
4600
4700
5100
4800
4900
4700
4600
4700
4400
12200
4900
4500
4600
4900
4600
4600
5000
4600
4800
4900
4800
4600
6500
4400
4800
4800
4800
4900
4400
4500
4600
4900
4600
4600
4800
4400
5500
5400
4600
4700
4700
4400
4800
4900
6100
5300
4600
4600
4700
5200
4800
5000
4600
4600
4300
4700
4800
5100
4800
4600
5000
4500
4800
4900
4600
4500
4800
5000
4800
4700
5000
4600
4300
4300
4800
4700
5600
7500
5300
5000
5000
4800
4700
5000
5700
4600
5300
4800
5200
4600
4900
6400
11000
7700
11000
11700
5400
5100
4600
5000
4800
5100
4600
4300
4700
15900
13900
5600
4800
5000
4700
5100
4800
5200
4500
4800
4700
4400
4700
4700
4400
4500
4400
4500
5400
4700
5100
5300
4900
4600
16200
11900
9000
8000
8300
27700
11700
6900
4700
4600
5600
5000
4900
4300
5300
4400
4800
4900
4800
4700
4500
4400
4700
4300
4500
4600
4400
4500
4800
4600
6200
4400
4500
4900
4800
4700
4800
4700
4900
4600
4600
5000
4400
4600
6400
4400
4600
4500
4400
5200
4600
4400
4700
4600
36500
6500
4500
4300
7000
4800
4200
4600
5100
5400
4400
4300
4900
4300
4700
4800
4600
4700
6900
4400
4400
4200
4400
4700
5100
4600
4300
4400
4400
4600
4500
4600
4600
4900
4300
4800
4800
4900
4500
4500
4500
5200
4300
4700
4400
4400
5100
5000
4500
4300
4400
4400
4800
4700
4600
4300
4300
4200
4600
6200
5200
9500
11200
5400
5100
4400
4800
13600
5600
4500
4400
4500
4600
7100
4900
5200
4800
6600
9900
7000
22100
6500
4900
4500
6900
4200
4200
6800
4600
4400
4400
4500
4300
4800
5000
4300
4500
4300
4800
4900
6000
6700
5000
4400
4800
4600
4600
5100
4900
4400
4300
4600
4600
4900
4900
5100
4300
4400
4600
4500
5000
4400
4500
19000
9500
6400
5000
4400
4500
4900
4300
4500
4200
4300
4400
4500
4500
4300
4100
4200
5000
9800
15000
7900
4700
4600
4800
4400
4800
5000
4400
4700
4300
5100
4800
4700
6400
4600
4400
4400
4300
4500
4600
4200
4500
4500
6900
4500
4600
4900
7200
4600
4700
6200
11500
6500
4800
4400
4600
4800
4600
4200
4800
4500
7100
4800
4400
4200
4400
4400
4300
4500
4600
4300
4400
5000
4800
4300
4700
4300
5000
4300
14900
5000
4400
4900
6300
5100
4600
4500
4600
4400
4900
4500
4900
5100
4500
4400
4700
4500
4500
4900
4400
4600
9700
62000
8500
4800
4600
5500
9700
6000
4900
4600
4800
4700
4500
4600
4300
6800
4400
4400
4300
4800
4100
4700
5000
4500
4300
4900
5000
4600
4200
6500
4500
4300
4600
4300
4900
5100
4500
4800
4600
4500
4800
4400
4800
6400
4700
4800
4300
4600
5000
4700
4800
12800
7800
4700
5100
4800
4600
5300
4600
4400
4500
5000
4800
5400
4300
4700
4500
4400
4500
4600
5000
5100
4900
4900
4400
4300
4500
4700
4700
4300
4900
4100
4500
4300
4800
4600
4400
5200
4700
4800
4700
5100
4800
4500
4200
4600
5100
4300
6900
4600
4300
4600
4500
4300
5000
4300
4600
4500
4600
4400
4800
4200
6400
4500
4800
4700
4500
4500
5100
4300
5900
5200
4400
4200
4600
4400
7500
4500
4600
4500
4900
4600
4600
4800
4600
4300
4500
4600
4600
4600
6100
12300
6700
5300
4500
4900
4600
5000
6600
5300
4700
5000
4500
4500
4500
4900
4800
4400
4500
4300
4200
4400
4600
4400
5100
4600
4800
4500
4600
5800
4800
4300
4800
4500
4200
4500
4600
4800
5400
4200
7500
8900
5500
4600
4900
4900
5800
11000
7900
7600
7900
8200
9800
4900
4600
7400
4900
4500
4400
5000
4500
4500
5600
4400
5100
4600
5000
4300
4400
6600
4800
5000
4900
4600
4400
4600
4900
5000
4800
4800
4900
4500
4800
4500
4600
5400
4200
11000
10000
7100
12700
8800
8400
6800
8300
6500
6100
8000
6400
6300
18300
7600
7100
6900
6700
6700
6800
6800
7100
8100
7700
7600
8000
7500
7000
7000
6800
10400
5300
4700
4700
4900
5100
4500
7300
4800
4500
4800
4400
5400
4900
5900
7500
8200
7000
6800
109200
7900
10900
5100
5100
5000
5000
5600
4900
4800
4800
5400
5000
4600
4700
4800
7200
4800
4700
4900
4800
5000
5300
4900
5400
5500
5100
5200
10400
16500
12500
12000
11200
8800
8100
6900
6900
7400
9000
9100
5900
4700
4600
5100
4800
5200
5000
5000
5000
4600
4900
5500
5300
5100
5200
4500
4200
4900
4400
4200
4400
4700
4100
4200
4900
4600
4300
4900
6600
5100
5000
6700
4900
4600
4600
4900
4500
4600
4700
5000
4400
4500
5700
4400
4900
7000
5400
5000
4700
6000
5100
4900
6100
4600
4500
5000
5300
4300
4900
7100
4600
5000
4600
4400
5200
5200
5000
11700
11600
5800
4400
4900
5200
7200
4500
5600
4400
5200
4600
5500
5000
4600
4900
4900
4800
5200
4900
4800
4600
4800
5200
4200
4800
4400
5200
13600
9100
7600
10400
5000
4200
5100
4600
5100
4600
5200
4600
4500
4600
5000
4500
5600
4400
4900
4500
4600
4800
4400
5100
4700
4400
4800
4700
4300
5400
4700
25100
6000
5000
5400
4500
6500
4900
4800
5000
5000
5400
4900
18900
5500
6200
5100
5900
5400
5200
5200
5200
19700
4700
5100
5100
5400
7000
5300
4500
5300
4700
4900
4900
4800
5300
5500
4800
4800
4600
4700
5100
4800
4800
5200
5300
6100
5100
4700
5200
4900
5500
5200
5000
5600
5400
4800
5200
5000
5500
4800
5100
4700
5300
5500
4500
4900
5000
4500
5300
5500
4900
5400
5500
5300
5100
4400
5700
5000
5500
5800
4800
7300
5500
4700
4800
5300
7200
4800
5200
4700
5500
5200
5400
4800
5700
7100
5000
5400
4900
5300
5100
5500
4900
4500
5300
5700
5000
5100
5000
7800
4800
5100
5300
4600
5900
5100
5400
5100
4800
4900
5400
5300
5000
5100
5000
5800
5200
4900
5300
4900
5200
4800
5500
4800
5400
4800
4900
5300
5800
6500
5400
4800
5400
5600
5700
5500
4700
5200
5100
13800
5000
4900
5800
5300
5200
5500
5000
5500
5600
12500
9200
13000
8400
8500
12900
8600
10000
9100
14100
8400
7700
8500
8400
25100
14700
10700
8000
8200
11700
8400
7900
7100
7800
9100
8000
8500
7100
7900
8500
8400
9100
9300
11200
8000
8600
7900
8600
8800
9100
8500
7700
7800
8100
8300
7300
7800
8000
8800
8000
7800
8600
9100
8400
8400
7200
8100
7900
8400
10600
9900
13100
8900
7700
8200
7900
8900
9000
8700
9000
8500
8600
9300
8100
9100
8000
8200
7700
8000
7900
8800
8300
7700
7600
7200
8200
9000
8300
12000
8300
7500
9900
13800
8400
7300
8000
8200
8100
8700
8000
7900
9100
11300
7800
8500
9100
7600
8100
7700
8300
8100
7800
7500
8900
7700
10300
12300
7400
8000
8000
7500
7900
8100
7700
8300
10000
7300
8500
7700
7800
8300
8400
7900
8000
7900
27200
7900
7400
7100
7200
8200
7900
8500
8100
8900
9700
8500
8900
8600
8700
8100
10800
8800
8400
8800
7900
7800
7400
8500
7600
7700
8200
8600
7200
7300
8000
7600
7400
8800
8500
7200
12100
8900
9900
7400
7600
7700
7700
8800
12300
8600
7700
8100
9100
9100
11900
8400
7700
7600
8100
8100
8500
11100
8300
81700
15500
11100
9600
13400
14500
25300
9200
7500
9400
11000
7800
8900
8500
12000
7600
7700
8100
10300
9700
10200
13900
11300
12200
12500
10800
8400
12900
8200
8000
14300
10700
11800
10500
13700
9900
7900
12300
12200
9500
20600
8400
7700
10100
8600
9300
7800
8000
8500
8300
7600
8300
8000
7800
8200
9500
7800
8000
8000
8500
11400
8600
8300
8300
7700
8000
8000
8000
8300
9300
9000
8800
8100
7900
11400
8300
8000
7400
8200
7300
5800
5200
7600
5300
5300
6500
5100
5900
7100
5900
4500
4600
5300
4900
4900
5500
7200
4500
5200
4900
5200
6100
10200
8300
14900
10000
8600
8900
8300
8100
8500
8900
8000
8800
7500
8400
9700
22200
8200
8100
9800
9600
9400
10200
7800
8900
9100
8700
10600
8500
12700
9000
7700
7200
9600
9500
9700
8900
8600
10200
10100
9400
9100
11600
8400
8600
8200
7600
9200
8000
8500
8300
10100
9400
9300
9400
15100
14000
8600
16100
12500
8700
9200
11000
9400
7800
9200
9100
8100
8500
8600
16100
8100
8900
7700
8100
8000
12000
7200
26200
8900
9500
7200
7800
7100
10000
7600
7200
7400
7400
7600
7500
7300
7600
7100
7500
7200
8400
7400
8300
7100
7600
7400
7800
6900
7500
7100
7700
7400
7500
10900
7900
7700
8100
7800
7200
8400
6900
7800
8500
8100
8500
7300
7400
7500
7300
9200
8100
7700
9200
7100
7000
7100
7200
7500
7100
8100
7100
8400
8900
10200
7000
7200
7000
7000
8700
8900
7900
8200
7900
6800
7600
7500
7700
10400
7200
8900
23100
8100
8000
7400
8100
11400
9000
8300
7500
7100
7800
11000
7100
7500
7800
7700
7600
7800
8700
7400
6700
6900
8700
6600
12200
8700
8400
7400
6800
7700
7000
7800
7400
6800
8100
7200
8300
7400
7400
6800
7100
8300
7100
7900
7300
7900
7200
19900
6600
6800
7200
6800
6500
7000
6600
7800
6900
8200
7600
10000
7500
7500
6900
6800
7100
7600
10100
7300
7300
7500
9000
8300
7500
6700
7800
8700
8400
7500
8900
7300
10500
7900
7300
7400
7200
6500
6900
7500
6400
7900
7800
8100
6500
7500
9300
8600
7600
8800
7800
8600
8300
7200
7000
6900
7200
7500
7900
7100
8600
7600
7300
7400
7500
7800
7400
6700
8700
7900
7600
7100
9400
8400
7500
6900
6900
8100
6900
7600
7700
6800
7500
7500
7000
10500
7600
7500
7300
7100
8000
6800
7400
9200
6900
7200
7400
8200
7000
7300
7700
10700
7900
7300
8900
7200
7300
18900
6700
7200
6900
7700
7300
7000
6300
11100
7500
7300
7100
6600
7200
7300
7700
8300
7300
7100
7000
7100
9300
10200
7300
7200
6600
7200
6400
7400
7100
9100
7400
8500
7700
7100
8500
7100
8200
8000
7100
8600
9300
7800
7400
7000
6600
6900
7000
7500
7800
7600
6600
6800
7200
7400
7400
7100
8200
7200
7500
7600
7400
7000
6700
14100
9500
7700
7300
7600
9300
7200
7800
6900
6900
7600
7400
6900
10400
7900
7600
8500
7800
6900
7900
7700
7100
6600
7100
11300
7100
7000
10000
7400
6800
7500
7200
7100
7000
7100
7500
7700
7500
8300
6900
9100
11000
22300
7200
7300
7600
6800
8200
7300
6900
9800
8300
7700
8600
9600
8700
8000
9200
7700
8600
8100
7400
7500
7300
7800
6700
6900
7600
7700
9000
7200
7700
7300
8700
6900
8000
8100
7400
8000
10500
7500
9000
7300
8200
8500
7600
8100
8100
6900
7600
7300
7700
8400
8400
7600
7300
15700
10100
7800
7400
7000
8500
6800
6700
7400
7300
7600
7700
7900
7200
10300
7600
7900
8800
8800
7400
7600
8300
37400
7400
7900
18500
10300
8500
12800
7600
6900
7200
7400
7100
7800
7300
7300
7700
6800
8700
7500
8100
7400
8200
8200
7500
7900
9100
7500
7700
8100
9100
7300
7800
9900
6800
7800
7400
7500
7100
7000
7800
6900
7500
7300
6800
7100
18700
12200
7700
15100
5900
5100
4900
5800
5600
5300
4800
5200
5400
4600
5100
8000
5200
5900
5100
5400
5300
5200
5300
5000
4600
4600
4900
5000
4400
6600
5200
4700
5100
4900
4800
5100
4900
5300
4900
5400
5100
4300
4400
5200
6700
6400
6200
5500
4700
4800
5300
4700
5800
5200
5700
4700
4900
5300
4500
4800
4600
4600
4800
4600
5000
5200
4700
5400
5100
5800
4300
5900
5400
5100
4500
4700
5500
5200
4900
4700
5300
5100
4700
5000
6700
6300
6100
4800
4600
4800
5200
4900
5200
5600
5000
4800
4600
5800
7100
5000
4700
5500
5100
5500
12600
7600
6200
15700
14100
10900
12200
22300
14100
8200
7900
8000
7800
7400
10600
8000
7900
7400
8800
8400
7600
7400
12700
5700
5100
5100
5300
5600
5100
4700
5000
4600
5600
5000
5500
5000
5100
5800
4900
4500
4700
5000
4500
5200
4900
4600
4900
5500
6100
4900
5600
4500
5300
5600
4600
5300
5500
4900
4800
5100
5100
4800
4500
6400
4600
5200
5800
5200
4500
4800
5300
4700
5000
4500
5300
5200
4500
7100
5100
5100
5800
4800
4900
4600
4600
5000
4600
6100
5600
4400
5400
7000
4400
4900
5100
4700
4700
5100
4900
4900
4500
4800
4500
4400
4300
5200
4400
4700
4900
5100
4400
4400
4900
5400
4500
5300
4500
4500
4600
5800
4800
4800
4500
16100
5100
4500
5300
5500
4800
4500
4900
5000
5700
5100
5300
4300
4700
5100
5100
5100
4400
4700
4700
4900
5200
4800
7600
11300
17000
9000
7700
7200
7800
7300
7400
34500
14500
22000
8400
8900
31300
25700
12800
7400
6200
5400
5400
5200
4900
4700
4900
4700
5000
4200
8200
5800
5000
11000
18000
9400
7900
7400
7800
8700
8100
7300
7800
8600
8700
7700
7500
7900
8200
8100
8000
8300
8100
8200
7900
9100
8500
8400
11700
7900
8300
10000
7600
8400
7700
8300
11900
8100
7900
8000
7900
8100
8700
7500
7700
7500
10100
7600
7800
8200
6800
7800
6000
6800
7400
11100
9000
7100
7700
7000
8300
24200
9000
7700
8800
7500
10800
8200
8900
10800
9100
7900
7500
8400
8300
7500
7700
7600
8000
10000
8000
8900
8600
11300
6900
6900
8400
8000
6800
8200
11900
8400
5100
5300
5100
6700
4900
5200
5000
6300
4500
5800
5200
5100
6000
5300
5200
4800
6000
4800
5600
5000
5400
5200
5100
5200
4800
5300
5300
5200
4300
9100
6300
5400
4900
6400
5100
5000
5900
4800
5200
4700
5400
5900
5000
5800
6200
5600
7000
5000
4900
7200
7200
5800
4700
5900
5000
12100
12500
6100
7100
5100
7500
5000
18500
5600
4700
5100
4700
5200
5100
5100
5200
4700
5000
5200
7100
5000
4800
7200
7300
8500
8300
8100
8400
7700
4700
4800
4500
4400
6900
4500
5000
5900
5600
5000
5300
4900
5000
6900
4600
4900
5900
5200
5400
5900
5200
5500
5600
4800
6000
4700
4700
5000
5300
5400
8900
5400
5400
5300
4800
6000
4800
5400
5100
4800
4600
4700
4900
4700
5000
7100
5300
5300
4800
5200
4900
4700
4500
5200
5100
5100
5000
4500
5400
8000
5600
39300
11000
5400
4600
5000
4600
4700
4900
5000
4600
4300
4500
7800
4800
5200
5100
4400
4900
4900
5400
4600
4900
5300
4600
5000
5200
6600
5200
4400
4700
5200
5100
5200
5100
5200
4400
5000
16200
5200
5300
5300
20700
12900
7200
5200
4600
5500
4600
4600
4500
5500
5100
5100
5600
6300
4700
5000
5100
5000
4700
5100
5300
4900
4500
4600
4900
5200
5600
4500
5200
4800
4700
4500
7100
5000
5200
5300
4700
4500
9000
4900
4600
5000
4600
5400
5200
5600
4600
4500
4500
4800
4700
5000
7200
4500
4800
4800
5000
5600
5000
5000
5800
4900
4600
5000
4400
4700
6800
5400
4500
4400
5000
4500
5600
5600
5000
4900
6000
4800
10800
5700
5100
5400
4800
5300
5000
5100
5200
5100
5200
5600
4600
4400
5300
4500
5300
5100
4700
4400
5000
5200
4900
4500
5000
4400
4700
5000
5100
5600
18700
5000
4400
5100
4800
4600
14200
5300
5200
5000
4800
5000
4400
6400
5100
4800
4800
5000
4800
4800
4800
4700
5300
4800
4300
4700
4800
6500
5100
4600
4800
5100
4200
4400
5300
5200
4700
5200
5200
4800
4700
6800
4800
4400
5200
5000
4500
5000
4900
4400
5200
4600
5100
5000
4500
5100
4900
5100
5100
4400
5200
5200
4500
4700
4600
4800
4700
5200
4700
4900
5200
4800
4600
5400
6000
4300
4800
4600
4400
4500
4900
4700
4500
5600
5700
4900
5200
4500
5300
4800
4700
5200
4900
4900
4500
4800
7900
4600
5700
6000
4800
4500
4800
5400
4800
5100
4900
5500
4700
5400
10600
8200
5200
5100
4900
5300
4500
5100
5100
5900
5000
4600
5100
5200
6800
4800
4600
4900
5400
4900
6100
4600
5500
4900
4800
4800
5400
4300
6200
6100
4800
14600
4800
4900
4600
5200
4600
5200
4400
4400
4700
5000
4900
4900
5100
4500
5000
4800
5000
4600
5100
5000
4400
4500
5200
4900
5300
5200
5000
5700
5100
5000
4500
4900
5000
4800
5600
4800
5300
6700
4500
4600
5500
5400
4900
5100
4600
4600
4800
4800
4700
4500
6100
6800
5300
5200
4800
5000
5400
5100
4400
4500
5300
4700
5100
5000
5000
6500
5400
4800
5500
4700
4500
5000
4400
4400
4800
4500
4900
5200
5100
5000
5000
5200
4700
4700
5100
4700
4500
5100
5400
5500
5500
5100
4900
5300
5500
5100
4700
4700
4700
5000
5200
4500
4800
5200
5100
6300
5200
5300
5000
5500
4800
5500
5700
5300
5200
4600
5100
5200
5000
5600
7000
5200
5700
5000
6300
5200
5500
4500
4800
4700
5500
5000
4300
6300
7400
6100
5400
5500
6400
6300
11400
11500
8700
9700
13100
11600
8700
8600
10300
65600
22200
11400
8700
8200
8900
8000
8000
8500
8500
43800
8100
9100
13000
7500
7100
7800
7200
7700
7500
8000
8400
6800
6800
12100
7000
7100
8600
8500
7600
9500
6800
7300
7400
7300
6800
8000
7400
6900
6800
8400
8600
7100
8100
7000
7600
7200
8100
8000
8000
8000
8000
7800
7800
9800
7700
7300
8900
7100
7100
7200
7100
7700
7500
6700
8500
7300
7700
10200
7400
10500
7200
8300
7200
7400
7900
7400
8000
7900
7100
7200
6800
10600
7200
7400
7300
7600
7000
7500
8400
7000
7100
7400
7200
7500
7900
10800
7300
7500
6900
7600
7600
6300
7000
7000
7400
7200
7200
7000
7400
8300
7300
7300
24000
7100
15700
8200
7700
7200
7000
7500
7700
7000
8200
7600
8600
7800
7200
8600
7000
6500
6700
6600
7600
7300
7100
7200
6700
7400
7600
6700
7700
6500
6800
7200
7200
6800
6700
7100
7500
7200
10000
7200
7800
7300
7100
6900
6700
6600
6700
7800
7800
9100
10400
5000
7500
20000
11900
5700
11300
8100
7400
7300
8600
10400
8000
9600
7900
7600
15800
6800
14100
8100
12700
13100
15300
9600
9800
7400
7400
6700
7300
8100
8000
11600
10700
8000
7400
7700
7100
9200
7700
8500
7800
7200
7600
8500
8500
6800
8600
7700
7500
7800
7200
8400
7400
7100
6300
7500
7300
7700
7300
6900
7400
7500
6900
9200
8000
7600
7200
7500
7700
7800
9700
11200
14200
11100
11700
7000
7200
5600
4900
5000
4800
4400
4900
5300
5500
7600
4700
5000
4800
4400
6400
4600
4600
4800
4700
5400
5800
4800
5600
6500
4900
4900
4400
4600
4600
4300
4300
4500
4800
4800
5000
4300
5000
5100
4500
6000
4400
5200
5300
4400
4300
4500
4600
5200
4700
4200
5300
5000
4900
4800
4500
5000
5400
5200
4600
5000
4600
5200
4500
4800
5600
5000
5200
5000
4700
6500
4600
5500
4800
5400
4500
5100
5400
5100
6600
4600
5700
7200
14000
9200
10300
7700
8200
7600
7600
99800
21000
24200
14500
8500
26400
11500
12900
8400
36100
40000
35200
11900
7800
6900
99900
18300
13200
7900
7900
19900
7900
8000
13000
6900
7600
7700
7500
8400
7100
8200
9400
9900
9700
7100
7000
7500
7700
7600
7500
7400
6500
7200
7500
7500
8000
6700
7200
6700
7700
8200
6900
6900
7500
8900
7500
7200
6700
7000
8500
6700
6700
8000
7000
6800
7600
7500
6200
8100
7200
11300
344400
15200
9600
9000
8900
8700
10300
9900
9600
10000
8400
9300
9700
9200
9500
12800
8900
8200
9600
8800
8900
8500
8600
11900
10300
10000
9400
7100
8200
9200
7900
6700
6800
6600
7500
7200
7300
6900
6700
7200
7500
7100
7600
8500
7500
7100
7300
6400
7900
7500
6600
7000
7000
7900
6800
6600
7200
7200
7500
7900
6800
6700
6900
6700
7100
20400
8400
7300
7000
7700
7800
9600
6700
7500
7200
7100
6600
6900
6400
6900
6900
7000
7600
7000
9500
7400
7500
8000
6700
6400
6600
7300
6700
7600
8200
8100
7100
7600
10100
6700
6500
18300
7000
6800
7100
7600
7700
8300
8200
7000
9100
7900
10100
7500
7200
8100
8000
8600
8400
7000
7300
18900
8800
7200
8300
10700
14100
8800
11700
13800
12000
13400
12300
13900
9400
7300
6800
10300
7600
7600
8500
7100
7300
7000
7700
6600
6400
7200
7400
8100
7200
6800
6900
7300
7200
7600
6900
7200
8800
7400
7100
7300
6300
7600
6600
7000
7400
9600
6800
15700
7300
7100
7000
6200
18400
7600
7500
7400
6200
6900
6500
10700
7000
8800
6800
9500
7200
7500
6900
7600
21200
7300
6800
7800
7400
9600
6900
7200
7200
6900
7400
7700
8500
7600
7000
8100
7500
7000
6800
11200
7500
7300
7600
8300
8200
7000
8200
8300
7400
6800
7800
7100
8000
7600
8700
8100
9500
7700
8100
6800
7300
7300
7300
7100
8100
7500
8000
7200
7900
9100
8900
10100
9100
10000
9000
9200
9300
8400
8600
8100
9700
9900
8900
26500
9600
8900
7500
8800
7100
7400
7700
6700
7000
7500
12900
8000
8200
8600
7800
7900
8000
7800
7400
18300
7800
7400
7400
7600
10600
8000
9100
6900
9900
8300
8700
7700
8300
9500
8200
7200
7800
7300
11300
7600
9400
7600
8800
6800
7400
7400
6900
9700
7600
7000
7900
7000
7100
7700
8100
7800
7000
7500
7700
8600
7000
7100
6900
7300
7200
7100
8100
6600
7000
6600
20900
7600
7700
7200
8000
6900
6800
7200
7300
7300
7600
7000
7900
8400
8300
6800
8200
7400
7600
7900
7500
8700
8900
10900
7700
8600
7600
8000
7200
6700
7700
7900
8200
7100
7500
7800
7500
11300
7600
8800
7300
7900
8800
7300
6900
7200
8300
9000
7900
9100
17800
12000
8100
8400
7900
9000
8000
8200
7200
8000
8100
7700
7200
7500
8000
8400
7400
6600
7500
9200
7500
7700
9400
8500
7700
7600
19600
8300
7200
7000
8300
8400
9600
9000
10700
8900
7600
8100
8100
7200
9900
8500
8700
7100
7100
7600
8200
8400
7800
7800
7100
7900
8400
8700
7800
7000
9400
8300
10800
8400
7800
8300
7300
8600
7500
8500
8000
8400
7000
8100
9400
6800
7300
7000
7400
8600
8400
7800
7700
8400
8400
7300
7600
8100
10200
7200
7800
7700
7900
7600
9100
8300
6600
7700
7800
8400
7000
8800
9400
8700
7900
19900
8000
18000
8800
7500
7400
7500
7800
8100
6800
8100
8400
6300
7700
7400
7100
7700
7400
6700
7400
7200
7400
7700
8400
7200
8100
7400
7900
7100
7200
7300
7600
8000
6600
7600
6700
7400
6800
9200
7700
7100
7000
9000
7100
6800
7200
7600
6500
7100
7400
7100
7700
10200
7000
7500
7000
7000
6500
7400
6900
6500
6600
8000
7900
6800
6500
10300
7000
7400
7300
9800
7600
7400
6800
8800
7900
6700
7400
6800
7700
8400
8100
7500
8100
8100
7800
7500
7400
7200
7600
8000
7600
7300
7500
8300
7300
7300
7800
6500
6900
6500
7500
7500
6600
7000
6600
7000
6800
7800
6900
7300
7600
7200
7100
30500
8200
9500
7800
6800
6900
8100
14300
7500
8200
7700
8400
6800
6800
8200
7100
8000
7400
8700
7200
7200
10400
7500
7400
7900
7800
7400
7700
7900
7200
8300
7300
7300
7600
7700
9900
7500
7300
7600
8100
8000
7800
8700
8000
8100
7400
7200
6200
7100
23600
8400
7900
7400
7400
8000
7300
7700
7500
8200
8100
10700
7600
7900
9100
7400
8200
8600
9700
9400
8400
15100
14100
11100
11800
12200
13000
13200
14100
15900
13700
13100
12500
14800
10000
11000
8900
7200
8000
8600
9000
11800
9200
9300
24300
10200
8800
9600
8500
8200
8000
9300
7400
7600
7800
10500
7700
10800
7800
8700
8000
7200
8000
9400
7600
6600
7500
6600
6600
9100
6800
7600
6900
7000
8000
7900
7400
6600
7000
7200
8100
7600
7600
12000
6400
8100
6900
9000
7800
6900
7200
7000
8300
6800
6900
6600
7500
7900
7400
7000
9400
7500
9600
7700
6900
6300
7200
7400
6700
7000
7300
7400
7400
7300
6900
7600
7000
8200
8000
7200
7300
6700
7300
7000
6500
7100
9800
8300
6900
7300
7100
7300
7100
7000
8000
6900
10000
7300
7500
7300
6700
8000
6600
7300
7500
6800
8500
7600
6900
6900
12900
15200
7700
7300
8000
7700
8300
7300
6500
6500
7400
7700
8600
8000
10000
13200
8000
7200
7700
6600
7400
8400
8200
7700
9900
7600
7000
12100
7900
7400
6700
7300
7500
8400
8200
7600
7500
8700
7300
7300
7200
12200
6600
6400
6900
9500
6700
7800
20800
7300
7800
7700
8500
7000
7900
10600
6900
11800
9000
7400
5800
7600
6800
8600
7100
6500
7200
6900
6700
10000
6700
6800
6900
7900
6600
7000
8200
8600
6900
6800
7500
7200
6000
21300
7300
6900
6900
6600
6700
6400
8200
6500
7600
6700
6300
7900
7600
7300
7300
7300
7500
7500
7100
7400
7200
7100
7700
8600
7900
7400
7500
7100
7000
6000
6900
7600
7100
7200
6600
7300
7200
8100
7000
8400
9200
7000
7600
7400
8000
6700
7000
6800
7800
8600
6900
6400
6600
7500
9100
6700
9100
7400
6700
7800
7100
7900
7500
7200
7500
6700
6500
6800
13000
7300
8300
7300
9100
7900
7900
7000
7500
7400
7700
6800
6000
6900
6900
7400
7900
8100
7100
7100
7500
8600
8500
7200
7100
7200
7400
7200
7100
7100
7400
6900
7400
6800
6500
7200
9000
7500
8100
7200
6300
7000
7100
7100
25800
8000
7300
6800
6800
6300
7600
8500
7600
7200
7600
9300
7000
18800
7000
9500
7400
7300
20300
7200
6600
7100
6100
6700
7200
9700
7100
7100
8000
6600
6800
8000
6700
7000
6800
7600
9200
6800
6900
9400
7200
7600
7000
6600
7200
7600
6800
6800
6600
7200
7100
7600
7100
7200
6700
6000
6200
7500
6700
7800
7200
7800
7600
6800
6700
6500
6300
6900
6700
7500
6500
6200
6500
6600
6500
6200
6900
6700
6800
6400
6400
6400
6200
6700
6700
6500
7400
6200
7100
7300
7000
7300
7000
5800
9100
7000
6400
7000
16400
7800
6500
6600
6800
7000
6000
6300
7000
6600
10300
6700
6200
6500
8300
6500
7000
24500
13500
13300
14000
13000
10300
7000
10100
7100
6900
7200
6900
6300
6800
7200
7900
6800
7400
7900
8500
6500
7200
10500
6400
7100
6700
7200
7000
6700
6700
7000
7000
6800
6900
6300
7200
7200
7400
6900
6900
6300
6600
6800
6800
6800
6500
7600
6200
7300
7000
6800
7300
7000
6900
7100
6500
7500
6700
6900
7300
8000
7100
12300
7000
7400
8200
7100
7700
7800
7900
6300
8100
6800
6700
7000
7000
9200
7100
7000
7300
7300
6600
8100
7500
6400
6900
6700
6600
6400
6300
9600
6800
7500
7500
7300
7300
7800
6500
6500
6400
6800
7000
6800
6900
6400
7400
6800
7300
9300
7200
8500
6800
14200
7600
7400
6600
7200
6700
7400
7000
7400
6700
7300
7300
7100
6700
8200
7400
8400
7700
7000
6500
7900
7600
7300
7400
7200
7300
7500
7100
19100
7600
6800
6700
7700
9600
7400
6900
7600
7200
7000
10200
8200
7500
7900
6400
6900
7000
6500
9800
6700
7300
6700
7000
7200
7900
7600
6900
6800
7100
7200
6800
6800
10000
7000
7300
6900
7000
7000
7000
6800
6500
6800
6900
6200
6400
6700
9400
9500
7600
7400
7100
6500
7900
7200
9500
8100
5200
5100
4700
5100
5100
5600
4300
4400
4800
4200
4400
4800
4600
57800
8800
5200
4700
5300
5800
5100
5000
4700
4900
4400
5300
5000
5000
4200
4800
4400
4600
9800
10100
8700
8000
7600
6900
7300
9800
5800
4700
4700
4500
4100
4600
6900
4200
4400
4400
4500
4400
5300
4900
4900
4700
5600
4300
4900
4700
6200
5000
6200
4800
5000
4600
5200
5700
4900
4900
4900
4800
4300
5100
6300
4100
4300
4700
4300
5100
4600
4400
4800
5100
5100
4600
4500
4400
10500
9900
8100
8400
7900
6900
6600
7500
7000
6300
10700
5000
5900
6300
11100
8100
7000
7900
7300
9700
9200
10600
7400
10400
4900
5000
4300
5200
4700
4800
5000
5000
6300
12100
6600
4400
4700
4600
4200
4600
4500
17300
5000
5500
5400
4100
4500
4300
6900
4600
4100
4900
4600
4700
4300
5800
4700
4800
4300
4700
4700
4400
4900
4800
4300
4800
5000
4900
4300
6300
4900
4300
5100
5000
5000
4900
4500
4900
4400
4200
4500
4500
5200
4300
4700
4700
5500
4800
4600
4100
5000
5000
5200
5100
4700
9800
7400
5000
4200
4600
4000
4800
4400
4800
6200
5500
4300
4400
4500
4300
5100
4400
4900
4500
4400
4500
4000
4300
4300
4700
4900
4600
4700
4900
6500
4600
4800
5100
5400
18100
4800
4600
4600
4700
4800
4700
5400
4800
6300
4900
4400
4700
4400
5000
4300
5000
5000
5100
5200
4900
4600
4400
6500
4100
5000
5000
4600
4200
4700
4900
4400
4200
4600
5200
4500
4800
4900
4700
5200
4600
5100
4900
5000
4800
4800
5100
5000
14000
5100
4500
4500
5000
4400
4900
4300
5300
4200
4500
5300
4800
4600
4300
4800
5200
4800
5100
4300
4800
5000
5200
4300
4800
4300
4200
4500
4700
4600
6500
4800
4900
5000
4800
4900
5200
5300
4400
4500
4700
4600
4700
4200
8000
4600
4500
4800
5400
5100
4200
4700
5400
4700
5300
5100
5200
4400
6700
4800
4400
4900
5000
4800
4200
4500
4700
4100
4400
4400
4300
4900
5000
5600
4800
5500
4600
5100
5100
4500
4800
6000
5200
4500
4300
4800
4700
5000
4200
4400
4500
4600
5000
4500
5100
4400
102200
7800
7200
7600
7900
7700
7700
12700
8300
7800
10000
9600
9100
7800
7900
8200
7400
14500
7900
7600
10100
13500
7900
8200
7900
7600
10300
14300
8400
6700
7600
11000
8100
8900
7800
7700
7800
9900
9000
8500
9000
8100
6900
6500
7800
12000
7800
8300
8000
8400
7300
7500
7000
7500
7400
9200
9000
8400
7200
8000
8100
8100
7300
11100
8600
9600
8100
7700
8100
7600
7100
6900
8100
8100
7500
7300
7000
7800
6600
7700
7600
7600
6900
6900
7500
7400
8400
8300
12200
7900
7700
9000
13100
8000
8500
7400
6800
7100
7100
6200
13800
7800
8000
20100
7200
7200
9700
9200
8100
7700
6800
7000
8700
7100
9300
7800
7700
7700
7100
7300
7200
6900
8800
8100
6700
8500
7000
7800
11900
10700
9600
7600
8300
8500
7700
8000
7800
7000
6900
7500
8500
8400
10800
7400
7400
8200
7900
7800
7300
7800
7400
9200
6900
8100
7900
7600
7300
7300
7900
7200
6400
8100
9100
7800
8100
8100
7400
8000
7200
7400
8100
7900
7300
7100
6500
7200
6900
7200
21400
6700
10100
7500
7300
12300
7800
7700
9000
6900
7000
10200
7500
8600
7400
9100
12800
13500
8600
11900
8200
7500
8900
8000
6800
8000
7200
7600
7500
8500
7500
8000
8700
10300
7400
10500
7100
8800
7500
8400
7600
9600
7500
7100
7400
7300
7400
10200
7400
7000
7700
8100
8000
7400
9300
9800
8500
7900
7600
8200
7000
7900
7800
8100
7100
6800
7500
6800
10000
7300
7300
8000
20500
9000
7500
7700
7200
6900
7000
7900
6900
8000
7400
7400
8300
7300
7100
7700
7900
8300
7000
7700
6300
7500
13700
13200
7300
11400
11500
7400
8700
8100
14600
7400
7700
7500
6700
8300
8200
7700
7900
7900
8500
8400
8900
7600
10400
8500
7500
9200
7800
11400
11800
7300
7200
7900
6500
11200
8100
10400
10900
5100
4600
4700
20900
13400
5300
14000
9500
8000
9100
8400
8200
7500
8100
6500
7000
7200
7200
7900
7300
8000
7000
7300
7800
8300
7500
7000
8700
12600
13500
14300
12500
9200
6800
8200
10600
7500
6600
8000
7000
6900
7500
7600
7100
6800
7400
7800
7800
8500
7600
6700
8600
8700
7800
10800
7500
7700
8400
9400
8600
8100
7200
7600
6500
6400
8100
7100
6700
12300
7000
6900
7700
8600
9600
7200
6800
9300
7900
8800
7400
7300
8400
12300
8100
11400
8400
8000
8300
8600
12200
7700
8500
9300
6600
7700
7300
11400
7400
11400
8400
7100
8200
10300
8200
8900
7100
7500
21100
8200
7700
7600
6700
7400
6800
8400
7500
6800
7900
7100
8300
7600
8500
6900
7400
8500
6900
8400
6600
8100
7100
7700
7500
7200
7900
8000
6900
7900
10300
8300
8500
7700
7800
8700
8600
6800
7600
7600
8200
24200
7600
8800
16100
7700
6900
6900
9100
6500
8200
6600
8500
7800
7500
7100
7300
7300
10800
7900
7000
6200
7400
7600
8300
8300
8400
8200
7000
8000
7400
7600
7600
9400
7200
7000
7400
6800
7000
6700
8000
7400
7100
7400
7100
9500
8800
8700
8400
6900
11400
9300
9100
8200
7000
6600
8400
9400
12600
9100
9100
11300
8800
6800
6800
7100
7300
6100
5900
6700
6600
8200
6700
14600
7600
7200
7900
7300
6700
6700
7800
7000
7900
7300
7600
6600
6500
10100
7400
7100
6400
6700
7100
9800
7700
6500
7200
6600
6600
7600
6500
9100
6700
7200
7400
7200
7200
7300
9500
10500
9400
8400
7100
7500
6900
8400
7500
8200
7200
9300
6900
9400
6900
9400
7300
7100
8500
7900
7500
7100
7800
7500
9000
7100
7900
8300
9000
7500
6500
8000
9200
7900
8100
8100
8100
13100
11900
10900
8100
12700
8400
8400
7500
7600
8000
8000
9600
7800
7500
7100
7300
6800
10000
8600
8700
7200
8300
7000
7700
7500
9700
7300
7600
7600
9200
9800
10000
7600
8000
7700
7100
7400
7600
8300
9700
7500
7600
7200
6900
7500
8000
8400
7600
8200
7900
7000
7800
7400
10300
10400
8200
7900
7600
7300
7600
7900
7100
6800
7300
6800
6700
6900
8200
7400
7400
8300
8200
8500
20700
8000
7500
7800
7900
7800
7600
7700
6600
7600
6600
7700
8500
7500
7300
8100
7200
8500
8000
10400
7100
7600
6900
7600
7700
8500
7900
7400
8900
7300
8200
7900
6700
15800
8100
6300
7700
8400
8300
7100
7200
7500
8000
8100
10900
9200
11700
22500
12400
12500
7800
10100
9400
7600
7700
9100
7300
6900
7500
7500
6700
7900
8100
7400
6800
6900
7800
6600
6800
7700
8200
8100
7600
8600
7700
8100
6800
7200
7500
7000
8000
7400
7800
6900
7700
8200
7700
6900
10600
7600
6900
7500
6700
7300
7500
7600
6400
9100
7400
8300
6900
6800
9600
7200
7700
6700
6700
8200
7300
7400
7500
7400
6900
8100
6800
7500
11300
7300
6900
7200
8100
8100
9300
10600
10600
13000
10000
9800
10900
10000
12100
9600
11900
9200
9700
9900
8500
10000
10300
10000
9000
9400
23600
10200
11800
10200
10100
10900
10000
8600
10700
30900
9600
9200
11100
10100
8400
10000
8500
9500
6800
7500
7300
6800
7800
6800
6300
7200
6600
7300
7100
9900
8100
6700
7800
8000
6700
7200
7800
6700
6600
6800
30900
7400
7600
10400
7700
7600
7400
7300
8300
7400
7600
7900
6800
7400
7800
7600
8600
10700
8300
7100
7300
7100
7700
8200
7400
8800
7300
17700
7600
6600
7600
10600
7600
6400
7700
6700
7100
7500
8000
7100
7000
7100
7600
7200
7100
9700
6500
8400
10200
6800
8000
6700
7900
7100
8400
8700
7700
8700
8600
9700
9600
8900
8500
8800
10100
8700
7600
7100
6900
6900
7600
6700
7800
8700
7200
6900
7500
7400
7500
7500
7600
7800
7200
7600
8000
8500
7900
7400
7400
7100
7400
7300
6700
7700
7500
6700
6800
7200
7100
6700
9500
7100
7800
9600
7300
7400
8300
7700
18300
11900
7500
7600
7100
7500
10300
7100
7800
7200
7300
7900
8300
8700
7300
7600
7300
7200
6700
6900
9500
7800
7000
9400
7300
7100
7100
6500
6900
6800
7200
8700
7800
7600
7200
7200
8300
6700
7700
7500
7700
7600
6800
8300
6700
8000
7200
6800
8200
10800
8200
8100
7300
7800
7400
13100
11200
7200
7600
7300
7400
6900
7900
7700
6500
8200
6700
7400
9000
9800
8900
8400
9500
8900
8200
11200
7900
23600
9700
8600
8600
8500
8000
7300
6600
7500
7600
7100
6900
9600
7500
6400
7400
6700
7000
7200
8600
6800
6900
7600
7500
7900
6600
10400
7400
8100
6800
7600
8400
7900
8000
7300
8100
7600
9100
7400
7300
9500
8300
7500
7400
7100
7100
9500
7500
8900
8000
7700
8600
8500
6900
7400
7200
8200
7000
7700
7900
9500
6900
7300
7300
7600
9000
8100
7800
8000
7300
6600
6800
7100
7900
7000
7900
7500
7500
7800
24000
10000
11200
7700
7400
6500
7300
8300
7500
8100
11100
9400
7400
7600
7900
7600
11000
7100
7900
7700
8800
8100
7700
7700
7500
7600
7800
7300
8000
7500
9700
7300
9700
7800
7400
8000
7500
8400
8500
8700
9000
7200
7500
7200
7500
7800
7400
7800
7900
7200
8700
7900
8300
7700
7400
8700
8100
8400
6900
8200
8400
8000
8200
9700
8800
8200
8600
8200
8500
8400
7900
6200
8000
19100
9100
8800
8700
8100
7800
8500
8000
8400
8000
8400
11900
10300
8200
8000
12300
8000
8400
8900
8300
8100
8200
8600
7100
7500
9000
10400
8400
12300
8500
8100
8500
7700
7400
8000
7200
7100
7500
8100
8100
9800
8000
7400
8500
9100
8300
9400
9100
9900
8400
10100
7800
7300
8000
9000
8200
8000
7400
8600
8800
8600
7600
7700
9400
8200
7900
8000
7500
6500
55600
9900
7900
7400
8300
8000
8300
8700
10500
8600
7400
6800
9600
7700
7400
9200
8600
8400
8300
8500
8400
8600
7300
8500
8400
7000
11100
7700
8700
9200
7800
7600
7200
6200
7500
7300
7400
7300
7200
7700
11000
7200
6800
6800
7300
7600
7100
6900
6400
7900
7400
7300
8500
7000
11000
7800
7300
6800
7400
6800
12500
7700
7500
7300
7400
8300
8300
7900
11600
7200
6500
7500
7500
7500
35500
11300
9900
8600
8700
7200
7800
8200
8500
7200
7700
7000
7100
7400
8500
7300
7300
7000
7600
7100
7300
6800
7300
7400
8900
7500
7200
7000
6700
7600
8400
8400
9900
8300
8200
11200
7600
9000
8600
9000
8000
7700
7800
7300
7500
8100
8400
6800
6600
10900
7600
7800
8000
7800
7900
9800
8000
8600
6900
8200
8600
10200
7400
8200
7200
7400
8200
7100
7400
8400
7800
6900
8600
8700
9100
7600
8400
7100
7300
7300
7400
7800
7600
8200
7300
11600
7800
7500
7200
8100
7900
8100
7800
7400
7500
7100
7400
7400
7000
7700
8500
8700
13300
9300
8700
23000
8000
8400
7800
7800
7100
7800
7200
7200
8100
7100
10900
7800
6700
7900
7100
8000
7400
6600
7200
7300
7100
7900
7800
7500
9500
6900
6900
7900
6900
6400
6900
7500
6600
7400
7400
7800
8600
7600
9500
7600
6400
8000
8000
8000
7300
22000
8900
8600
8000
8300
7300
7300
7300
7600
15300
8400
7300
7800
9300
13100
10600
9200
9200
10800
12900
8600
7300
8000
11700
10600
11200
10000
10000
8900
8800
9500
8100
8500
7100
12100
8800
6800
7800
8100
7100
7800
8200
7600
8700
7300
8400
7000
8000
10000
7200
6700
7900
7400
7900
7900
10500
16100
12400
5600
4800
5200
5000
7700
5700
5200
5300
7500
8400
22800
10900
9000
8900
8300
9700
8100
11800
11600
9400
8200
6800
7500
9100
6200
7000
5000
6300
5200
5400
5200
4900
6100
5800
5600
6100
4700
5100
5100
5300
4900
5300
4800
5300
4800
4900
5100
5100
5000
5500
4900
5400
4800
5200
5800
5200
6200
5600
5400
4600
5100
5700
5100
5400
4400
4800
5500
4700
6000
4700
4800
5600
4800
8200
4900
5300
5300
5500
5000
5100
4300
4800
5600
5300
4900
4900
5800
6700
5100
4400
5300
4800
4300
5600
4400
4500
4900
6000
5400
6700
5300
7100
5100
4800
4500
4600
5200
5200
5000
4800
5100
5000
6900
11500
28900
18200
9300
13700
6100
5400
7100
10800
28200
12500
15500
9900
12400
14400
11700
30200
20900
13800
10200
10300
29300
12400
9300
8300
9000
7500
9400
7900
9400
7800
8800
7300
9200
7300
7100
8300
8000
8300
8100
8500
7900
8000
11600
7600
7500
7700
7600
8900
8700
8500
8500
8700
9600
10500
7300
7700
10400
7600
8300
8000
8700
8100
7100
7000
7300
7500
7000
6900
6800
7200
10700
17100
7700
6800
7600
7200
7400
9200
8900
9000
9000
10000
9700
9300
8000
8600
7200
35800
8100
7000
8300
7400
7500
7900
7000
7500
7500
7300
8000
7100
8200
8400
7800
7300
7300
6600
8000
7700
7100
7200
7800
7200
7700
7500
8000
8400
7500
7100
8700
7600
8700
8700
8200
8500
7900
9500
7700
6400
8500
7400
11500
7500
4900
5200
4700
4300
5400
5100
4700
7600
5000
4900
5200
5300
5400
5200
5400
5800
5100
5200
5200
4300
5100
6800
4600
5100
4900
4800
5400
4200
4500
5500
5000
5700
4900
4900
5500
5200
4800
5200
6000
5300
4800
5100
5200
5100
4900
5400
5300
17200
5300
4800
5100
5100
5200
4900
4300
5300
5400
6300
6300
4600
4400
4600
5200
5000
14100
6200
5500
5600
4800
4800
5300
5500
5000
5300
4600
4400
6700
4700
5000
4900
4800
6700
6000
4900
5200
5200
4800
4500
4900
5900
6700
5300
4800
4900
5000
4600
4400
4300
4300
5600
4700
4600
4800
4200
6800
4700
4800
4500
5100
5600
4800
4700
4500
4700
5300
5200
4800
4800
7300
4700
5300
5600
5100
4800
4500
5200
5200
5300
5200
4500
5400
5500
5100
5400
4700
5000
5100
4800
4900
5100
5700
5100
4500
4900
4900
4400
5000
5600
4900
4900
5200
4800
4900
4600
5000
4200
5300
4200
5500
7300
4800
5500
6200
5100
4900
5400
4900
4700
5200
5300
16000
5400
4700
6700
5400
5400
4800
5000
5400
5300
5100
6100
13300
11700
9000
11500
13500
19700
9200
6900
6600
8500
6900
7100
7500
7300
7700
7100
7000
6200
7100
9300
7400
8000
8900
8800
7300
7600
7400
9400
9200
7600
7200
7500
7500
7900
6200
7000
7800
6400
6800
6900
7500
6800
7500
20800
6700
6500
7100
6400
6700
7400
8400
6100
7800
7100
6300
6500
7800
8400
8100
6200
20000
6800
6800
6600
7600
6600
6000
8000
8500
8100
8300
9100
8600
8400
12500
9100
8100
7600
8900
9500
8200
9100
8900
9200
8500
9200
8700
9100
11200
7400
9400
8500
11800
8000
9000
10000
9100
8900
8600
8700
8500
7600
12000
9800
8600
7700
8600
9800
10200
9700
9400
8900
8400
8000
8900
9300
8600
8700
9000
9800
8800
8900
9400
24300
8900
16600
9500
9100
8700
10400
9700
10600
10600
9300
8500
8400
10100
9800
12400
8600
10400
9200
8800
9900
9100
9000
8100
9300
10400
8900
9400
9600
8800
10200
10500
10200
8900
11000
12700
10500
8700
8200
10000
8900
10500
9300
8200
10300
9100
8700
8300
12700
9000
9400
8900
8400
8400
9300
24700
10100
10500
9200
11100
9500
9800
12700
9500
10500
8200
9700
7600
7300
7200
7000
8300
8200
7300
7300
7200
7600
7700
6000
6000
6900
7500
8800
7400
7200
7500
9100
7500
8200
8700
7600
7200
7900
35800
9200
7500
8000
8100
7500
6900
7200
7500
7600
7700
7100
7600
7800
20600
8000
8200
7100
7200
7800
7000
8100
7900
7700
9800
7600
6600
7800
7700
22900
8400
8600
8100
8400
7700
8000
8100
7200
8000
10800
7000
6800
7000
8300
9100
8000
7900
7400
7600
7400
10800
8200
8400
7600
8000
8000
7500
7700
8400
6900
7900
7900
8400
8100
10500
7500
7900
7300
8500
7200
7000
7600
8400
7300
7500
7500
7500
7900
9800
8300
7300
7900
8700
7200
8000
8100
7500
7400
7900
7000
7800
9400
9400
8800
7700
7500
7700
7600
22100
7600
17400
6800
8300
7000
8000
11900
7400
6500
6900
8000
7200
6700
7100
7300
7400
7900
7500
6500
7000
9400
20900
7100
6500
6500
6600
6500
6500
6000
6900
6500
6200
7500
6800
9300
7900
8200
6800
6500
7100
6400
7300
6200
7100
7200
6700
7500
6900
9700
6700
6400
6300
7000
6300
7500
6800
7400
6200
7100
7600
7200
7200
7600
7000
6900
8500
7800
7600
8700
7700
8600
6500
15700
10400
7000
7800
9500
6900
6700
7300
7100
8100
6900
8500
7600
8000
6200
6900
6600
7000
7400
6800
6800
8000
7500
8400
12000
9100
8100
7300
6800
6300
7800
11800
10600
13400
5400
5800
6500
5300
5100
5500
18300
5300
4500
5200
5500
10700
9800
11100
8500
5200
6100
11600
7900
6800
9300
8000
8100
7600
8000
11300
8500
7700
7100
7700
6900
8800
7200
7500
9100
7600
7600
7800
6400
7300
7600
6800
21800
8000
7600
6800
7700
6900
7700
7800
7900
7900
7400
8100
8800
9000
7200
7300
7700
7000
7800
8100
7500
7200
8500
7700
8800
7900
7500
8700
6700
7600
7000
7000
7900
7100
7300
7200
7500
6900
10400
7800
7200
8200
6900
7500
7400
7800
8500
8500
7600
8000
7500
7100
10400
7200
7900
8800
8900
8100
8500
7300
7700
7100
7400
6700
7200
9000
11100
7200
7700
7400
16100
12400
19100
7100
6800
9100
7600
6800
6600
7200
7500
8000
8500
7100
6700
7600
7200
7100
6900
8100
7500
7400
8300
8000
8600
7500
7600
7000
8000
7000
28400
10200
7300
7700
7500
7200
7100
6800
7500
8000
7800
7100
7900
7000
8200
7300
7900
7700
7600
7200
7400
10200
7700
7100
6600
7700
7900
6900
6500
7000
7600
8900
7400
6700
7700
9700
7000
7200
8100
7400
7100
10800
7800
21800
12400
9300
7900
10100
8200
10700
7600
7900
7600
8000
6800
6600
7700
6900
6800
9700
6900
6600
6600
7000
6400
6700
7200
7300
7300
6100
9800
6600
8200
7700
7300
28700
8700
9500
7200
7500
7400
6900
8000
7800
7100
6600
7500
10900
8400
10400
8900
8100
6800
7500
7700
7900
7300
7300
7000
7800
7800
8200
8800
7500
10800
9600
7000
7000
8100
7700
9000
7600
7200
21400
8700
8400
9000
7600
11000
9000
7100
7200
7900
7800
7400
7100
7300
8000
7500
8000
11800
8600
10600
7400
8400
7000
8000
7900
7800
8100
7200
8200
8700
7500
7200
7900
9400
8200
7200
7600
8400
8400
8400
7800
7700
6800
7500
6300
7900
7100
7600
6700
7800
6700
7500
10600
8100
8200
8500
7000
8300
8300
7700
7900
7200
6800
7900
8000
7900
29800
9100
9100
15100
9400
7900
8200
8600
11700
8500
7700
8400
6900
7700
7600
8700
8400
7300
7900
7800
7600
9600
10700
9200
8800
8500
8100
7800
7700
7300
8500
7300
7800
7700
6800
8800
12100
8200
8000
7500
6500
8000
7100
6700
8300
8300
8800
6700
7700
8700
11000
7800
7500
8300
7800
8300
8000
10100
16400
9600
6900
7000
7500
7200
8100
8500
10400
10600
10200
5500
5000
4900
5600
5100
4700
5000
5000
5800
4900
5400
4600
5500
4700
5800
5700
4600
5600
6000
5700
5000
4900
6700
4800
5100
4900
5100
4600
5100
5000
5000
5500
4800

224500
15800
8900
8200
8100
6400
10100
7000
7100
8400
6500
6200
6700
7400
6800
6400
6800
7000
7500
7200
9600
12200
26200
13500
15600
12700
8400
8800
9700
8000
6800
7300
7600
7500
7200
7100
6600
10800
6800
7100
6800
7300
6900
9800
18800
9800
7300
7900
7600
19100
14900
13700
12000
13300
10300
10700
11200
14800
14100
12300
29400
17400
13100
13200
58700
20500
13700
12500
49400
11700
13300
10900
11900
11800
10600
10800
12300
10900
10000
11000
13400
14100
11700
15500
12300
10900
11400
11400
12200
27100
15900
15100
13300
10600
11700
10600
32900
12700
45400
20900

252100
30600
19900
17500
12700
13900
25000
19500
20600
18000
12100
13200
15500
21700
13500
17600
24800
14000
12700
14200
11400
12800
23900
13300
19000
16100
13600
13700
11000
11700
13200
19700
12300
10700
11500
11500
11500
12500
10500
13100
11600
26800
13600
12500
23800
12400
9900
13700
12300
11600
9300
12000
11700
24500
12900
11900
12800
11500
11100
11100
10100
9800
9600
14400
13200
26100
8400
8400
21800
13700
13200
11700
12400
14100
17700
12100
30300
15800
21700
19200
29100
9300
8200
15400
20100
15200
8700
16800
7700
6800
5600
5800
6700
8100
13000
18800
13300
13000
14100
10400
19300
13800
10900
22600
8500
9000
18500
7200
5600
5200
9000
22900
37100
17800
11300
12100
10500
11800
12500
12500
10500
11000
10800
11900
9800
12200
12000
12100
10200
16000
10900
10300
19100
11300
9200
9700
8900
9200
9300
11000
12300
12000
11400
14700
12200
81700
85300
18300
17300
10600
16600
12100
11300
11200
15200
10600
8400
18100
14500
13100
10700
72100
16400
12400
12200
11400
11600
176200
11900
9800
10600
9000
13800
11900
11500
12100
12500
11300
11100
12700
10600
10100
13200
14100
13900
9700
12200
14600
26300
143900
29600
33800
14800
12300
14100
45100
59900
15900
18600
11500
11600
11500
10900
8400
8900
8500
10400
8800
8500
9600
12100
8300
11500
9300
9800
8400
9700
8800
18200
16900
22500
34400
13800
8500
10200
8900
9200
7900
9500
15300
9100
8500
8000
8800
8200
8400
8300
10700
8700
7100
7300
8000
8700
7800
7900
9800
8000
8400
9100
9100
9400
11200
9300
8100
12400
20600
10900
8200
7900
8400
14400
8500
8600
9500
8800
9200
10900
7800
8600
8500
7800
9900
8700
10300
19500
13600
13900
8900
10000
8100
10200
9700
8700
7400
9800
9800
7900
8600
11600
7900
8000
10800
8300
20000
9300
8500
10500
7400
9800
10500
8000
8900
8600
9400
9100
8600
8500
10200
8400
8700
9300
7600
23300
9100
8900
9600
12400
9400
12100
11400
11900
10500
29000
14300
13000
15000
13300
12200
12500
11300
13400
12900
11000
11000
10800
13900
11000
11700
11300
13600
14800
13100
24500
10000
12000
13000
61800
10900
9600
8900
8100
6700
8200
10700
9600
8000
6700
8900
11000
8900
9300
7000
9500
8300
7700
8200
9600
9000
10800
8300
8900
8400
7900
8300
7400
8500
10000
7400
8800
7400
8000
8000
7000
10700
9900
201500
10700
10800
9200
9100
8800
9300
12100
12800
9900
9100
8300
7300
9300
7500
9300
13300
10200
8600
11300
8400
7800
9000
8500
10700
9500
8800
10200
10100
8400
13600
15600
9800
12000
10200
13800
10600
8600
8400
9500
8600
10300
8400
7600
10500
9100
8200
9900
7200
7800
7600
8400
7300
7100
7400
8300
7600
8300
10900
9000
10400
12400
10600
9200
9100
8600
11400
8800
12100
10100
9500
9700
7900
12200
10300
11900
8700
8000
12700
7900
9200
8800
9700
8800
7900
7200
8100
9400
9600
13800
7800
8500
12600
8400
8300
8300
9400
9900
9300
9300
9500
8700
9800
8100
8700
10100
7900
7900
9400
7700
9500
7800
7800
10400
8600
7400
8300
10400
8300
9800
10000
7700
9000
13000
7500
7800
8500
9900
8600
8700
7500
9000
7800
7600
9400
8800
7400
7500
7200
9200
9700
8500
7300
10300
7400
9400
7400
7500
7500
7500
7300
8300
6800
7100
15100
8600
7500
8100
9500
10900
7500
12100
8900
7500
7900
7300
6600
7700
8100
11500
6900
11000
8700
9600
7600
8300
8300
8200
8500
7400
7600
8500
7600
7900
8500
11600
8200
9100
8400
7800
8600
11700
8200
8800
7800
7200
8100
7900
9100
8700
8500
7700
19100
7900
9500
9500
9000
11100
7700
6800
20500
6700
7200
8800
9700
7300
10500
7700
10100
7900
8400
12200
10000
8500
9200
8100
8900
7200
9300
14100
6300
5800
7300
6200
6200
6000
4700
5700
6100
5500
5500
4900
4700
5900
6200
5500
6200
4700
5200
5900
5500
6200
5500
4700
7400
11800
6200
6000
5900
4500
6100
5500
5400
7100
7100
5800
5600
4600
5500
5500
5400
5900
6000
15800
5300
5900
7400
5500
5700
5500
5400
5000
5400
5400
5300
5300
5400
6100
5500
5500
6200
5300
5600
5700
8200
5300
6000
4900
5600
7400
4800
6500
6800
5200
5600
6400
4800
5000
4900
6700
6000
7300
8300
8300
7900
8200
9100
13100
7800
12200
12500
11800
10100
6900
7900
12200
8200
8400
8300
8300
7300
7300
7300
10700
7500
9100
9500
9000
9800
6900
7700
8300
8500
8600
7100
9600
6800
13300
7300
7400
7900
8100
8700
9100
7500
8300
10500
8200
8500
8100
8100
11000
8700
10100
9500
8500
9500
7300
10500
8400
8800
7500
7000
11000
11500
8800
8900
8100
8400
7800
7600
8000
7900
7600
6700
8300
7300
13100
6700
8200
7600
8100
6600
7300
7800
9000
7800
8000
10100
8700
8000
8600
7100
8500
9700
8900
8900
7700
9000
8600
7800
6600
7400
8500
9300
7300
6800
9200
11400
8100
7900
8100
9200
9500
8400
6900
6500
7500
9300
7800
6800
8200
8300
7300
7500
14100
10600
8800
10400
75700
9400
7600
5700
7300
5300
5600
5800
5800
6800
9400
5500
4800
6800
5200
6100
6700
4900
5900
5700
15700
6000
5000
5500
6000
5100
6800
5800
6000
5800
4900
5200
5000
5400
5300
5600
5800
5500
5200
4800
5900
21800
6900
6100
5300
5300
6100
5300
5100
5700
5300
6400
6600
5600
5600
5800
5700
5100
5400
4700
6200
6600
4900
5000
5800
5300
5900
6000
6500
6300
4600
7800
7000
5300
5700
6200
6100
5700
5800
5100
5500
6100
5800
6000
6700
5200
6700
5300
6100
7100
5600
4400
5400
7200
5400
6000
6200
4800
5000
6700
6100
5300
7000
8200
5300
6500
6400
4900
5900
6600
4400
5500
5200
6000
5600
5500
5300
6200
5900
6700
5000
7000
7000
5300
5200
6100
5400
6000
7700
5700
6000
4400
4800
5600
9100
5200
5400
5500
5700
5300
5700
6600
8200
7900
7100
13900
15200
13100
12300
8900
5800
5100
13300
12000
11500
11200
9900
10400
14400
10200
7900
20400
6400
5300
4800
8800
5800
6400
5600
4700
5300
6000
5500
5500
6200
4800
