3500
1865419269
2083619087
359681389
643138078
1682903841
782444555
1079729047
1191184646
207735185
867917903
1453742916
2050465467
1255224786
129739236
620332192
107191480
916950904
76806663
131548953
693069344
102149759
343807542
1458544132
917981269
788694602
1267742932
883945788
821633579
101230473
1156054471
169376020
1100600594
2073938646
858691132
251670108
477134132
284844579
1800881424
990920555
23621924
1018115093
1268327140
1541410583
1038813965
953875760
1069886256
1354414756
1075984373
454695662
1194954493
347547713
56938674
543767992
1205031553
1273732333
1446885826
1163141794
610218263
2024135377
933153782
350836439
2083178701
1370540008
1240499246
252444792
746000246
1792056279
533691407
551334386
598543988
2092864995
1869130235
1746027428
1364584284
437075024
109406544
1547417212
2096570207
41820467
712526532
2130976208
286536942
242364834
1681632505
1588695553
1857452671
1480428567
305339329
70789822
687619053
1497881951
1981839757
1482293374
391129576
620906739
1459482333
560805887
659142
1138480400
864920287
1971393358
878299810
1820156525
1804614494
1522208118
1367185247
2041981470
850601294
1373960908
2053412086
2141307756
292005193
759510330
1073651283
1253094037
754167583
1610206401
362439798
1599897263
153978472
1613742948
433247147
1097879604
1936926526
1219448254
732741503
1575950108
1200518451
475405892
916838019
1790982441
1146565994
1748547513
1469439892
1802225639
788778317
2135148146
2002992437
1246707602
289000291
743867200
934001121
433310821
1863268286
2112822793
279092450
424614313
1733143407
950152979
1183122968
89630673
1231565288
196489701
1747292714
192260638
1236594881
1432094630
1462781756
1832480183
496736137
438141163
1843906748
1994409787
1854511187
1295708185
758961045
1775307148
1000155219
634438620
2034303739
1532560338
1863845809
2126391561
1226169395
1278379843
499847641
627422603
1385767693
1702753947
466326999
92346820
556758465
1408653984
1256420986
1314970504
841888208
709526139
1145901750
1120139
545628090
128165818
1080817073
1157385425
476866375
2005048929
1683181416
382020998
1659718811
473729685
1712010316
1798339277
609759961
897588713
1168483926
135783761
1203202621
2020368219
710173745
595523854
1015694019
1994520598
1204847234
520293964
321251714
2144864867
159697944
2080326965
1597869208
1922928688
504097018
400393824
1999816366
1930444897
1588809754
1445826280
1978619061
1156709895
1943273175
406520159
2083066022
1353043403
2146564466
1073447002
152123112
1941787914
145986352
2119028992
1636823487
1138745189
1172405887
1386415451
1615670877
1387523415
1942005195
1816833440
803714993
1301563946
1060555484
196809751
1541119122
66693774
1598746515
340688224
1404623504
1939985094
1890748092
890139829
1869304540
1906132197
758934227
1766202505
980747810
1670149820
571121644
263489980
1192991096
1014337642
346806975
2035819906
162144622
347845371
1480970582
384571303
1057503123
1021363614
1763791754
1448130783
688346629
383438063
1040788171
1329073442
1978104825
1374013620
1544340213
277824915
2008291669
1490754093
1515690374
910052120
1664762871
1530360390
686716786
1760972850
628699927
1427654692
373518251
132672541
2039350346
1520031514
1018276032
2120039386
1211877105
790537418
840035433
759598409
2102448376
1495896032
146341877
1526993227
1716149010
1871930874
1783678047
1236538870
1488413917
1292173735
1377640163
1720272928
1308352797
717156707
761112826
2059304732
1429547546
1540859216
1839016099
1625394561
857783709
2117674339
1642057971
2135825502
1124483524
1992773677
2025933216
718376173
717607071
1916248156
1588822072
445702951
927698016
1816361837
1085226810
1080670185
1036614811
1795033136
1422364518
656880435
691581265
741772421
657514426
1778650672
1791143942
1995461576
191689967
1863491089
1456744266
454630676
1986831078
1212409222
263842776
1707544993
1872251875
2095493068
2043231218
1885815495
869280156
2140647988
1412713541
895856761
378887308
985380475
1959533577
1022875475
581748083
1740426702
1276154107
13813535
1957471325
1399032326
1108335523
1437974663
1191575945
1137000650
733357099
1037196411
674946491
1784698123
189693439
2134587596
1494362627
656378268
102114241
899821523
1505396872
1595759510
1944255738
1456412171
971822156
1277191311
754870394
1163395139
1363112364
1877591115
1031098900
356782730
435906197
1083085868
1816038945
308401532
31734520
825581556
263749111
1748636910
562274415
1823516960
2015296481
2141734507
1806295874
1838117129
1270517734
1044477823
200548985
425511563
128576466
1339212589
1414090554
585594067
1934012130
39866654
1180628565
965377319
860255024
19782433
2004275146
1905256933
1289298109
1668922476
1101403913
1541827597
1344637559
263423598
1863822196
1904417197
212161071
1679237228
1222244507
1223176290
553719050
1773497597
870950392
40492905
1798168475
252934215
1279922148
1911167416
1420618201
61419222
924616641
1256484967
837721076
1302895368
835148702
1975711059
1794759287
395750451
895330031
999629890
1721276865
2069791739
1519971027
526505655
946518946
1017662831
64319024
174931123
1566585499
1952225924
799172063
1659625402
1631284734
593316618
932636054
985378103
450694876
2057108069
607950560
2111572025
1144644633
1658713545
671169152
1719526365
234630715
1853995780
1077932118
2124735979
1844522054
1676803624
1821591341
494047409
1250160557
2001483866
1640044025
408188206
1285978201
370720072
380705511
1315859894
212474160
1475762756
117400800
1186586642
2108171411
994278384
131826322
1332938620
1849417669
1290656962
285571933
1737311986
745455758
917617474
1691979656
956793852
1440214992
1865521203
259768440
219777082
470816551
1802468516
1179918501
1767074829
1220179053
961595562
1177349305
1860700300
327431775
1458932039
1734568510
595292714
1738219614
1791776436
1018990963
2096003734
87848727
879475368
848198853
1606433591
2132620484
643440327
1225761101
968795961
1787594104
353190534
767348471
14624264
877759180
1200241077
619116639
540554590
1801808110
2049897060
1704575907
1127551899
1976212015
206455828
1059840770
2034004504
182619074
493323366
418001877
1512255257
2042790340
1323476706
426682279
635705493
824755102
861528676
72610957
1345697239
835915743
748281712
571936045
45554211
186079511
362901116
1326932182
1586282255
1019201890
369739412
466019327
677799541
1481314269
1616923384
960159828
268895339
2127688449
1696258478
1114541400
1854386887
1609772773
804233716
1269329910
615426466
692492308
897155645
2123596716
886260460
1694009431
1261563475
1790781930
1239942225
424579855
1542020571
390652609
392409342
301367645
654787154
1271582029
1541563485
388011458
2029684204
1935273826
1383576677
1971722728
1331925233
1846232728
80403395
496840994
1134614663
438738814
976612291
1197143506
1653011692
1468413694
776013503
1929698570
1210924949
1152524717
1257415446
1320313671
1792538958
1986559243
1502467004
2067792004
2015951106
1868785264
1987550342
1653892159
65003839
659406001
320621263
1278802432
127065861
2096604952
1926092982
476493156
1458106318
16508546
1437882038
751314611
872329193
455536009
1862884895
1968297620
465481872
638632065
1375177718
1186065140
840324643
964337096
848757204
653791946
1779449554
2099342816
782233919
1949743756
503132227
47578191
1267478068
1207863360
1207209557
1338767070
1979762652
833953837
1796561124
1781577378
276343893
1021849663
34648736
1899679865
88691267
1541260695
1873211098
2063821852
1513778000
901965654
2044733383
748315993
1913232873
49904587
1223253275
1038496821
2052278395
287732930
916396503
1543544049
2054769213
1002521374
1945019041
568404038
306239202
486904640
626437272
675701765
889212991
1984451147
401644194
2062477994
274081874
1305540802
344671386
307442800
1401015217
58204214
511722613
1177628330
915903501
611081774
403492339
106601731
1860747836
295594474
1444350852
72827093
806912023
460687206
560530782
1502333409
1870064495
143473724
2072645442
448171700
1499146212
341658526
964673344
850594891
1180006721
1305279189
652176229
1268068108
3302872
1557306645
1740189841
2119000719
1290264578
425748582
939884533
1982228929
2141551031
83857744
1935554073
781058038
1046519188
597339940
2146187416
1857634275
1012257189
1595435201
1267899540
668325177
1612186118
344418344
41964866
1603859331
635884104
549230399
40987036
1511856102
220526624
1030005636
1309192803
1126141972
31956478
1051314991
1741365751
667863804
2042088549
1152315524
73764959
662335901
1690230063
994113220
1879446311
1519797812
582415656
222258687
1387387727
211865014
1561888425
1079858967
866163412
111066842
2115885932
1090234648
868643797
1291598648
1985324884
2096987191
1943367269
1556401911
547201541
127399588
2048882362
558053783
1451108844
1597919567
820110250
205127128
754970098
300624593
1034126556
1879423458
1546952649
1663575240
2121152658
1947879413
30125690
1112852540
1775045322
963356223
1093404663
1322102889
1654119161
91465461
967566495
1521811711
1219856920
262498681
1704957916
1413292197
740143383
1447008620
857238486
947306126
126017394
747534314
156009214
834870650
1278107903
97430326
1942012364
1194043665
1354140791
1426183937
1450033842
150983040
1616419138
858127681
1547226671
1916416007
954138229
1516283260
1127866068
1162736369
958224429
1708051887
1080535710
2115867175
1512756989
717922955
1851962671
167496424
1235498124
1771569036
423127749
1371006222
459158444
8959778
991379923
1087782338
219260166
1036624712
604824883
1479941531
1051326052
1630108961
285697749
25547515
234834022
1481277003
1685223868
1141249962
1961168157
1020250027
1156166714
708689111
1553346001
490181389
479779443
459185811
1369946541
506669740
1308831867
574415114
1607146536
191736174
1896535082
383349831
482925207
2077393785
221323238
1587601560
238869214
1048892933
204018962
2057263726
498938317
1524138100
167038320
1644896055
993294641
113115907
904328688
849746223
492350946
338831621
704729436
261606393
1145542323
2002941820
1950957970
444631140
2054271361
743925246
130767533
1235675404
203205351
1813339950
1764162760
2034276008
1306942254
1313179883
748353132
1962365888
1322339725
630674408
1101803197
1508594125
981716424
439080142
312432524
412339328
2088926910
1048306649
740206665
150924996
625965089
407504262
1938071363
1930559154
1719070223
1481710266
1751436531
529191373
850550167
1082185843
134980895
2107869500
728450034
28903710
667834900
609850891
84303065
655659905
2099494492
1970865556
1870686310
1979010208
278867738
1806505408
1493531035
2132905579
50759292
603394293
206294009
1986304160
1507595702
2114744968
1016799984
1128446327
2060822337
1044206388
92909331
510803209
333023649
1856249066
1016560827
1961502277
1731895504
1417643891
787573318
846704352
1376551141
699915406
96773754
48992183
1686671520
1773175848
262911595
168825004
178074468
1671878759
366871580
129556892
216005417
1811890846
803927091
1448982952
540795740
1895931497
954828126
802209989
1288999546
1722148697
488993993
616677028
716678399
1882336193
796061258
954143669
1293221568
1703594517
292667698
512063786
852960919
1295381638
2049515335
437225802
898934470
590577051
1250222759
636882924
905148614
1206512649
1734171747
101851700
783775426
965334948
1020439169
292683529
1708447295
1164479704
518297180
391231454
620734922
770898290
1867512434
1692966825
961637295
1425662089
148549998
383550641
1941803122
1362646792
1817643982
172732345
36577284
1897236430
197643842
1853795489
994138501
197312494
1412282465
695392949
1556175959
620151439
1051169250
1989067910
1192155795
1319593523
1034797629
1609646318
1842860963
1598191574
1263693100
1877760627
143873659
34006922
831462148
962396188
56314692
1514093947
1573446957
447774051
1256015488
1765692576
752102706
1753791191
1278960305
572481731
484498140
2047886765
1674977890
359283012
920134307
1647255798
2081971035
1641868880
1221907361
1978752172
1199449996
515613794
931081745
428898132
1328537791
1059567938
1010123037
716211434
27926945
2099195900
1510527433
1065492541
51106007
770008172
733726908
1469719051
985870982
2025195779
1761880144
74457738
2020803427
1136879968
562072549
2090123428
201890370
1252063242
803613885
2110829264
1394348688
878387511
1343320260
1467850443
131301061
647850053
247595372
1871297122
195175018
1046989708
2045470981
297218924
2052895866
99905651
212023731
1506303997
138127688
1921947593
1238743828
241809051
126125418
742119947
1426727075
1271566079
1890793336
1547217905
413091969
1777707437
1780251224
2120821251
755630433
471498902
304234341
889138552
1019074622
1528323815
959652238
1689692199
210333566
1186742873
1189993989
1797867734
542071893
1178763753
937547745
265971556
673484303
1372405641
2005246409
1673279877
2046638972
1939906393
1411158105
437210676
1479629081
957728883
1751405540
10310244
625055748
2018880720
419666834
477109639
1768287246
17603119
701677328
323355985
915315010
57119044
2033676493
1898215915
60869402
835479357
502036632
76147485
131576316
1591586010
1974367570
2061497089
1934830052
444292905
694593452
435080136
436005104
361848924
1166853210
1781730128
1108161709
1571075786
1134087619
1628874491
1201152404
1311807055
1132328789
422461624
715937732
1728327622
977768057
1773910693
1705796360
200428002
84995520
903287797
363562884
188981554
498169637
381586559
246882539
628953067
546674104
334434604
1779796055
841645817
1767753719
1858465986
1956872880
1652530609
1174188703
512546700
530134728
197091910
506280550
1961956282
908045305
1350259208
1866049168
34021744
507498456
1893437827
573360837
840662999
1406403756
2134949129
212220348
1186057277
407189507
800098392
1521123096
926099227
33325198
1973299058
837313085
887939116
714228890
616529632
353120175
18901685
853796804
1321212812
1742343235
2063964488
811139685
549647121
1927827149
1186996939
1455496849
281275517
1743970966
761884207
1448279838
1007300516
769700132
1500489422
1836477733
1828470434
632558987
1504385190
438407068
1472648406
666850643
1621808394
649250810
979865523
714482664
81370648
38803841
768368438
1532308499
1497111379
1828001684
450412030
1761124977
229201491
2071485093
1866576192
1654317103
1618902606
1475444875
1532072290
1251214422
183432406
1728622763
314874436
1720950484
1949409725
584625109
1074741995
1592615548
1592561600
137126232
310337192
1836179200
1868550312
1661013563
214500502
776750048
1475389725
458613408
2058371077
461253176
752223542
1534210269
966822192
1437754960
1455895794
82518693
1227031798
457171868
1471017083
1775368397
1698991454
810910955
326935455
596889579
1042055530
23597220
308937413
691269514
885349915
1931157867
955443093
1923719277
1597513269
553525588
1025733598
122325582
1906008607
1050037138
801668887
1229626063
213344617
1682880279
1128942103
679113435
1449107798
1275554040
286358348
579689913
700675658
1595698708
2037867326
391106209
448154595
2044591522
1499629672
2069325782
2015409439
1855104026
869301307
1540720551
1860912175
473723876
346945045
1918197749
1741957975
1534738769
1568553181
927896508
935372005
368960431
1534246501
1989500219
993731479
321945622
2041850954
1624325318
2062502475
1589500782
431853410
1900228284
1355107
736081091
382394598
1061447976
215570875
979511195
947638727
1996923771
2113742254
142218739
1542184902
1027531566
804178271
111581880
1637921136
763613958
1524350584
284591161
2043656636
1934139694
1984161955
590009752
932980020
830301436
1438779029
323965481
1728974317
83758523
1440344221
411176685
2024011655
1780013242
415068751
29560060
1887409008
764759961
1663641
1120197598
642698649
1438961183
1109058340
1658274705
1177690135
407212379
754901393
1680144178
1778462654
2101431542
1704734539
1738362622
1299099804
1091586580
712599977
604179027
246190470
1498025289
1713351309
1018763911
542208307
980190428
544931865
520516749
140532143
392347434
674868552
1252649897
1131660588
1414801604
440087217
1287066475
573368807
1246057172
1044389283
970271213
975720138
1093878047
86745380
521734722
181970722
846348460
1313339004
785589961
1103689623
1966687583
1981711360
1623886593
417792388
1801638190
311742358
1400759873
479655936
478961964
622802113
1982045598
1047624718
1776116969
1962567264
1631708702
1957486614
618576927
813479515
1171777410
1163048204
1475067058
1706042708
19981911
2139266648
1994768842
1468415062
765097304
203648506
2062762314
773237688
1985392884
713263352
473131624
2105127879
121864428
478778205
1886342090
535778806
651158144
959866053
770802147
1696877357
1660435141
324617376
768437548
562415062
941797679
1568108104
150925433
901052760
987009378
1929895173
1340847835
927689290
324646323
1917083818
1676608121
2034304764
77003040
418445855
1723400724
1264912173
1163965029
563773081
57323534
1702532424
634270978
770540777
158808143
329923995
1344494670
1575393648
1769203253
1595483922
1862868410
180140497
538942243
378999728
552477268
931600901
2081082683
1215571975
1653107229
683618279
1852378238
1873771685
9499953
920651826
1068831241
1271887159
720533304
1468260769
217077228
332718370
1908674682
58790600
1650929072
1910105186
1183387768
262616244
486699482
1980606128
307151083
1088264211
1934601467
1960692943
190920448
1535377814
596169210
222214143
862989939
689352024
1141143881
1629720218
1226631821
1849072639
395815058
1532431549
2114593328
240592563
261234682
856038233
1822879855
561109748
1360932956
913125832
386781167
188850102
602741285
1127841109
712023164
849748109
607712125
877580646
1487576443
1257276133
1782912390
1908629574
1404147789
939155950
363205780
956447436
1421798067
1896354390
1253719023
539334940
455715895
1704406841
886806117
1220143647
1963645296
1247440461
133462804
725265747
769951218
1539554302
1212130322
1572475164
765793852
245210958
1327287508
893672502
612336122
1448404650
402839593
581967345
1446092530
464755739
1488486201
816588281
1903260278
904806655
1142720053
301745294
1582992437
855921418
384203864
1005966195
282355688
2073368531
837353736
443352484
839571551
1634316655
226398901
2137259873
1580300538
1863678706
1038738516
166508339
1105930313
1512942548
278051975
1557044556
349080104
1220101445
2116574052
513870920
1151373971
765085111
1171417258
1647018385
519968394
1456547114
28928496
1056742655
1699571736
1671141825
1699725670
256436760
2029057811
932160494
434385841
2034396921
869530618
586408472
1445393897
523896240
193604230
1605774805
1500136553
184253506
1264282438
763461449
1669824726
636845174
62168698
1184111207
376559660
1356741781
1133929829
437715412
1721725267
1923479408
1253766623
802665597
1536303871
531115177
558625664
1415917740
1642640030
1194109162
1679905435
733036947
1417779535
644437585
446841198
192352854
710431690
357946451
360782812
96996063
1659254591
448911485
598434915
1463809053
1525665890
306140694
1558628250
2072077345
667404657
261189406
1471423623
2109436606
1865439293
275852229
1513202030
840545490
1847866502
1989737321
1943323561
1612677566
15734412
824704053
1878365084
84901622
52804873
1838025683
927188392
950039606
1175550816
491888474
6221300
1700816914
679170085
387998645
501922007
1900479488
178029267
381396487
1251487406
572014754
1834142353
1618052006
163380567
2086165081
62520416
1374937737
221366891
313658485
1517633940
863908204
256937350
919607095
2014368989
693825556
839643978
1003162153
2114275892
922353570
976799270
2104252950
1510300729
1508424445
1749180902
648526776
56574465
1545393788
1034104213
1019988295
274370243
438503612
815406372
1141567035
597399140
451050156
632700082
1696438975
1236622657
2076573674
15811016
1390330254
1530072375
1564219072
1043474043
1239653111
1468134525
681488520
1127271109
1664070003
1900350408
968081911
47423411
373700039
750453978
722967356
339761416
771333112
2097143863
1040320667
234399706
511344174
1024658316
318192129
1199307776
440847024
900401275
706049079
436686794
1991915129
419404195
1724942363
1395390699
1746991707
2043902612
470553509
1242989391
1481496442
1126603864
1923451308
1786680110
433349293
437906638
1302266555
240701357
2099812774
1538106587
607900766
696505449
1409597100
337845686
595587622
415837328
982940870
1575694439
1168315946
1470846044
219436098
170531690
1864937567
1989788637
1132220213
1291448562
107847461
1698955482
73202861
1672776934
1671213098
48544089
447329942
1269699525
1679484923
1753081260
431696940
602470581
1570542099
119468784
1572681719
1013746454
573839967
2121135389
1038809642
570887558
1070312348
2110578960
823803663
627332198
580557128
345231180
1412901202
1887562446
1128763193
200885717
896608036
900317671
243829033
1063357085
2113548006
1597794084
1026659442
1710095770
257507979
1739833827
1623414547
1648720711
1752251437
627530297
2041208900
1940834028
696050285
1572546223
25182530
230030385
1432437921
1602347816
1824484560
699796088
2044157747
880537245
1148903301
398407140
923666307
771469678
432705733
712221419
847585444
685280256
968731208
328394562
1476597522
1626950836
834898110
1695393092
1722131823
215952876
1637647211
1822043460
657383538
1035623628
151223703
98773119
1271892846
682690285
1952529800
159992544
1624224795
169996668
620400123
760286646
1620481904
1137415702
237643020
2079682925
1823657347
719374987
1113019750
20498498
1621343666
859041362
796559026
1626114087
1782930258
1086431357
1411413214
1305027935
249506161
1761869533
587020522
923727027
49776507
1368877894
473962918
168367352
2116830483
567925495
2029593404
246112853
997293730
692956004
503416623
883191857
557302209
1823015433
1761068493
408718055
471496961
1067102546
1258331466
494584595
165126242
1768794074
169722490
917044857
695321025
248767918
1795907898
1349522271
1618819249
994180010
1924490214
1462037142
1153023761
1751388417
1601537299
1979689253
1010385240
1247113661
1869293108
2006311828
762641017
1935909985
39710905
504420040
600955000
306579901
582761985
1536732032
2083858531
567476416
40257617
160284729
543853306
1499174808
2098667959
390658788
255602836
150388544
995915168
658252826
1782471987
1294273477
506335379
862668862
24065463
693500214
743845830
408429229
1475072653
553106024
1341889194
1335398321
1679531437
1390055307
1270776426
829490881
1490220414
1792058346
1811491318
1189878889
336468406
1905488959
433411771
201854222
1661296482
454540527
453478574
2075348737
578530730
798552232
1914763944
1567698061
1565016398
197473830
9005737
245327497
1782364477
2022895244
1011984850
1735777886
766012117
1130939433
19920117
1710835742
165281373
190922738
1024922762
2000282915
891310840
680716342
1979270499
156714661
451652327
1717954208
1734862953
115480227
550510580
35665650
1004600152
1985276865
524967780
2062638285
784029748
914170409
424128197
1088856553
818069161
852278979
1016215459
877714601
2058658660
1890474272
2019728393
793034274
1307494665
18091383
2121781950
2130618508
2092998502
798652211
1312181041
1125322051
821062858
985183043
2020563526
477385472
1210400252
1989569077
496103051
1853310136
50765251
1983963713
1059425275
807339725
755177049
890771964
1485869100
1813616159
1338931350
1013770786
1380630399
301321829
1992879321
1734946966
1170020517
591132516
2074069771
830144833
791670996
322034861
1318664956
1771823637
373839895
1613982355
706452528
921504679
1689634333
27841752
572634906
289518768
366022031
1036207475
91010121
709911467
554539309
1447629275
258268474
1113868567
2084433746
1004173858
1991910498
92774833
1372356267
456650485
1979020793
1413489017
170504861
540204867
4968217
1159095431
248532641
907153273
1847861048
977365632
945886197
1565685525
165736382
418322605
678865967
1657644784
111072297
96650064
1660083958
1550759957
263758589
71483666
1369836871
1270792472
1224897788
1963852902
2018637393
649188588
1154248316
819117715
2116600640
1262324047
635326179
1679755539
1426676725
174195851
1488767307
1514444873
769262256
57578480
145335404
329807411
344078557
2020264397
837788481
1442300802
2099571431
414000258
1948988703
1524269881
1062987002
1992834012
207678902
1541237643
1934986905
2065135462
668124594
2020327775
1607856013
609504645
228926155
1423063501
658242450
1270679805
1854187507
1466164319
617359120
1786123933
2124271061
318381506
1923171031
166649142
1465336515
1009289681
1539612882
422779445
2069893977
2023626110
219054126
1429326038
952277584
1850474861
714064266
1243779008
164444391
839644282
107340567
810727496
2126632865
329127191
284837104
113421128
660417932
1190669459
969782681
1377630360
1684459838
285135068
1527858638
1320150137
2124091602
1742837294
1902994737
808615495
1499435589
1702054569
1282950660
977157912
349420494
2079799143
326928990
277229244
1944970153
335309610
1834039025
368350034
1618364607
335547540
1361309915
234366635
1875956444
1353692273
20349115
1936315706
1487313631
113561631
1873846079
479462277
1520450222
1167199032
1355221612
1275354411
780265046
461095553
1687740365
972106421
773475131
1672773093
239354569
1914384317
9779403
1186362042
483608432
372576661
954405202
1427312018
1036134237
754533693
2030436621
508659037
1744813590
574064050
1446379384
1135965393
694766803
2084754026
1726781110
1223064910
534939452
256439526
352941192
1251078360
172680989
524062720
56672904
1296008185
1152469271
1830466854
254035297
78776509
776392932
477430587
850937509
1179463745
1722946912
843664476
1353008025
1327060384
58954925
642761937
846685748
538857407
1437364417
470333590
1350354292
1911442229
301495169
1492306417
1148415310
576302477
783047438
1903343587
441986840
90504883
193555915
1846914086
128399753
750377861
9918207
1459032326
1786739035
116125687
993348312
590540968
1329185097
705362253
1611887266
2121128514
472169054
857395387
1003856201
781930774
1748409403
1579842775
1665159006
541835834
1789242662
1491291317
2129714957
1072366335
1584958189
1401485763
499263783
1249400751
641677867
2055459357
1277055142
677445782
1900412824
1286466153
1436475272
826691961
481492734
817649902
24914555
1738034979
136291532
1044215576
1231879457
1326306917
375313881
1690643383
2109181735
2032355653
406906643
1979727319
5554076
1055442430
1749442219
361213556
1009162577
1602807027
189954962
862788394
1013129111
1594949404
999196201
2090412005
1265918492
153353306
1473177743
372568534
1202641161
1734388050
1256918600
125274304
1734281714
1264883227
463015310
1733325428
1959752475
1081375772
1987974699
965227456
503824532
1358113933
692366134
1628431305
1260799939
133170886
782869000
727238052
156552325
2000025206
412150621
984410861
2004454538
1315174800
1448289053
2074205578
1155896302
934817454
177531060
1541296857
962681221
995519485
1561919394
646702241
1763222367
1509121084
1914582904
1022219450
637973141
1676486172
1912216477
1471534598
1940109175
1241160156
1354853504
399499261
951356943
1085925366
1324310376
1803421558
641581818
277339902
2031920718
784163347
1236983296
1328067057
1039614179
1947004956
64682074
149636825
114037792
214929001
606312251
185601128
403917611
916582783
888852776
291264713
1552973492
1159571174
314161575
216223677
515352093
899817435
998774239
304959601
422039390
1423754107
1558337669
956755091
808230638
2078869701
2127226464
1482712476
324507848
1828821414
1271374426
214348672
2002923547
2111536210
1475133798
1612649393
229220138
132400611
1884678161
896409044
1471514841
79451298
1737395470
1267950335
1918525267
1332089435
42641054
1040356352
1965594052
952319499
485531216
1654861688
133797741
2014920486
1385532799
1075820420
1502316708
2121629427
1999421773
403534130
792514256
1441450774
1682671462
611690906
1461215308
2076229589
688013716
812221587
1518591419
248396391
1835778648
526996310
1761636522
962057022
1739846001
1200124411
261060022
1877696496
255244152
911650384
1919675094
1959886316
1299722902
280507889
1676257606
164504703
1138176694
972360778
1550542042
1477000971
1476066739
1315506478
75527273
1477988141
404577146
1113415394
861626917
1782716257
728885918
498378862
2029142982
1496665319
1779153953
1496481815
70900522
797659689
1656895570
1380424909
1930198445
445642976
79055447
510359960
1517143372
182930572
1429787859
1059881742
452724938
1573545101
301166203
1413467602
1585486727
397688364
1515480469
1761170573
1756353989
460824413
2053049485
1588969173
910812525
1322713160
874598075
1038003850
988636624
1205305008
1815055247
1666356993
1728888847
1814550197
1755823041
270080655
2090292071
1578395205
1633475918
1433202921
436692352
681654018
1928046422
793007604
1218828887
1451429977
496600847
1537277751
1140110554
2110820727
1409213230
487627407
491872043
1281643594
1016965385
451335264
1342159483
1191778239
749019147
2044323340
1324283858
933818543
155453095
332049298
245970906
886605310
671741461
1705067106
184480582
1060589951
1979256451
1581723533
1226779507
658369179
537455679
837291438
1542283722
1211324649
788259405
818004872
2038847719
589458932
59211930
1626161726
1040489597
113780648
1592876717
1051249347
1219875152
932453006
660680908
248298983
1980878292
1962140705
1581851556
456388791
300186204
1195549968
1248166187
16812931
2050718006
869630778
636787789
1824944279
1288214272
1253979192
887620930
952379791
1569325895
2080149379
2112882324
1567841850
1588154344
1073228003
2086823942
81384092
1319254506
1631253043
1932274
1428417851
1927428575
461760053
329806616
791790955
1513217000
1316534868
670169248
702527857
458809289
807770403
1882068842
49515786
1099833694
1040835782
1198810271
313986819
426002647
553976066
752842043
124340322
1443119905
1392911742
1510906339
1238315550
1336312255
323630968
856351633
1816982230
1767637926
404925788
1303408348
1779476116
2102928570
1935570820
299694309
1140304781
67909222
1217262619
2059713529
888633633
59105356
1115350868
1290703542
1207107058
832653250
659390350
595092832
218465849
348127418
16211521
174382472
74197399
1406518618
161327987
1926455915
290898498
1337718499
1775971968
690183464
1728670242
215803373
1490252242
337888595
1725399587
1701306794
1412426740
1737487475
1302413194
1902055771
1883255459
456835907
1537000121
183505932
781595826
1667820864
1364440467
1386768574
1536654399
368819458
819884257
406232750
698120478
1529675972
713403423
294211099
441897725
1069368897
2014556691
1396496211
1163379554
966090576
708714404
174648456
749697282
1862020542
263269125
150921420
381583472
329365479
1701146739
1258930368
1316108064
1977648417
1812547965
876688143
960841317
1639334217
1315351241
1652563999
1685922865
1309977001
2026801842
315630343
20815466
1548468500
431148852
1004192094
1093364956
141446018
2142749816
699493138
594987840
78746591
1772493459
335365091
71769101
417953296
549874763
1489482352
648057337
39957851
1582255463
992786669
2063393507
930453354
145678400
1047008653
317718953
493275335
1167652073
1926113901
72474778
773097814
836939381
1264692710
1954954124
1045700664
1213510139
1473717084
513501799
214669418
482139264
133634666
1696152381
2085602510
279478689
1785739266
1652085777
1541835890
189804845
709494456
1902026214
1638825708
106825139
1665764833
1338980034
84717644
1834449553
1052292008
1320708968
799137268
1569966838
656499569
1900493414
1269291572
1221056293
1118666617
1973673343
158875838
1414566781
1224513606
2060246232
1293775609
193265059
845180250
1433020471
267312263
460889244
730936581
663828960
559513405
1387758813
705342841
1972584786
353748646
128247857
1919087565
1007571962
1412146690
1413819223
1527522663
2040178918
826669794
1180468261
319932273
814537414
267795007
921378881
897775524
459682189
564749382
1949291168
2002412575
682358038
1915699534
1165642444
1188367336
1358874490
2027218238
271962607
1078511403
2087388972
573799483
162894357
1839961865
1913338158
1240751826
1768645633
1528610501
926251907
1659596429
2068981121
601924359
1368194891
386447806
1114937218
945844870
292588299
2009229243
261735584
1054774996
1616839860
1790438764
138407689
363916075
151716972
1433373115
372180748
653377152
217476646
640616663
403417397
1790483051
1569658031
923849130
1869849713
638309310
887448258
731265433
827132057
702276345
1412828877
1343758391
1225833616
242844802
480236473
764859539
1341758564
622305511
1216230405
1938440395
757145486
436862170
33702915
208887351
1269991301
126988690
767720385
688910872
1350407559
36203794
2115670391
1227985264
944884038
1952152264
1179933582
1213787603
749414064
1902613338
179485482
928409795
609846469
2061923453
1956089530
1397813493
300639074
251609644
538815243
900998552
1908754851
833269428
715120410
1738982266
2112793653
79423979
2143681730
1456101519
633166657
1736399651
483454089
1076183168
598243712
2145394628
1610532441
20441424
732690813
2082821330
2080371943
1583242900
818259010
1299719688
1301700487
817831627
674539469
277063506
462920814
354956993
2101652771
1386181648
933964507
542877384
411924123
1595283400
138261800
1282149886
1907361127
1094205035
977427457
1173003937
448416126
755870797
863700864
1992776569
276452855
160759492
1545650689
669293158
1529487567
1688417328
2028280331
1367265842
788318222
697564178
342199572
900312457
1144414407
152817589
1632237882
658729007
177687824
430756412
208082898
1793028737
738466324
1426028698
677248914
1850302039
108193429
946862655
844214004
643896006
1564954905
1929480454
694918710
976308415
2120609310
888689184
1359501713
1027690278
2003322473
1645954385
2005214205
440604397
997875038
416195982
29860000
1918797688
1116389097
894984639
95979002
477829905
915805741
834614476
1812617020
453558952
871844751
2144701664
1673865043
1307120317
1975855787
1008811365
1748001418
1496954607
2137428308
1567683995
869507442
820063929
1889936626
1309704721
963084862
1943982459
833524083
682415108
498043864
1098848897
142102317
605606532
861280143
1974812278
1901195564
239333832
604193780
1090192764
1078721441
265524198
1074261575
1530392986
561070566
1324364090
1612035481
542157138
30723323
1761036345
1520239622
941600041
1134446919
534976005
1217012337
45634362
1532886451
22615683
859459846
1559563089
353454366
980438234
1201793723
1886514061
1130408066
1012945740
1354534638
624198799
62932655
1265251244
92296224
1919024574
238817439
174852054
615318023
914651392
936924262
313549163
1794134855
1862320190
1653598306
682261214
637026489
427636688
236509244
594554475
19681856
1092295839
414751636
635615172
652671754
881002264
2140197942
1435974573
1931999656
551925731
300782836
1286608839
987284417
1362242611
322842311
418904966
349960190
400685526
864126978
867158169
541120424
1960637327
370080315
2057320915
1964231139
1477776753
1388623943
1411405101
1130685775
1956362494
1975827760
1289855719
507347547
1863389415
2114535780
661859819
241030542
1299115738
993638979
42749077
1253806623
1833946556
793337645
1817194535
1524274016
1760765750
1082669143
1843084705
1899532359
979374067
351253815
1401630253
2049233986
388438799
1603521118
865269365
763167303
1852082002
1027708850
1972074386
1743249214
633582176
1970575140
1657927604
709305155
694474337
283857582
279273780
1547261317
497421495
927244840
1108560859
1352969408
15768321
690909796
820366492
291764990
1321961454
1959727789
31657512
558800472
1016362529
775031617
30388455
838106360
1935657382
94469108
633664324
1015481785
966857647
167051699
713794094
59259746
1381811875
1023354247
332189898
1022936752
1858351848
1549947470
889805163
48107554
1782368932
1630950197
1533617504
706306820
670281251
1023891921
546520361
1168709457
1279164483
1121422507
1675600131
1720501041
858423993
1995185458
1616111826
379942619
1891301812
810477061
1392225461
520813877
1450694935
185438579
642626782
1617897265
1829615581
576669493
477033074
1581784396
132123889
1710875489
2068070150
463125138
328119064
503297114
1248060802
173927948
2140124441
1427030193
1142419970
344991147
639525508
1746572752
801262197
808960017
1558227865
1742315079
1964215836
2108131100
1673774316
1202651116
1420148355
562049525
917574948
169476581
1403760626
1644687252
1507616725
852753273
226902203
160495772
260860492
1122355507
1194351103
768092640
22966238
1662897344
1301461068
1038395109
1176927763
628060622
1492155255
533824337
1353490624
1843739893
1690140303
780826084
984123112
535716232
609188033
436507331
175924702
485548198
2046485836
2065435906
22029951
1965633159
390902656
1679819178
843962575
1677746490
842121150
1354058086
450916647
1294067411
66916977
367612765
787860268
1874445237
341699059
1433273997
1264908049
1768183953
594970969
2098703650
1136250160
1786294570
1533333881
97904140
1204210429
695622194
1252892931
1937809160
679360065
864010088
102497474
150083508
313756376
736760391
834994093
973531814
696659208
1695266761
369202074
524099857
22439872
2022850389
1313796236
214649812
1464184651
633921554
220653172
1898489411
6499928
1079541760
1627450326
1159676039
1858443740
1646936571
1540159320
564212103
1374899634
1597348691
2002329357
2109329725
1125757072
706933573
238223710
689175245
481615968
1825294381
1102443697
1303271340
275293844
264330816
722927728
494317721
1156297779
1210250717
1046453354
1319454882
1090922046
53250320
1399339517
735133534
667177462
721883960
1510183736
1121385117
1293867225
1216568830
1403765798
667523427
1903756636
1904760799
1176644314
1330146845
2104913571
1142813521
2006126273
900825039
1724441963
1646103448
1710101102
1590302143
2042079112
2041631680
272919117
865487160
440458368
1659391335
1377689121
1647877851
718690868
986858987
1037406337
