6000
379732591
697067338
142728581
2070178238
1316681717
1087086187
1650763030
899533801
1574070650
465030773
533628447
68054871
1114026201
1499572434
1099955739
462677405
1764809748
307490750
451682947
348217776
1672894473
1025411444
359559211
1889521823
1942315699
857201936
1238638715
1170258160
1559594151
2060809922
1509033976
1916068598
493163570
1291645886
731905301
1343736259
88915735
1529755234
1020446154
260100893
522329377
937943907
1160613423
30101206
2015513163
1499931922
963896976
1330004110
457017545
279164891
157632925
1098706692
1987898235
1890139804
413870833
23674007
1830488073
162455333
2141359386
1644218168
111718797
107882001
283779035
212717816
2109127204
693777170
1958602385
644149398
1721613816
1517825399
1665754710
1227393228
1092416662
1840906253
590961704
1995114954
94964734
81550845
1911946130
2011232408
560204425
1860767248
1594799155
1735638807
1507277095
715030501
1820360924
136725831
1000871357
941467593
1906294043
1339838692
94457150
828318435
1317962666
2065018314
1938341331
806396822
1917359375
1456348602
1650164152
1520149908
225297763
1439895956
27852960
154561089
135525125
1870669976
602278584
1325415806
1896449054
854817106
1102117465
1380581488
554790285
1793761714
1780473409
1112276842
885113088
597270245
609332397
1604980062
1271776124
1558998682
882605156
2017912715
748980894
818181508
1238026262
1711793017
2137859060
904049085
1293268849
323608804
1267286656
1833939256
1769108153
1055426686
1055356357
288510712
1563327431
886623685
109963062
690376454
1254035762
1870118195
602316957
1497597702
65247208
416190296
846617280
1982275002
877858306
707593600
2110182297
24074207
1598915741
1939541542
393063379
1329284192
1435148797
599961766
1362677263
912206978
522071111
2081636828
396975284
1377749990
1326160826
872341607
621160412
90067287
1415689305
693319962
1701751840
475735555
517417058
1523487346
678926516
454917979
1392591706
1295131081
1694096648
2079569309
1415420651
1647486715
1608335441
1516791080
428329619
1405636825
1992785474
1145329286
286536871
1971251568
599322293
726478401
1403571575
277301837
113226488
932308454
2047667424
644552852
1594518563
53873562
738797866
560187793
1556314636
365742677
1594898704
2020994626
423477421
1182055088
1103748449
277989579
1260123914
17136343
2075710653
723134274
2017164490
1136660118
911528919
2102561164
2001451349
135464951
1460767090
458591179
119210246
706967367
1743497202
877960313
432145525
1206625138
1714747208
889321199
771147231
2044758538
225996788
1076226326
821041120
875505638
913267762
209739487
1734517768
281184544
136348569
439858822
1145075652
929276268
56777788
1496702228
1610882160
308538383
1595491627
1156887192
1936733162
2070140127
1034602828
693810716
1288478747
216393598
2050943221
929626711
785002589
1249888343
646474792
1201365376
1683347461
1520039111
1340947785
586949137
348417292
433015557
1158138653
1795920470
132115856
1629313780
1520071365
1002257688
293555858
1832287631
422441608
1777024543
1215418887
1852225034
1253303278
1270932969
2091312473
1704745302
296107380
1203611179
345736959
340098787
154983834
2047952442
305542570
1775450329
1752308885
389177010
2069521899
47420390
1068459707
1303387770
1117552739
2058575866
723181224
1214273192
278882458
39370802
966723600
355126956
1992591998
1659339617
1390770495
466804925
536310003
1293960258
345871666
2067815872
75359337
317411716
1904758514
317241955
2044039364
700472828
1390539489
823755264
801649577
431749376
383973781
1443173453
1207915136
1179897710
87089439
915581044
897612074
1253749376
876089426
689084987
1973092386
1965385952
1619509450
1763179874
2079349351
1094797100
1634267351
651721466
1465904132
189632324
873029115
563311724
633301120
308844937
145983217
463564970
1617475796
1103217787
1403827760
1240256524
1673947506
495004981
494015560
2008336530
1344774409
425078736
741196160
1922804271
38051482
196980511
576518385
1914792649
1711062848
1647388007
1421883898
281770843
1308036516
797932754
1674476267
341500653
1190024874
657501946
319054694
764519377
227657968
339029403
1787334239
120088412
1644370452
1572999882
1706939498
1857385063
1813722651
771430778
1266458101
426107299
1069446284
1521179855
1254899038
25832883
1353275289
1001251226
420827563
420935410
1228853609
742843814
350630030
274406055
1073812333
163510371
1518491752
927731404
863888363
447798092
1167452884
183076373
77036630
1738222009
226897601
1331256398
1530064803
778488058
2146966208
712821574
2037717187
1068704182
1464199042
165668299
2111246429
1037639332
1220323724
973364527
1954229080
1656092227
681243602
1948814443
1548452217
577681887
1743356409
1254870380
1821047517
914206288
979823244
1146164400
1939990254
1434086610
1625250085
507565403
403642925
422431225
1718178041
583740924
411473104
1436714813
354449020
759913629
1617342612
1761856036
18309737
1907194616
1640814392
1429888413
1180269403
1438089914
649249015
1096399148
2029377613
710318472
1855797860
1376637438
1277963064
1446094307
1988457158
492483224
536130114
165817021
885379750
1461639980
1916547984
1632922553
1660115338
820603534
592248336
1693440564
598508675
1221922157
318633110
810076341
1787215004
1748547333
1449172841
456943450
140725376
1008673196
600262574
494405743
1586814891
513152656
354162794
1133292664
1063159699
2030468696
111298910
1875891717
1786071743
1021720874
576344299
1214949075
1615673982
1765064418
375529296
521683790
1998262648
273909665
113925964
1312063294
814963213
1391148013
24756765
2044449134
1200626694
1236184164
349655014
1526567169
1223037828
1626116856
672449519
895580315
1255304865
906041972
1444015374
1489072958
2055869473
400043779
1374820707
272150534
1066627471
1624348252
1184663445
711524201
548655455
2037895148
813752652
1339520632
1717123333
1889189225
1662565825
740383510
713674840
914297508
1103047737
30038314
511823354
770936441
764888299
394591763
1246293778
1866267069
1213908217
150371631
1789424842
1172959517
1846128571
1679211459
1443539723
599749656
764672204
527279620
2028795491
2014264870
313931568
1552861837
112028235
334030401
1096965808
357842696
1805445006
11978713
892175018
1098501145
1633600170
1878503952
1834721309
895050230
1052701067
803627325
1749184410
1906955480
944226896
1509932525
249315356
1463869527
1191188847
1031333451
327407892
821654679
1322989464
1490419114
1290953826
1224690235
1719863409
183682245
1085825293
1172356688
1313208493
2095970926
1586142414
1458042659
873550875
596148995
1608267542
1180454972
1451306024
396974605
1432267487
1533873640
1898890729
1792493785
639688930
212228901
411472020
93939674
572934768
1592888355
1267639184
181364371
1282343564
1816243097
103204061
741514232
646576516
1882017416
107673307
1364254306
300557868
1607905491
1140952975
1802642459
1230487709
2107840802
1212011935
1308224338
116818937
140674436
706750404
1677028026
561641879
413703969
1767680571
547850576
1161873975
1983379279
1068596437
302227310
1815091442
713067213
1073052228
153615820
1497883997
1414696677
1047035319
1577664265
587822431
1141278045
99496125
1755275020
1105774568
779851844
1241276910
1661311916
639766319
1349336875
354804577
85859496
174863022
717302378
675999987
1265263663
253843816
328103920
1452809539
2146010904
597064828
784281451
1721551412
1156394213
1635451109
2085422695
1625433325
251025441
1077500492
154823853
2022419897
734721812
1819391136
1938350179
1655325956
706034414
432514840
1485671102
2097857286
771602741
1398533567
1881482010
359208106
2085704508
560671791
107486375
1980818025
1189340854
1353365392
950016550
353681060
167822872
1109158126
1365223863
1600445433
333052019
1748137848
1522354467
422464100
470237672
2017221287
2094183221
822853565
575009804
1563800774
29454939
733012788
550143505
590365958
1604173362
2044274201
2006250672
1622270330
1942003471
442703938
1398336276
360675759
706894504
1587640194
866824779
208544004
511584301
2131381595
423750257
133374107
1545612316
1787704556
1313016331
1598820735
1012841734
1526706718
664839939
876085149
48230466
1024736987
264603226
257594081
971795687
1655167489
534279337
2072134336
2016446715
1108090339
101377635
640323417
611102052
894164364
1954766954
498287709
2058748552
1080839055
1435805480
2078655239
168321994
1574217815
118667335
629232828
403348659
740653189
1740016119
1168606346
1409674331
417874601
245470122
1310818863
20042304
1201722926
372383189
194481196
1133847111
2095651049
2021219018
1190355303
31285525
1096834549
348407452
2068233367
1504536617
1079460756
315117398
1504630060
1929663029
440473926
2032452949
718138044
310226819
2064895704
1913263043
395564639
558629330
1088383441
1643626580
19834181
2096005381
1594229663
564278265
1377581971
1069754174
1855803675
1563511501
410385803
1454769326
77770473
1344842912
1135575621
527359196
1925888317
1315630380
237063750
1971194224
131426651
1206416360
1826133359
69838842
946846727
900410630
1447363856
1704725808
1372315651
605028581
1249744525
257196417
1933110229
1461654803
1173711140
1188775288
203627576
1393808365
697935098
1490672975
367239
1682292023
695297067
265856586
1509346066
381877842
2096670291
1862447643
630727372
1728959066
1519339947
7400281
324175409
1385015905
963972650
362643952
31993599
1332026965
1810603860
734043929
1602558696
410887189
1563928200
1022845433
278331815
599396489
492430680
573973370
718656261
90234851
1719228253
1227293327
1459994025
1961837890
1847024978
1681242380
337362048
480641995
507965057
1646901019
1653452237
1447104003
1094701990
1708099555
246870293
1953165053
1002891417
626163202
1700433171
966588758
688154303
201828171
359390889
574439721
75577184
814418217
1583795862
820730590
220483204
741352783
1788907445
2030887904
774441977
535217460
1494869396
885707608
19375601
903155494
41677432
1221628275
1718131778
906486300
1896385889
826136739
1054617984
1337620883
1399267618
1885101430
86961567
131488423
1716982173
952778271
1502881809
1349289963
1768991379
837434439
234855037
604568897
792565179
1586150380
1588001346
450983181
957471019
1523878916
1153735593
1325429570
321805691
1471313694
934550365
128817884
1305869291
1862441798
983699629
192170228
2082346176
620923460
1126680703
592017943
291745211
679948839
1464600209
1215428048
1248728959
615615755
931254442
703185666
124263793
1005656536
56508523
757982345
402176530
222632964
98459023
1231641842
2061784701
1909302367
943063055
455506671
1992265795
1910333703
272677531
1371893262
962365456
1172125045
1506659544
521740796
1471919847
275946231
673193288
480994256
409554306
1551485272
1595620476
692669825
1716525618
1250207253
1773563324
345570035
573241013
1051688346
1835973326
93947106
1155382996
1220313943
680594808
1678657292
1696517838
1837570360
727011782
737569382
922356068
1778376972
1105436838
1968290566
64382473
2097320947
796684711
563331907
1707542282
1047962322
1226626433
189149393
1091622943
122396375
269990014
1132167203
183350414
1862428965
591211568
1540551041
1689654588
1754541028
927513187
1928250530
1857701640
296229323
1164951352
878558559
1983129973
1411970705
1091095124
1008267194
1171944413
191588193
1801784004
1356256202
1757316338
1932921611
1192542325
798270178
457029715
1075599899
972011011
769063731
1978614885
1572687597
526042037
1195559856
311927235
1888933537
1650678090
1045399829
55212109
1581189352
829034687
1324591600
1879315979
1207183287
2067089338
223111770
253979938
278161561
660914830
1768020221
1900911276
942572579
1650415142
1950886583
1097069565
209456854
1593023093
1778341664
626367934
1723242675
503620590
781319432
1555409281
1817744845
515622742
1544851001
236895477
159059657
1339580988
843432876
1821195999
547428486
886484608
800152232
2046365352
887231752
1875287108
1465259982
748142975
545504068
1120646108
619713630
542140695
993322884
576651238
1965576585
1175052843
674902909
462160017
772445726
782019184
1576883958
528589958
1061327037
525418168
1435520921
938495072
549537275
301203776
836063604
1036899327
1233896337
447195255
320634657
1714988354
798235911
1774138460
891841068
1465045539
1016967156
1074294048
1655331567
2030974728
1129164751
806349349
979853695
1543677206
1655241414
1862770354
928460044
1518801902
1835021698
1142485407
1714269392
107404509
1433087993
1426807550
803239995
128711687
1268027610
591956460
567869120
1192713166
901171873
73864148
564428989
419440095
1435195207
1032104443
51564261
460529198
1963801848
685299636
81056681
478872986
747624919
1896433894
1221321302
605749945
1506474063
1978177714
1918554044
635704774
641543194
1516807800
774492816
1873711611
107312439
195654989
65940478
415276955
1786064199
1160614362
1944491743
239781556
1815821099
777846846
115179849
1384350027
489262996
698331808
547490725
575329697
846588135
1299744739
302567839
2001664046
745988139
1143591129
413497852
1120597526
964574274
1988910884
797839219
1192781657
2073137040
1927420923
1301880910
611133726
58858094
1888298278
1789372152
2134777818
1124399400
632583241
1722530358
484442585
1787598636
1543441579
842859849
1830758667
516189147
1303294370
1638664308
900165035
749731308
1417880852
547692727
1983187045
1653485863
1475275963
1301567676
581401666
1992415515
809935231
1494941828
2049935763
1830852100
1622394185
1594363403
284239693
908655070
433332600
1264862548
328369683
1388376782
1796123734
1061365880
1649482331
440238332
1623652466
1311355027
1532341734
1469362728
163064380
368823611
169900866
1304094260
2111862328
545369398
1946570511
1380735709
92678056
1857408662
1607971437
281280610
1727999641
53270302
1089150358
799053293
772027835
973616140
1541616035
2079919466
1870152019
973374215
1302985628
1864448013
548263183
1263845909
1396325711
1428142740
290628233
1713063785
183484737
299256082
1934278440
1399947861
1714926549
2111646678
467952256
1225753409
614073699
322112353
1307389201
2026130392
1999951282
620889277
1683092892
571467576
1440932997
618333503
554835990
1297107524
493227363
48787347
879721471
1964113004
1074710826
96012131
1147382211
53839596
679065575
157558297
1417939488
750431683
1746678823
1827157536
1788687323
1612869583
1769532472
264534214
745468215
662228724
536183995
552538363
1997653973
272064615
359285527
594040816
414123417
1615963380
1067761540
1942780387
1632917431
417081603
909549474
1164204574
801892446
64974222
856250429
2086059681
1937900900
1275565889
1045428034
2109392261
1419857557
1644292089
9435060
91004900
1336830773
1014562252
1939478920
1285920623
302795050
1287707767
225199523
1266178450
1223811845
1399045256
102070190
577932349
1551535554
350266493
64270293
1086630475
1016713116
1208797261
1187769713
644949830
1977335248
1957212778
1606431130
824433698
939189037
1507472196
327125162
896711464
1349824128
1499208164
1185291498
1030278259
1466263651
1297396874
731599135
542929368
1830072786
467933153
1858068927
1194455915
1790675460
1285238910
1122373825
1397445588
1361894780
1496095216
2051855938
92695671
204053268
1808285789
1182211097
768233806
1363759951
984794962
1264058038
449117665
1971346987
835304184
1751980267
1956268320
208439665
533039120
1954534704
610607572
11620040
640302050
652658669
1703678441
348951052
939003200
188748331
1560939673
1609361385
72133634
582863757
367821001
1651663716
1061575063
1077769329
157791831
971173150
1419364651
981692531
1677881890
1278943256
745261119
1108576408
142205439
1990504854
1277144707
2118088003
1679741352
1673223792
1105958445
254046552
2139956706
698966312
1931697206
812700476
1371447812
813986097
306931948
2062200785
983167832
628377511
858013574
684754164
759104808
1733013256
671078235
1263332119
2037489225
1700599979
215071516
223760342
1319322623
1500756795
562753947
1920186419
37578450
435828850
1450356236
1979681517
1441584805
2037894250
843892888
161571495
1909423945
1152189157
54459778
802678778
25521244
1891169821
411432636
1368110042
1648760199
1859130493
338369325
1942239752
322630468
1663922026
957097835
481803074
545282664
688361808
1923452373
93273913
206414111
494001109
825270028
676828893
1223002671
523464170
365328859
1337485053
688912991
163353286
1331217237
136985135
1140716482
763606813
1920018428
813996873
613997236
1748166656
46703337
1776105331
996016536
53401974
1458015990
1288767543
1829207323
1730179967
1931443688
342918775
1063469267
2135550412
1917835752
1562895321
282690412
1469077744
268848394
672943509
1984129619
339930410
1756098978
160904861
1305673409
1523093622
160451214
1127786794
1290627476
511516880
1942160306
147432093
1241020274
86453834
1103985113
1353151405
1111254357
982466977
830278373
1457597561
521860274
316779142
1745825526
1681919374
83675055
1201919348
1613780814
2022965990
24511750
1797663212
241080251
700261802
1027818874
1652257101
1767970290
1594574517
1776272932
1310639271
698696312
179077282
2039867079
1167131410
997382338
553898648
1275784361
710332333
218605357
1340129718
1483149088
450893924
315367293
1571881940
22727784
906109878
284274360
585445798
643990756
1808607017
1928060478
1038188892
818503749
145122737
911555321
1945339891
1242331503
2075121022
804325008
669385857
476009118
296111744
916107010
1760276952
1966248378
2038382880
152309625
1522147547
1555956855
1747907457
281245562
432904868
883879181
354437288
1955757172
1156516765
859543076
285675014
1144951119
2134176770
385691339
617992782
1569482371
198730876
990965544
1992311649
166662941
391577034
1109492930
659756188
877921275
1467678017
1645856309
1892314426
2078586030
1711426979
1902227514
250600996
1370435495
398303765
833005802
1441325298
1011242635
337680289
1934626092
1652481428
1300951567
391897249
266404922
914995371
1273924268
322598365
1621662584
1615194608
161548478
1360711989
1111567307
2071927331
1631198262
1232941129
1686111551
1872251398
1351577077
465559070
429286187
1167753150
797480752
1791133057
239380588
1301478709
165798319
1632209850
1344332837
178913041
804180139
1125806566
1175559607
24838737
596471953
904544350
1111353477
207065805
463171422
1465317360
466862334
1161666865
1901984937
1128598743
1243983973
1701470533
1752003174
1612310684
1237367125
781365495
1658176755
476869618
658213754
166331681
943504079
1139059270
1654653113
88138064
268365186
790835854
2037375124
916706547
1263833587
1420427862
1147530412
1392771599
1034881008
652150718
2033464640
1821518712
648033036
895605684
127972709
1502956317
431790734
906853503
880883441
883273678
1040798149
1813974928
1144487583
995468348
262580444
1511697461
963559789
141597903
327721885
1160195397
603676424
1125772711
908999524
1320815620
920512492
1546914231
1533568644
1267483209
1535797289
1469663195
1986127992
82916344
1001716939
1724854722
1446570525
1003004475
1107603257
1191008960
748378745
308585790
1563269561
1678818484
821499535
1960619667
1611879416
924098367
602855874
761697212
750036725
770311589
1541731782
208576358
1858177424
648455563
1821168538
1783082328
98329701
688153744
1754544779
1248610999
1588043413
208297655
764764648
241820160
1558212886
557348108
530761886
1890511967
535299103
1075733363
853398713
1838492697
1446761104
1382506276
514407639
1394667215
58611417
2051226832
388511765
1712215982
265354826
2050367204
1859876246
1692774913
778069613
1459071974
189586908
804244264
606330951
1865075833
618338820
2130924755
921779633
1752625658
1523967213
1413762905
270918684
1504437294
977019542
1158577076
625355334
96016475
1854718251
1080284766
1142160365
1264684642
1899716777
743971135
784188853
565524546
762954639
168969560
1206299027
293136312
858195705
1243428391
627637183
398836728
1020633741
417348371
2077492642
1044990166
2046374191
758692298
868619179
2041498780
1064108326
156096692
493078582
115052154
1973709893
668414203
491632687
197545004
1425405959
1043302674
1502957523
819159394
1032994346
229414649
1548877455
1002335456
970431667
886360534
1419225846
1832550174
2127801869
187440367
363818888
2123485348
132352422
1349579238
798203556
481165430
931384362
1514271396
2060455649
571595210
948004630
1900411725
889696068
426615497
802961855
957287785
1384145813
1050079892
684487066
1276201333
1949706366
1137512342
24883590
656863536
18251654
357750169
2294601
372929037
874849396
763831390
492736284
231700356
141232135
1204082009
2041060254
994313486
1185977686
1618164412
1628002030
398629021
405028171
1959797941
825681559
1878938722
1680755644
1562144914
1801797439
485634636
1725104860
1744051825
877151681
402406503
1478754207
230354876
30324453
651022578
744613616
656837994
927619019
298445644
1737447490
168769119
1976954388
831157995
911616893
1271919890
1877606431
509978993
2034234321
681533085
472997339
1860986003
778226946
862574661
885944313
947560766
683896731
2044094128
90329301
1863508096
1271761870
876544714
591834328
1339926357
207843314
1770354970
1217096267
868614041
1210446498
583913398
728308249
2110522032
381003932
1665610858
1358507797
1388735558
265183163
340554474
52756386
1718367247
473818186
1984230193
1054641382
1805594606
1188498496
1791967216
549851944
470859416
631377089
350098554
196567681
1434024294
1521161464
1469117138
2104098500
2025647919
1458582280
749814489
1123747831
158492153
2031059193
534574947
2145905231
40609119
1417058151
1938275739
1062786683
1844627709
1693731607
287027728
279577136
244849266
766357708
1705156548
2101653557
1200157663
1100441913
813745850
1996030072
2038999512
1991521718
300558527
858359961
868515333
209310745
1390109143
1077523408
1708890407
1490887546
1887372308
2144332789
848563579
514232303
1762164700
295471241
416669808
47171291
539857166
527861816
1654988247
768324523
1837577612
1690243025
670298454
12174239
121842551
941405152
893765905
1705341384
2142173063
1337952192
1279033318
622009434
1950708501
1837037297
2118684531
1379606412
1493689012
423781417
1339378266
1249131288
2064356322
222663282
1684676326
1936604560
1766130665
2028590378
710533368
1459484978
1790545401
1139083375
1454971927
1918599062
90218629
79646881
7630351
164865677
1495104858
1789961238
1266673926
286118972
911900065
1812928912
1530428949
992416435
1609491009
530514417
758148808
218328427
1410869418
1077266341
197117942
1465291820
1215293818
2000721779
2043798436
1292159015
954679031
736088118
1334375439
2107445311
32551732
963132192
963679424
1389212879
2049029704
423300361
1779983776
1255408664
1605672013
956673265
269462767
151543433
846472284
1738163678
140181898
2026343214
985236876
2008161706
1335688501
639259559
172361418
1896527544
1649080025
446458046
870390751
1701754662
241616089
2084802019
1254362110
1079744896
794199806
1590169237
1929125947
756360403
1720940833
797931960
1745639856
2014817474
571002192
1595582003
1597485021
502930095
589008310
1779957525
251450989
183549043
1064601401
660281284
1835830278
1665261090
1053113285
1192921271
1663266905
102574409
115399788
989139685
1087398435
1499909570
966937464
1298074796
961570312
1311207830
2117609174
37295617
2055803885
1920067887
1771035213
1903236184
994741784
1320138824
1471724050
665745159
883031797
962943282
171451503
942326708
19242787
1033850329
90680404
234318466
1155744975
626587540
1897286602
840032873
1287288906
843986863
784702916
650579163
67834785
214488902
1778131120
671539904
868313207
1897576519
491094167
325675215
1978199451
697683103
1620699478
1908796073
621704806
1811076964
1409638694
392003766
1322971280
1043854536
461908555
247061212
1433381317
407890438
659107357
92362177
1932336924
212024844
1834184233
966874903
1085100535
1529092574
1211596795
1884287163
752527204
1868427276
1611271569
1334169170
187452932
1798958580
1498964335
95512812
1949379632
88683343
2144073589
42238747
816993791
713413262
1079383991
517795160
1205210137
10197376
148666524
1894355546
214712673
384409879
159377767
751618913
816687577
1234019806
1572209719
1495071889
1767264291
317335541
1368320027
1237612686
774157438
1161319418
1235221374
1122086267
1604743763
1725346442
1244444339
1483249851
1734045436
824549632
877032882
375817072
2027458522
2061668784
230445738
954795756
498268270
605229979
181667926
967399543
431804696
1789960993
384097203
1019010510
2101122141
1684423337
1124962039
1823213916
1726473801
852548116
1348360997
561020557
126546461
1691574019
2096100139
1023114795
1835356162
1487914535
1367379247
2063964686
1969583332
1471527491
1733293342
151564826
2089527042
225975540
2081662793
375732161
199064811
1771720439
737931878
735296343
1030939612
1818640523
1340285379
2086911693
21343677
1400654115
1205841767
157864781
881633135
353224831
1754431151
1574370531
780875561
355700165
1403657760
1420779169
2044625585
34670880
976491054
1363029795
1769020769
1217741552
1635067630
118158587
341720797
483040367
1092733639
1786513948
70090881
499537904
871329859
575564017
82846960
778627337
2040002826
1428340910
250143980
826281259
864560877
1971376312
763840157
1861987073
328341372
970067336
396327698
201751552
639419716
1022659861
1625802007
317946740
2003407577
1462188619
1155819358
1049698130
1302912065
372265559
126556731
1469274185
1337365047
1455368109
1208420978
652565140
846715662
1613377469
1713790833
785657116
1827847785
113923469
1125796189
308478660
2102974066
1079285631
844273385
1262115366
2002651815
1085467329
1599984830
197322269
1716801996
620586910
1104605828
1813855529
61176914
1700052352
1888055748
1170690901
1550059117
1031729194
1091902541
1793112250
1053553280
2001165064
561660374
857645819
715959228
12778848
2098691721
698399915
97840916
2075791246
1187121599
2079833685
2142879525
2056773134
1841400762
600755686
1571904906
1784803000
328760161
566798301
1530612928
945253416
1285686786
21073546
1609456515
351918845
229538863
1103561531
113620531
1298142402
619137098
741754327
1353056551
248810987
1013149093
110271787
1578335043
132112486
1760922953
180643826
842147932
1023451350
802977186
2039608253
1263075907
242317910
975124420
474160717
1260467456
1467913039
478004767
75545995
2075811698
1057700111
788470471
1528876978
854384067
1141429397
1732633924
330330943
1907563739
1203775044
83149166
1672259461
435352304
1391315679
529200433
1769657753
935330608
299042520
1229108967
5381856
556803816
108780370
43645923
1399224125
435871941
932930173
642698908
1539736449
909956724
763327195
1169697876
293421944
1775784628
1572637763
562326504
967344256
134991965
961744010
50736284
1616185141
1895271297
1747888830
911788720
907126359
1223367994
1476475798
1170562941
910817286
1467227211
597278359
1525761645
748286431
306628683
2063118715
1384065994
1684749523
1647950844
461548684
451650335
122508724
1588438743
315770701
1737376933
1805219203
232394724
1976190000
348673206
1444102540
781721598
1755907377
1384771778
1985430371
711226231
1274955800
1182189369
789064176
208729330
495200864
1460884390
130797741
1019199447
452752883
897820392
2018054336
1147144588
2018719037
59028579
276256963
168170709
23563981
526985312
1538329845
1146563392
1258023682
805488249
957984775
1365417990
627990199
2122403813
1158206095
954259954
1459249298
74445172
1414188077
1492215138
979682486
1343896064
1797798609
456200056
974324075
29464812
121981929
304154344
1051638552
673997759
76139511
83363762
194418845
725050565
1516437309
974556283
712859457
1060303288
1741701499
1047988462
1924683767
200575223
30109418
2056465522
1742600675
1185282301
2025722856
458697568
511041668
1970998641
1322542427
802951923
211486390
1888929432
1646199019
1522672038
663833297
1938364007
1519678876
405023414
1852783646
921577433
1025741676
1597833206
85798380
299379748
438797332
1358423056
1242207323
248295939
1722723105
851772698
1545250888
809403186
757419647
657128947
1432966197
1418529478
1662322066
1806590387
313092022
1102201829
1456075519
1573407983
905778181
1558720408
1355727996
650445004
793358507
1924059915
844134883
813925438
1931986717
935050790
177927983
1798262594
749758252
1400641924
1392466867
1982659775
495502240
1358052483
966074976
1821574285
179115576
1121438777
543623817
1739029983
60541797
1007509650
935118746
1073473933
77723556
1971368973
1599240576
803210428
1814696688
382883960
1131343218
939827705
1980628232
388232739
2011800843
155684007
1863141901
261624400
609331132
1019310867
363386512
556555323
696654373
1297012644
616866733
1001882766
36806495
334302364
1334901691
603167536
2092531624
2053387571
89906652
178124185
1313970754
769085528
655078121
1591057647
1678122232
1425230611
1864649125
1107379247
1068237847
731257392
676796979
598066942
466182933
1743183187
1841288048
263597808
44463288
1928857638
319696420
570835731
2044228508
1227658735
2046691981
1571331295
1555511767
1152991852
94294771
1461798733
2102307247
649776438
185280913
880141513
612163022
1769620272
307354499
2118409648
252584298
1083724096
1903238675
422123004
247967847
704159426
1181028920
2128456781
57819165
342241016
342528256
1922645913
1897221768
1728695275
1270300714
1952136572
229915628
518748312
1242033716
585742547
972958237
1171778314
1837512232
208422823
1971430561
941821634
581332101
564947297
1380883
81825540
1757336474
405042555
2135223023
776693926
540612254
52826322
666417831
775259342
274665247
1283534200
396355627
1685609211
1910755586
2033487610
1079461214
2071960389
1852440239
1322310246
1922590616
1495720153
1818780887
2052533099
1503905899
1615031220
703455060
1232876381
1861659922
424862585
400917815
1532550758
826136430
1323835686
446438677
1706132294
777387430
1150222894
1265096941
1209833492
961219344
1828733260
309549853
645001570
1919362989
1721653881
1858929104
671844468
411207968
190083976
100367316
1098959128
1877281412
185618384
460891298
447047675
1680510112
1446005090
1536403627
850706844
1740316345
257840096
1952149904
1488109361
1955065293
1383139019
1246911048
1714112108
1994259909
1477160666
768355246
1721314995
1413458293
1540778373
1358389342
1977466778
760605336
759645785
1571991862
609335088
1797941795
2031448489
1836050869
387504250
486234356
596600449
1283785661
1736507770
622464859
2049780037
1567394904
1951779156
811955650
349669794
529944452
1815193270
1964062069
1971154111
1351175488
1341496802
982167422
1320165347
1429730456
145782741
896319033
1478472288
344434891
1818132142
1335049454
972052507
724340070
822789636
92231785
1577177845
1679465063
1442510791
392013509
1617028688
669841457
1991158527
1696532511
1715654810
549758041
1268466118
1781878412
1424936345
524246418
1353535485
1856286292
944873594
1615321125
565741851
674952865
584132286
715143706
421475970
803049803
1850601810
1445453533
488257096
1543457556
138733666
771581103
1277853849
1114563617
1495987270
1102970891
1633498718
1489987688
1631301657
558045184
892024776
1680559984
1393828957
694102722
803029555
624125166
1184008391
2000353711
1451071041
1876588760
345247461
1259601195
1400907443
572446638
105493480
440214031
2020232708
921864906
1090329407
1264766073
904072494
2136170694
960393427
389227803
1807012226
1556331898
2123649771
1252764917
980009734
762655170
1525073195
795679157
743152351
1939201405
251537833
697727503
464519543
508663074
1737442442
701014495
815428785
1010291961
2087535929
1695735402
668775973
1138194059
630905085
1537864378
1375650175
142684944
269698385
308960179
1482115766
1581378203
1581550119
38198458
1524483122
1631958108
1716751417
602166012
1633610992
1240774457
1784890997
616813296
1725753201
809159145
355993051
1048316924
1979963110
495639422
397388261
1470297159
1639712321
1313809080
2041049213
153664964
486708861
144119651
185321207
1510281777
290567163
1995715078
1608557743
2117572306
318854649
60191822
1682763204
624736652
925467548
1088010524
1538284756
1731707977
1454318441
26528936
134706522
657668645
1984188557
1553681770
1156775333
1274575551
457521562
1946375115
333218310
2076476
1232766530
2044715611
1825627631
1025047971
2112505540
289480299
566873806
1007683238
1996515474
1399541732
1077907043
44738542
2054665673
1851107912
519795896
549718496
227302113
44161965
742695509
1466233689
1008792943
475883060
446673571
1213883767
396306788
1526579141
947549827
2028699825
108839067
438843985
289191422
1632612481
1366183927
771142626
1817639572
1973821491
326133319
176820151
1493721575
206534203
1307591276
2010871021
867465150
1084938524
1652363680
1071470696
1942099971
1884765160
394966398
371018819
387733866
876212702
367989295
1295489046
713981896
1034652329
2028135729
1200462141
1012135316
1263269820
443491074
1842342717
2018856695
2015295142
978312711
1460492201
1135301548
2058471255
1970648037
857181991
1730220365
19605186
1081001180
1898883298
915273138
843486304
924856451
168061715
620818631
2052840847
408493577
1162369842
1540726689
783544840
736643247
1208850020
887913909
948699209
503125719
846950898
1717510054
1682430448
180172849
274326170
1076458975
544513920
152554494
1630186929
308352571
1801237801
2080313107
27287889
749964811
1695416004
1297191558
1231295538
1711586662
1993565225
1977350589
1027272230
1025915003
1078107451
1509703662
1186756682
1774236097
2099201570
177178647
2011870529
514354587
1584675915
1710453138
2048721361
1291172420
1550074246
1694758626
1691270253
1767535658
1431497031
337564844
1510127127
189632327
1646709759
1347778232
1795975709
935700813
512099404
1561751313
1907359479
1197188123
1057878608
1186427897
917114344
432949167
782715051
1248388703
1875915735
788524353
255287370
607903663
1427859708
1202139242
1628427468
805554273
1158488412
1577822790
1067280576
972846772
771765532
424129260
284635658
809358176
857116871
1403530321
957287909
505809400
1217703327
1726174261
1482972507
1996701021
1285280027
788504244
1496975621
895862472
1851004542
384014319
225496664
950271040
112672248
128437999
1648808560
305692279
1531790669
1038337970
912097244
549719759
474728519
1448015065
696691099
1721495107
1286154387
1429125902
1291450393
2112734025
601128482
36338184
1840487689
1688340457
1575178179
742301678
1239240713
373686376
1478890209
1202176619
1564643968
174471436
1161065456
1505673783
267467830
836930756
883058347
1289679930
1967607534
1977922417
531562153
277828620
1892619179
121788296
626921203
1481097018
23756327
2100540684
495817478
1565210042
577689933
1449639790
733470311
1043342793
628210535
1738461133
2134086965
1892662628
514343561
521460619
2011327646
963986570
2027526335
1143222798
1935651438
1011253158
84262987
2125054794
400531028
66984394
1560389585
2043932143
118515978
1127290635
929662569
1646581203
2087595419
595086926
1449820319
1318142453
2006618240
670493757
168072188
1489306327
879309158
2128018635
1367722794
1085661365
1467081123
393543185
2132785939
1942884819
1595516431
1897101834
1536706048
806828250
371424774
1477421437
657893663
1072622225
1979315388
766516567
2016268062
1928183050
469923986
1623617944
1575284256
80338172
778796003
1803356018
1537174329
320744538
1241931092
2093598622
1009059378
387901652
1407063897
1780411371
1932218013
275044777
1314634058
538104512
945905537
706217591
451520384
114808871
1126098040
602076261
1579590388
830290089
215442499
741830140
232364614
890370930
1133696783
562941888
83313006
786621646
483164419
1550311377
1395290762
1328312252
70850541
872426249
1517311328
800706781
823471645
1672408159
779702371
1409941640
2143086472
1328380445
245350517
1790168239
74315332
1610693749
1013283128
1172435905
657776120
1450650678
1569262929
48252498
942047313
1824053396
165928700
2127745453
1311175079
312735066
442628057
13636039
1772000573
1429041575
1199876435
1874275359
1067352267
876156290
587265257
2084254029
1091905960
1039050923
2032843968
1572628381
1691637869
1052090541
738048787
447257891
1917412717
824203002
582304526
1396408905
99138770
1496303360
1979959564
664275918
1198369538
444126573
303772404
408149235
1294954785
550771966
483848122
716028362
1861001389
1600210315
125360198
667419133
1435353120
969335456
1351211059
6304234
1686124356
1605884152
462380148
882667059
745177902
2061978876
1768328482
430445837
1847243488
1270094099
1698057535
1962432694
1336945427
821349435
1728643721
657580517
1159836415
1533882275
2118067795
113801794
1348519852
362173824
187407668
345095658
612055459
344075946
675993571
1654904375
1648103415
918792618
1621474059
1475951585
334279888
1784961042
1913737087
1903329701
1089956355
722509219
521943839
988751260
1766589663
633562597
1570439195
2035706902
1938289432
257581769
2078541296
1619608086
402818502
530305690
669804895
911615757
369002327
1784073799
412521616
1839734559
123868748
2087133238
1923325944
323595795
1920322151
847618439
1608022447
1471469685
1212948615
871244150
805819980
394866404
1368534799
1392759390
1087498491
2120277969
581607855
1379745996
1376445322
1037947326
185859764
734056930
1507409681
1424475464
322646510
2117781772
1555876811
154435631
2130403887
697685616
1120897480
2136145622
1915489476
1918840101
481380549
1267904152
1069443533
851386792
1202655332
1749004445
453712041
873418721
1641500878
869081935
1443959872
1144474028
63691483
1940288793
243724119
1981336738
1061330849
1451277952
650074132
1014268077
1850096208
321201308
646047096
852508277
1885814335
114115318
588851815
1879563514
137318709
541760962
351736591
709986468
608635519
1934761225
208701417
1151246566
2095029046
23367025
103897871
291643106
252788537
468528062
858356763
786793264
620721339
1028601429
1590981590
1567968431
1119091906
1421576149
970729849
265156183
2093065105
1120352594
775417447
978484658
1860161691
719080520
84464161
229994789
1037033165
1203592556
227819353
1440581115
1224555744
527785584
534634241
636401308
1835619898
1160534072
1149355521
1317071196
2090090905
1299854673
2123360325
1395465688
1328757477
871404678
726259026
817505249
614851322
783590020
650362095
1162992089
1295730517
1327627341
1669970682
273150492
1853338337
1418697089
1720347550
1192968680
95176328
1081065152
531089312
1769641981
642865286
153352161
1651460470
238426553
1320459643
989731278
1369069478
388377162
246159353
1829195117
1662516006
1378932888
555667808
692461859
964745783
1236718988
39082545
1180476431
1794538670
651227723
2048659798
846694117
1821301054
199698075
33371507
1437026209
1015883913
910827164
1690352869
2078040816
214499943
26759706
1841689960
618630814
432324886
400007523
2075323728
717159356
169094688
759987469
1261544066
1699324148
617903841
523735773
1401617522
1263635764
1695967292
683869393
403737276
277758295
1799090856
562571021
1583746519
1628967482
208271188
1563870795
1255917637
563450851
1129274247
1275524650
2032833956
89393928
211969391
1740531511
1090702248
1503913899
1154834425
1228031201
1929306553
401753768
1805879179
1984863423
2074796475
641236277
1161248189
281824143
2138153001
662350300
667583923
165573773
727760027
1546538868
1606601018
1598062318
601123087
1417803606
1936253800
707632264
725351311
480172882
847148665
1894438882
1346913627
354261056
1695647476
934062712
737456989
1476847676
403660941
1036065578
1962686113
1557750794
1966588401
671573077
1869280569
70078230
1194414426
299770340
69058695
1303341024
1101027544
433129522
354441210
961266567
1614858786
2137989485
1895526145
914468692
790924187
1272091737
404979542
184130325
290917276
1182986968
1557749661
1133906856
575085887
612044582
1055761515
291018074
427302078
1866161022
1106757810
1704189156
656104311
368168705
1571953985
922985454
324195368
1927304458
223052247
327407809
16656312
1263190695
1805640958
4174568
269672457
1884640579
929598439
743560013
983629341
727496910
194323421
535719992
717540567
141596142
220108993
1548781162
1860632078
1572448325
1220851526
1321407490
1556876943
515136711
2017956735
188701286
588509753
508098562
1741535769
2033789097
2079000675
1525302313
961030194
2001874357
718100525
1275316047
1287982013
2026721888
1784484999
1746960893
566381548
1102781588
778922184
1062417697
380688652
754456574
562203761
227094686
16368953
1362512316
203956214
345024786
821437465
1751820763
1604243582
1572574816
308982669
253207994
1820476525
925375097
993545170
1192077997
1630031874
1490513469
1595021186
593147795
43675858
433871094
1210750066
557971345
774541882
2114596434
568875751
1949590542
281287182
682447937
332640048
1893953345
607796361
1760973267
1611520168
1302771322
1777637562
551576674
1908622003
479050599
91954208
930914154
86598829
899065814
1216491606
464163142
1404662375
1034098376
1966615841
342323784
1954075697
283371413
1924470644
939317997
1765828359
362092310
1787667166
1668809135
521373012
1577231105
1168801790
1878163841
2025313898
116355989
1101328193
727034028
1340008334
1771523561
1594465955
1180782000
844270436
111463940
872598581
2044669662
2109014864
26503640
1040888747
420206509
1569058366
438139467
543638047
526258083
339542560
1264209624
1414533685
66441288
1634438142
378029660
717205680
1025229566
1140176656
22606493
521218156
1650083860
1217699526
1978483152
1554699971
1138295929
166864328
2092151100
18319300
432273395
13604471
914523917
252631650
514268150
1070074716
258413832
906882299
2076674278
929013585
1489175145
88166586
1721968021
607151526
1399889526
1470187337
719313956
1378233095
818362942
1111573975
471030141
1826225251
863538101
217301467
250368716
641628311
1600132869
1082344766
23483411
300803975
293445995
484559479
97588820
747314109
1735633745
1422876934
1419009451
600185059
268628582
999889422
481910803
347440573
1947991043
615594841
1130541787
458613495
574597000
201440493
1048297914
924814460
67618849
955911320
386452571
902070615
667993984
1836653112
1671458022
105313183
1318932603
1423223959
867673804
196714766
2020409282
1314847843
1888058325
1075508094
1465851937
1508612683
679676753
886827053
1679453017
1542756657
238893081
1069793635
1142084754
572589025
741136080
1744928213
1281776468
135108882
1783784434
1885083743
707388673
1465437874
55722651
680694277
455024543
2098405309
1786675644
18661435
669805364
1909759738
1820011442
832431730
2064633168
953734178
4594594
460985778
1038477937
631365644
1317755880
1864324420
1463683214
650373256
1766788170
2075366116
2098469057
664390851
102092958
1979210372
1160366821
834937285
1221903914
1817532177
1045931558
1383298747
1309803330
186292899
512699498
1721688177
650026044
1160490652
933692504
1416089276
1618162165
1784966054
791292710
1594632113
14158071
774412986
1669541761
770157744
186754688
498031721
2063364984
1311090218
984283059
112941584
1328444978
1776539592
366346012
1418771785
1100293959
648527212
1484524404
1914302586
69550201
405212787
1968600492
1296836420
47884171
1938066045
300476236
687648416
1633212680
843189687
1754671283
2138572012
1775655561
457764110
1755870954
1363917455
1487680645
864655911
1010197150
1490295214
570586336
1725141030
267203981
1010734893
624081279
1285982064
283763117
2094139954
999932364
1138618906
283735758
191737040
783354186
993509419
557457642
391111692
1667852793
1540844511
955625106
1565905085
1860159101
1845906976
590257905
1929684594
1386527858
932330067
2111355014
1104006480
1290821219
1045127856
39200467
605997311
2067461742
1212318894
615653599
1458432545
64213071
646471016
1320294256
932496710
355404662
1313826238
403073908
250180623
1203991959
2138101227
1560521758
2007473449
1366387877
913699599
2037210279
1062880428
2139867562
1801888369
888882168
1981244468
381407750
633226694
459423996
981355319
102314600
956817479
164211343
747226861
1290731763
214073829
800470179
1390875463
147244876
625933377
429088621
597856986
1534235985
986177159
388263044
1243303536
921639554
96778733
1883627060
827211446
521586947
153726432
1586003219
1252678398
390004714
54803539
709813951
2126410343
1006124133
1469474180
372679535
775015486
2001360278
768675104
1941292258
647532291
1340456318
832480740
1341525075
1876226719
165858277
1375675855
538351825
1540765390
700977295
370557602
807214338
1269195831
1756409129
409794120
1476370065
702010556
1250670626
2026326707
508541639
730039165
1301128719
399470096
2016441972
2116625741
336379099
922161057
1113559799
568461443
2015464752
571474845
1597730027
1282915809
713323857
1463627477
432956127
1393526911
1413557010
888978517
101237430
1027315066
754536011
221026382
309477452
1298333007
361693928
386544902
1606153260
2006027084
154178290
424580947
918282477
1893748336
484317575
1218947539
494600764
919072941
1336030294
1039129157
404677285
651024471
467058222
312802652
311933409
2082279270
200184174
557808324
1142690664
1237054601
190665228
439009743
362478628
1294971609
1180057560
356517231
812497228
1048478161
691736705
46416029
1521616442
262254294
1924387519
1577746952
718658202
1587047402
1367922519
1190887852
1677572388
845965593
829924331
786660245
2030994853
1956197307
677113307
268915907
1145299660
1969709017
1730517781
916588526
1968969994
720140149
674549212
1963677841
276989037
1065399038
1322579445
870895689
339839805
1838905868
1236265843
711590541
2095389620
338144035
1278349455
699472139
1607906021
1602268190
418937967
1235789788
1100737173
1483293238
1635921147
1822935432
356552482
594359005
763183359
2053473298
68501197
943631165
1311325002
1641837632
818646760
1505784050
409422753
1692385927
555268738
479058486
2050073099
1732402923
1428674829
1391562268
2119354514
1989248403
1413782512
1113328776
1935017354
2122549870
440898857
394985245
818529847
559672871
1500317018
598888565
1611468904
1923463806
1885286989
102239676
1006697802
1573201194
1146963231
45354416
1830239063
1359052313
1669836800
1736728926
2102827159
1489527318
1803230646
124226704
1510905139
772487064
746776116
2053998052
1997733129
1438118772
1640762876
11566864
1769507527
1315841080
455199791
367424736
904630675
1823557426
484219069
2029815779
416919406
1828283456
114082326
606936191
1019709291
1847784013
50957484
1864483664
625706027
1977549684
296605643
1439819965
189178311
1407498516
1051413775
602885670
18104418
801439835
721229190
231819731
1938423299
1214355033
1386420451
217042647
2126551431
1797805214
1559151456
656358863
331275230
1817429196
214586301
484310201
373263166
1888615758
314814919
1411700617
1743479982
596821422
314821794
843786313
1216356075
102629984
595296544
2024785725
142439517
1366518176
1705969550
485999420
1175532794
81035048
229173843
2127815118
1243308253
221894804
1497203705
1247668234
490949327
374647219
1894253983
1195289054
322355742
1998428434
447350174
1240326906
1414284462
1397873548
1903596639
1971115705
1541487139
1985976614
68279418
2038216869
1944925434
459446579
1382958916
2024922365
1818443116
1223833150
414198930
1248112535
656024530
513907267
857802642
1363244554
253024837
1832076295
645608978
802674386
874764211
832623023
2081898057
871049511
167280948
238556713
698588499
1726254770
870554924
607024444
674241808
1255658035
1419234538
992708408
779465431
1756106958
191434503
1936459255
912516385
1964583395
513952276
1379795074
236763894
2001401772
1286200880
1337415654
816328812
85675742
1540243379
665289500
46675578
1442039588
1119066468
249928365
1417033825
512248848
695957179
289123961
800270901
1555788808
232748493
1129341026
158539517
1948099087
43516460
521128367
1502439169
949480594
1418204855
1345627823
1924806175
1173606001
1447495569
1773325057
734450177
1209048967
750867773
1944313376
122243129
548918255
902399488
2121752471
121416799
622921049
59902219
1615262374
1041161983
2119615065
1848188775
307229616
1992874817
214771524
1714409366
439571243
2048560421
144391824
35970839
1136442067
104018008
1961371661
834458795
2014443917
57619790
1581058730
417334007
1414248360
1476702417
1082968871
1309121046
945320715
2029474235
1524796887
366133930
1646969791
1992089272
600309103
936165307
1213458427
1209744716
43277396
779950235
1246468147
2112421794
1727356058
1056623527
1942365087
1450801890
1361231782
1918601380
2073679036
1469932946
1515044769
2105012827
1439997101
708902287
1308442270
1503521067
599984285
1792063134
1780989690
719969741
63536339
2108518473
1694245983
253766297
1041283560
924398786
1684683633
301954701
170305669
1243971171
614206015
1243946830
752119310
2051802778
531687391
196913989
1955252251
2004556596
573267415
743654409
635810196
478051884
1419956050
88619174
954748503
2077084239
1684662869
947095479
1521623016
1055482455
435871399
884699499
2123268452
1485760285
1427791828
376574684
1683975135
1781413298
331508653
1098122938
1501856422
19393914
1510333389
2032210134
478111600
2021555966
104709438
1147654007
850810516
1472381266
1441886377
440235625
718670681
2015695120
487232298
620400865
896789612
213120612
1912974831
1630915405
816938948
1659982636
1458613979
1993721438
985802533
1292310794
807938127
1764946099
441721872
654608484
652499526
490891589
1258153075
1286403474
1724318101
987949575
1055954545
494999570
2059071713
411351369
1850803482
1489756174
1721135296
780510455
397917261
731633019
2014406502
28967959
611939643
1051852075
717244871
180076904
1987627634
1787775046
1608831839
1505258864
2086810632
1944684927
335906302
345463078
1146309754
1391522877
693957433
1869657958
1678662609
200221144
1330760580
1701759032
1895509249
132686065
71874364
1112672784
1767254513
671746797
675345918
2062644409
1527692942
2127143535
332187663
1697626982
1140197079
767982018
672570837
369006311
436126147
1603150046
1371803704
103356417
560959070
814865294
27762908
482214232
839413512
448028717
726811302
1611868713
1262262030
452533627
1790290397
1417341028
1522630074
1358825687
120087544
2045018785
1607744263
1141437633
591181957
1740679900
548809780
1234267944
100356432
950206451
1996611393
1028663090
187869767
1295620410
1251559448
1392303070
1840007600
1750308622
705575931
1174655512
1194901768
1137688205
176567865
194761597
1336112351
7084741
406479952
1875227487
348073057
948938716
601160280
769547939
450653014
138871880
537710261
562852075
236621963
181218370
1308639059
485642916
1780793181
538524403
636509391
1160634518
1057722170
1124742415
1025335157
240031856
2131526656
1391057824
1621451566
202068076
171462384
1897891254
1483107323
1285584158
2047399329
1980498500
1141158327
1465896686
1573783
103252880
1196831974
815452615
4743569
2056949827
1117035272
1890611786
1741714994
514522723
500585010
203916352
532278823
896922958
1047526783
1591648537
1518701753
1368389610
268380700
1685755342
1640293165
1111750460
570378754
1146903004
1905971794
944401410
904526424
2005371986
489935224
1173453309
956534057
1392671531
677838696
80681176
135585764
693678426
936442532
1966491543
41121334
34147374
836338026
432555606
1557716664
365452024
674552294
1671092319
1403674487
1386316746
579994345
965512903
1332865481
589050686
675720032
1065360006
1164531419
263393554
1877603228
5744307
421063569
302153763
686748738
1068055226
53093659
356049754
1685065754
2118460556
78630206
661744672
930876130
650603354
893670929
1271034285
1247144593
1703758078
1165983537
753421777
624467678
1636281629
1583628484
613794797
743404027
1636026015
428343583
596832113
1639202995
1671599842
617877390
49527187
761559680
1255705255
1071802843
651089882
406710824
141434277
538363756
519983657
406078904
228230143
1807019750
445813156
1091602000
1534155912
1666535697
247526901
1714096525
897346432
2084105651
1647768580
1991342333
1299864757
488472518
1104854171
522811910
886803710
1649603060
2082630098
75581
2058739010
1156782668
1548400221
303976378
453545279
1010614040
2127968841
528318318
1179196457
1865605732
2094936924
118607932
240268351
1338070848
333304024
1479966980
804101263
2143788310
465636328
723736254
2119316317
730530890
757073056
2029306962
1745809467
338762310
1303374022
385407781
586935923
1476615790
1360159130
1578238759
1189773087
492649768
1481411175
1881176795
2095924083
541414806
2051960568
2055446587
1798393633
1104348219
605294960
1172570120
729895527
463550563
654899413
1486303029
1688980558
1085247613
947341048
1779329563
220546369
1077067057
1424709377
1658912086
1868534008
771042990
244638666
639858056
1047468184
1728645310
1171174788
1708955793
1672949070
11296408
655743241
1300833344
745955946
1247852379
165240023
1522489408
539750355
190241447
1873516533
1294157059
250551185
644867189
1803417810
737993931
1358015759
389325110
615537156
2028010403
1048995461
1162097262
2044518942
1140703187
438601710
2061171439
2070505630
2008828257
2080462900
1580389101
235365684
1451740053
1224259822
614302752
23815495
1319867435
1553842043
1364889272
1201998550
1968755749
1349277513
826881078
1033933306
721760129
808774927
1740098916
494591958
544413274
1979391991
1202808170
1064376406
752149447
1436580980
1615502908
1045740796
580634594
852770348
294575438
1754092151
295925407
299965106
852410155
516984674
713793650
1846678350
1244714096
1574572651
1076900488
512184157
277194117
814456919
827416489
1416887968
2071985867
738126432
1436315532
1138639830
1267893648
1597103349
1583765351
840574479
567513892
1276540147
1955142271
1935182811
1835555511
267329246
972354074
1388526827
253252526
1426103400
916864365
1992224015
1690955685
2143449931
500251403
218910027
97097080
1171710794
1093961624
1755391858
1406920221
2100520014
1973643099
1026719537
607930538
1979886768
486069568
1250475234
650690255
434716542
2126797969
332849256
1488715996
1467319053
304199667
762165754
997646832
279207630
1481390600
1027878227
922352760
1468227988
1755250180
15563847
47228524
1008300079
1406328735
95852608
659434803
1256127299
225131365
1036221639
605969010
456048156
392328905
1059426727
139083744
1899496325
1028083906
1074009522
1257393032
2132506237
1092352451
1292865583
2065605722
1023112638
1969746967
1167674313
1747373586
535360483
1561181191
1523046495
860984760
733338913
177551478
629249488
1315849618
1943405837
498856566
1623606615
1112023537
462921109
1731991040
1951442065
854928600
1176253544
1742420591
1031344039
1998664350
714816137
284291629
1785867069
982916525
697766114
1639785265
1176016550
191009744
1271767054
904537929
11445943
1545591073
63796593
1458484330
1409099642
1962409288
1597532727
584944870
1467098740
2969417
215798038
1619588970
1928775026
1443109298
955133170
568590244
492114942
1729079104
1086746312
1655930478
1965486572
587435742
599309458
1656744378
1231485564
2102019998
1587461681
265874653
1356625091
935462245
199849309
756795802
498814880
1730207086
840866432
1108180739
1290871664
866202022
516654022
1027193714
112737159
733439406
68588374
455578306
539601345
363977404
1261972643
1268056222
195518429
138687456
776221770
2081042129
1209487841
824107711
801969333
1609926492
621322388
332659483
1862880594
60918521
2080099259
845827913
591693973
813003515
1831267322
2082460939
965032497
1712429116
1076819322
234639564
594527570
1828234294
1064239650
1140148977
1586506487
211191983
1049011097
1350847236
391331854
2006335656
2064137601
196107509
186149866
244799411
675309677
1772870783
1894051371
712260407
1026513607
206015086
945925466
879382948
99441812
698083213
1525451977
1804917691
131285120
225040874
1252412259
1414241267
2044716738
1238604020
1065740682
1863731011
1760806737
1060036893
983209733
2047196466
429622243
2043769054
331688451
677644318
1463976516
2144914557
1179786447
1774986573
583438044
135154286
1962742810
182097292
411403862
908617682
1174859078
784839938
1881016473
1607099458
1143428440
1516035070
641479303
147007073
1631774119
97863234
854286461
875325418
200199110
1817953491
621148227
1529555494
15398604
351679600
360463300
1362260495
500944344
1506787079
592126696
415845487
2058120719
2146624438
186400255
720706121
1931637092
1118062176
1940365312
1988699475
306986135
179259708
839962821
1673296808
2106774805
1662348208
395822909
1938232476
223887316
431059842
1276570528
560413749
892036908
1535073552
1323770427
22038658
901417337
22680194
1910693009
715363595
1322069606
723512766
6370513
1546962745
1202628349
877592256
1176637281
1685740138
680661382
2118786555
1346651443
1009480988
1738074679
26722890
209638978
1756103641
407183203
277586730
1492525970
650649204
1547677993
854335436
690368870
224375771
1753011964
54816765
444264956
1254325800
1776725452
2075433911
760190767
1453604824
1893166898
691026951
1429073147
1838499506
1254895226
1228735295
893828090
1782790386
1440292754
1734478911
607924988
329263397
1636328750
614003822
2088196670
1046868677
485254979
1815198320
1281461410
728751656
1640935613
1991927599
737868540
1535937725
1627674090
479952323
1399272676
612969823
1276175167
523908095
136887478
710342818
341889819
949056074
350527586
2051798311
948210615
1850907805
1101470895
1704985571
1542776385
1455366545
683820644
1533490136
235551956
848024518
1316994504
1768578806
820969414
2017397167
268330990
912199177
1635177827
714769848
1337274705
924820780
350437238
348268180
1010030634
329570277
1505675469
1274044272
668647008
664888683
1159183635
531200154
644007042
1170283734
360932853
1853790004
120466170
1672227195
2037567807
647073219
1232829621
403678994
780279820
237663347
1370718730
1527545367
1535859792
1238370572
1965767223
1150126052
392550094
1920194458
1674763702
321256274
39521911
1868769891
225110184
423174222
813309321
751682120
1509436828
1162628201
1595060381
819156763
1800400468
1434724274
264274996
2116607817
531955641
1701722017
663776105
612802894
866054855
1750578414
417848884
1412434563
719603736
1234347619
1794641840
1124487297
396404874
1462388284
564497352
783735018
1733306653
1252502866
485318212
1219914105
347640774
916965474
2129707220
1574576292
2002369262
1461949390
66080954
343881150
1732104899
1030463438
2006961544
693272828
237163525
267902162
391864264
602459153
85321236
424456156
954689101
293136935
1203360062
676744740
2038680856
1831377005
345077863
1337680584
154921828
2055022069
63397062
1623718161
1518070286
2007032825
1946887805
296858214
370454916
843996844
1732130770
370557330
804741199
861035730
113788716
196423533
1494305108
1639295027
1233977680
2089150197
1322350976
801087026
463188880
1516964248
822134641
421693318
1909587515
1071909775
313878468
1925363874
1640664763
1816008694
1800080615
1235843722
680583631
1625636085
1617464539
1339341288
11734507
949411980
440143595
448036955
1114281321
1213627371
1865859781
1078408277
112541868
1428529308
884022897
753246553
1750532208
681591812
1711317987
1559218160
64870484
297686137
464007384
2058057384
31510657
1713083506
2020332223
969255319
1154674817
1665580989
1110517608
654816005
1172521301
1589180165
1354056107
66136933
1115871042
104232142
1413552106
721922528
373941456
158959850
849705768
1657619604
2064962640
1630068089
1491571734
1919866935
1800563368
104465029
1680271877
1012603221
144437636
1342259889
1818620278
403925921
852519229
1448066849
134095173
497517359
1779155745
539022387
1319670280
309119842
670246036
376948061
925115306
664967350
317665175
640594246
581053426
1087643540
1208833786
848809693
1161997449
15283593
1986082611
1978789946
1527320915
1777785126
685701381
735137863
1020425956
1828749978
1640479814
1690150443
1895200915
1543191290
350292301
694583731
1062962764
1233354140
466635685
518975401
552059841
2128011294
1913869423
754017807
374828606
1371701724
1546576922
956102723
178375164
1230456132
399260986
1651299203
1630902803
693423980
1352580730
1151009534
813047145
693915735
1477084345
613383060
1828820394
1310462886
61150626
309096737
1919571257
264558649
550048241
1845031458
1647006999
842658036
429256457
1758121011
1103189012
1888300250
970242603
263239514
351370253
1584891626
2019221973
404605935
1768329499
664772388
1134823563
628571517
1693296320
496958017
242999074
1967480746
1740332911
1389824467
1001457350
1617490509
943894918
1363606720
233437948
1653978564
1984312985
1370707929
1792345172
1618167539
1055719609
814765410
252457631
803554233
2076440996
994053606
1109810881
1964750672
1253361852
1364551722
814626297
976014861
1159413871
984404381
1255688745
1041814121
675436059
2085338718
1752247984
1396273323
28417668
1662513560
1838979177
1144865528
97801635
1821871621
1524533545
435201577
530770862
722136573
1980203412
1127536108
337124429
995181325
725400401
195448967
1146784757
1613299575
1450535848
2090042362
765718243
1467811202
1543900515
923058487
1041151804
59744373
1358082892
213285072
1905478340
183780228
1910596081
419872736
1788723674
526980069
1235579604
1509366602
1573203175
750860196
779943267
1283691608
810378189
1177611934
658066093
1454380326
356276975
1097626106
1470844531
1422724337
1156317684
204119431
1171073501
1855216539
522299932
1773952875
524400036
1809811206
533984397
1804201935
551752910
400045735
182994980
543609395
1614368309
1554249642
324063325
600677604
2027024076
548161954
101974689
1731496356
93435102
298054290
702983708
1154207174
1480147192
1904909077
270634944
605469249
259379444
563065529
66810567
904963189
2113339960
483761237
420533574
246322600
1260559280
1064706566
308418401
707707903
1344233495
877212178
1997615424
784781941
1913645146
462348814
709357870
287430829
477529586
2092809252
1070580248
205468758
81472659
1488343786
251918703
904077304
183264587
951917936
837266931
1357517888
1450461185
1639685146
776476042
1544548405
1184529925
1651098625
2062838661
1021044872
1544309879
102806601
1798594332
1266827550
29599253
1295495446
1187383615
1840040998
1984316836
1726769420
1959553976
1530606462
425054446
1207402697
607614469
422315907
136970698
1544447866
1146000689
738171123
1013831938
2008249022
1814481057
2080741375
1347999976
450184001
2146255210
1663466725
475874984
1138651438
1997506584
1557772338
419722566
100040621
510274212
1444522794
1236408277
1280645606
231142251
608593868
1931975504
799577845
1209247426
923285772
46172459
28362211
567953910
711127953
1367404940
911147638
295956562
1934298379
1479466318
409768152
2047808227
2049801623
2010106024
1144537708
1300393364
335242921
738403560
794583484
528836072
1802142901
1389552460
451798688
1340537120
289105483
800261805
569766604
2013016705
326528302
1837710972
848729558
576661926
682661355
632653779
518773116
431458486
763955336
1479858438
367662530
1127586331
1739616355
1259787059
999984608
92856311
988486879
1973386310
1127699341
758853918
966715822
1838023173
1556575183
326721605
1000205859
1126269806
2063362833
74607076
1795094213
1385489317
1831985568
2123770385
2146747576
1340777452
76591059
1679596445
833951244
872531416
2054564245
475962750
866154139
940356931
291550144
1789477265
1794889485
916667300
1891803154
1817485990
1655500391
399014156
121393373
1074217734
1602904571
1599989551
1306436989
1278145104
1492169904
194798366
439791406
1926773701
2121072781
726417421
1141091528
1026383093
1550743120
1905615136
1050169068
688243563
521119137
257973313
1695040587
1192170354
1663602084
1080140640
459476628
1077458393
2063234328
1141356526
240983445
623570532
82217528
1755669518
1172845645
447904432
801131427
1632697675
1851528430
170505992
158120033
1427222328
787510586
1963478580
966739945
1880345789
459881014
1726115449
329624124
1035807534
1240857927
1094748302
2001948862
882541668
1432737799
1087935904
171818558
591323326
384858145
600958438
1738186402
390990155
703954031
1155298880
2117118040
1711997563
1462966348
1325715183
1894531841
803442142
1410662523
1649240507
1875442104
244430063
1440521984
423010334
601927892
395074263
1334022174
1534992753
1922148455
2057295648
1280927041
1249833410
147604337
1185388385
947761846
1471868777
1354340363
1149356604
192373467
1043783985
688637938
1651904696
810177227
594677068
1852383426
1483225390
831272613
350377749
612566052
2135949695
521782748
1795024203
1300863061
1284432217
1445801724
1392201847
1137524593
2078071731
1270273126
1553029451
847173925
816142854
871977161
1763649182
396347894
969739856
1636418152
1036389303
173198182
687463679
2029346963
1109251768
1440646426
412471099
493704899
558671531
1389554643
1239813522
100264403
325798446
1155689263
917430774
2044060539
155133167
1696584849
1207812523
95635224
1282580144
628234240
500326493
1388989829
1653938448
590267577
830458173
1672718819
558591434
736907355
