4600
1703977181
447432005
1157276415
1871446119
384891856
12614357
1305873917
788133319
904845152
1236675476
2076662000
993410554
1216802421
1599419223
1536007516
584307921
1577154556
318431335
1426282755
357670493
1010063891
464916472
539591904
730138057
1434543165
1104384505
900150109
1612736169
269062398
1803212132
835106252
1694907671
481185953
823909681
421088195
121249074
1989794694
1469021004
1242192098
1549825106
573017039
149608010
650846936
31330529
1680162862
1680290957
656414671
1187541636
1887880693
2128548060
163093653
787997310
2042907511
998340347
1222271839
1454134170
406641117
1635559210
1179208069
1532365587
857069537
872481645
1450491283
255004775
1781568546
1461535441
1796451877
1653761438
2062472913
706014808
427294641
380503901
933198846
1492264081
419597056
2066527671
1804342959
1181984458
440443821
679248805
1807784484
311962708
2136745301
1582772280
516295880
1764228943
178719532
1726039489
1940472303
1857937632
137072025
469041967
315006033
300954980
1263126615
1833569094
150198399
962295959
294381830
189455802
1203822224
1047460302
2012865849
596186816
329817381
1610408055
810924226
1759606802
1529539354
1454274618
130624539
1921038402
2011722144
2023605481
414065183
1377442730
83468134
1618304893
758804261
448844938
1138336135
1469553020
1761097348
1861561094
2069784358
1374546366
1125372210
227962301
1381411468
488743056
866663331
982165928
1636238398
2082399252
844303519
1225599728
383714473
1122169868
1148777189
2058667117
98522754
632731348
1573108784
1466097793
1732897199
1377209525
1031987803
392976700
1414865996
245919051
1068999359
846010383
935009765
180439730
1219861457
576159466
18735515
890945057
107017052
1802541049
1566160827
1685716167
976422196
2131365282
276723917
1411977995
458135833
401271794
206104409
1900243310
537698520
1014507255
1380958
888574122
579501852
600698037
1700970326
1257788918
1541592337
1343929564
1982127268
177413913
500816068
1236093028
137690152
1405718184
48641071
54926066
2070140109
825389312
10447316
291375600
1035980030
843968365
1622852782
53636602
1674218824
1228213523
551538055
1434984884
1886820978
295987905
431835528
607538017
719714093
1183011869
300400619
1890184364
1174589334
1311249049
153782590
145963673
673917371
750422689
353658032
1376632229
1330159970
1463164865
396924613
2083797760
533539263
1353441421
1832751048
1529963532
1663948664
780532392
1722947950
1933463116
1419031273
397244424
21106026
102741109
1487049478
227754529
1298371593
1079180888
1597636284
1295871748
1513482716
1966870747
1953240980
1503253748
1126870577
782558876
801147974
1198974593
699578693
754970637
2133955290
782489640
1960278792
1392393102
1028975043
853084810
617209976
1479173687
407561305
1781121163
1620034121
56185626
153909989
2111838814
538500030
383888493
2043766351
1036278251
1965311909
95103880
954679698
2096132043
2038401016
2034673936
41071745
1919995642
1363677910
643822878
754165195
2131986603
2079877621
1710913431
2038789455
619098533
1596569535
118069380
393493993
738659683
169014975
1293283455
568336566
1669333851
686726827
364920926
942118475
605936069
2073025382
672346498
1341245771
909327302
1653623657
1035263810
30538026
2054358120
983516502
1730749847
1469899661
958354121
1167828608
24492567
229193552
1106175777
1296116138
211356773
1179913765
304727711
2068989033
1332014638
1631743814
94250836
390565359
1450050347
2113460700
707699953
1907207539
14744096
729929231
618314965
1098567678
1999539239
1694273883
843223632
398763658
345982381
1024229008
734460655
1382018337
2113934999
4391371
495375018
504526913
1421388244
549200340
1620744240
622906268
784107218
1799832188
1477398784
1998600142
954726509
1486153483
1581364754
186024234
712621684
1124236441
593143694
1963986407
1970963674
1673341839
885909833
74816523
1761813596
940880721
551298882
9076705
1198697185
1375161068
674840981
480012939
600124426
481266794
857202869
93173547
777803876
1226663574
1174098372
377701063
1923800741
1656952691
2110827299
1386137881
1683198873
18820696
703608835
902744969
2070766147
518821429
1841835380
1188888382
79496246
1526835152
1796318612
285492002
869630461
1151812734
1351673097
1266097921
1915779847
1465972556
1216472690
2036320393
1466906153
1883185257
619851518
889369233
739604953
1358177973
1332275759
617390746
1362046043
856011271
1818119950
1228230551
1685175229
2140335623
1378044785
1719633933
2039107267
1984484306
1710913669
1166008351
1181334692
1748859924
692279185
1655892042
696208754
697006576
1001969048
1661725349
2113094176
2124823743
1457788856
1241854580
1125262641
276855531
1241812870
1956305183
825877089
1555931945
1154373480
1224285651
1874438049
625432453
1249892044
1523008064
1010142447
348123062
1978641942
2014835216
1967064110
594215576
1247013675
724054083
519246413
1111816484
597919109
959827604
563039981
1881319601
1955799828
114715184
789490809
517076149
1598956355
240644911
1845430533
877951278
1496118428
1020508809
1021347357
2121088344
1892265933
381487045
444573968
484076800
2029255859
1960065096
2094744406
951327765
1243954756
2122802277
558310021
1435045760
2134247241
1055493760
631015734
586322044
154523070
1300846854
57241170
1937262099
828774326
76563598
1395623425
1606227936
528054205
565409308
249827808
588126293
1029206080
2006910312
1610709289
1754035735
1489774889
27579297
1587259549
239826830
781228699
999811291
67648284
1440447590
426703414
333273724
1959488021
266012655
1931570966
635157018
714786145
172413726
1273040361
655493896
1885778905
1734469411
2023693698
289358053
259767022
86949836
386572963
404964886
2112655364
1133671728
161690828
1635944778
1402335105
1096478390
356129223
1110774889
1143815711
377560174
878881480
1932143350
1508569177
606091746
1685258190
1164537681
763476675
1220221141
584443063
1413124575
1563659045
562590225
143594654
280790881
234178448
2141143264
1827847839
1112884871
1320310624
1509696843
934367895
998444656
1189147489
1266208081
226006028
179844378
783826329
367945807
1233844172
1527414129
679027250
836509849
1104037744
144635350
794492700
604675515
569544059
551247330
1909265622
684035927
1030900269
512103756
299744886
1046757002
256700295
773689740
1874358726
922364064
964470048
651189360
1330349974
992518530
893932883
681482787
1531366451
237665675
145948762
2018383826
1019467602
1834140670
1013537112
1039786363
940125319
324495638
2024712833
992370789
2079925124
971051227
518652189
1633878412
316512381
1777916061
1754571205
1789027152
677471127
101525936
191546651
814877810
564697726
912692088
501193598
5941674
1368954760
1124445635
1979029839
206689401
1686162067
1812136722
2143030211
1699111112
1937068230
2074739399
265483407
288371690
147608963
463993685
24522320
1697423928
1011825143
1757944948
2125519040
1020286290
1859159425
1456832940
611978638
16235305
301440654
811353240
1268505465
744422210
1379092946
1545770577
442862403
476738967
1709437764
340976390
575286370
11061359
904838799
1634728714
799828082
599220007
151674441
1967932921
423141226
340953039
1412871475
1885142076
1196313800
1702498793
1341144655
769812911
1528410870
1353937990
1926249569
1769879492
1344196506
2106751956
2003481476
1794162755
706123884
231833857
475736044
1658218111
1008697098
1298278156
1519462202
1163786873
1432501490
167747918
1594726466
907092666
577497186
501973475
711054273
31968933
1503547442
631115849
1365345217
855617777
1412931636
676538084
2006469821
2070987146
76696948
796694950
1026833716
181913642
1298024967
1631790203
2134247053
1548742174
347374234
777969937
1909980378
682907911
151363771
61883721
1245503274
1797442852
1829050611
874687002
1570203650
1272469225
1657896416
2004965456
1360766306
1335950800
364584194
1728585864
791353657
1479769774
1294590652
1352169556
1934401865
1408372087
1648592483
228335762
1604397037
1906909109
1158872881
1119769687
866524149
1191526163
890388378
163872338
624341214
379118371
202848892
116357022
1239213921
1147884622
2042965660
1332628934
1872977352
237606113
1354971916
1317769538
968419182
1177703646
236534763
56503194
777448903
517335655
238284376
15121665
1081841730
88299054
1915837463
245531672
1093188824
565922703
188125384
532466244
150509462
1287799867
951031280
321379322
335105007
657103388
24819324
1325827286
920661046
82815244
1327500247
1307514822
96848326
16447996
357978566
481360942
2042351072
1510765711
1463157548
325436570
1538103700
656316804
1721482533
1152830604
2015145394
62899479
1767566465
845176670
543808456
184121577
587317583
1310418397
58473946
1367256769
957311892
708222209
1891038835
234500765
580755126
2101892147
625916278
1081476216
866017000
1082241814
1429216231
1878311702
921638016
944539679
902278372
2138447453
1369565354
586981038
1780274321
700403965
1962830181
427662778
1288732093
1700832046
1943696889
1644588409
900760897
1217459433
1661760202
217785795
2108748416
2123911135
1138214556
809927888
758904889
2124579353
307535210
1972628707
1844034384
1978843027
821294604
1945299619
164684984
1032932687
1298199873
1972192233
2009135240
1034695436
1109426893
1446546670
752318212
1325659557
594554147
399263650
687916127
2094881186
352671306
491096427
1964366142
1125566
963487560
903948638
241678893
1710430388
49401144
1031108213
78231931
334003607
1761311955
393508360
1548451317
984109994
69189462
773827069
410244043
1379734984
1443792386
1737907945
619529482
1644278797
164136815
780632716
829782304
636652847
1134322306
1013973419
1828740610
348877218
663489502
1198436006
1889540008
1619766609
266043617
232173496
249739422
1159273008
78234983
1976136938
630637167
1457207869
1620387530
390149792
2097638772
88562115
764135604
185924589
820099514
729201108
671709503
1100949613
336807546
1392493131
2116275431
1875874470
2048127719
996883535
1256555476
1368531654
1294681742
1254003752
2107258018
345176125
1516413157
1102324715
1338720753
914954227
1089810957
1750762937
600774018
2119213941
2083437332
1710484787
552314292
2000524769
197793285
420383511
556613762
2049969084
1342211678
183432810
137535624
1477644092
1134219506
59088694
1632586061
630124616
1467292819
1363691598
780479226
2010653213
1342609957
174623365
553029352
379822329
647886056
1660968408
110185542
1063903536
354650772
770550796
265569194
306267421
475163576
1010166655
732963725
549002005
24716247
283820209
379876574
1530799194
1911769588
1168681121
1566174818
1102160568
799856785
99134306
2048594574
1207693001
1663061567
897455706
1605112327
1334023901
1818268937
683228592
857929899
1787954258
1306506254
1254639580
696328779
1456384660
281233021
688848522
1961817560
941210877
1270332462
407808625
1754983049
489647383
1112761034
177664948
2036126633
1000124687
1681536143
857263541
73299209
414093746
1213428121
1058302085
1277845250
19202298
427950023
960179049
1738675025
1100101621
1198560078
520009413
1836871724
91200801
790797885
1164308263
2047698405
454112032
1411058071
1696665199
1144517154
381718088
738833640
62242548
1368089784
1869108006
1813036853
1908161868
2024598322
861486324
936547915
1011253940
1145988696
1540467636
127520738
967472993
1880327378
303086138
336316834
1208495294
602286279
1759370417
318181605
1711611683
1096487784
562955995
300848046
72712473
166189393
196041256
1082300474
1221364913
466296537
1789156367
84442623
2043469387
1051204615
211268730
1140999433
1796331140
938895805
1649505081
1398202187
183174354
1653019751
1872158614
665602019
421697876
192936444
1474153839
1666474959
518512467
575564972
456948779
190687807
1899413408
405938332
1268710519
1215861855
1565870725
1596022443
443227829
1048761994
421546622
1323794938
450619794
782851928
788520308
1384037147
1971165179
1160913057
1602033795
516300033
223551179
622763968
1485943040
1456796062
1062091916
2029538709
753577780
1766610058
1893928429
154642017
595011703
489167141
312487280
366418740
1237057938
867169745
265574630
1908588720
696629449
944371716
1550491605
603310213
481376464
235880837
1850087890
456573219
2011476425
103025545
1871062222
1317248513
657554584
1223947143
1530669828
1969129463
1572340889
529764257
2117857701
1481405716
596032076
833112744
30371522
318147000
1527581955
391612480
909584321
2122268651
1234922960
769528112
1191188373
1539070081
1149851935
1888536498
1532501193
975606395
1589274848
791127030
1621749786
24128425
1348169760
1431566261
1575592539
1892886866
1422957443
381877072
840606443
1481140109
1626184872
902668596
146296347
1157132902
1571871690
1110880934
449446657
1398220161
31109770
410530828
59490868
1450906801
1993977301
423694556
62149473
90291229
732223550
65277849
109180035
1676769392
305990628
362352399
399937342
648693533
44977625
177310117
986478435
1561743020
545926835
1560371777
877441422
1076571920
1710503486
559740952
1699725589
384637396
1635341483
640516737
1016200684
1019523615
1108041181
150779612
396653526
1914221974
2123991689
1090040535
526600103
1088187276
1021248359
856764877
1140500032
1675877983
354448144
980355362
2026060430
1223613245
1857134566
726068136
811543391
1920711176
1933315903
891844324
1570808369
798158467
2095033964
755664452
1709365640
1423728542
1835435576
779473016
2107552395
1534035961
182744076
776915624
1478742978
116350643
1346104599
148886894
1736396645
1973618414
371247090
1206169765
565760321
1113344170
324144938
1417164873
1554994481
689754225
1893981079
65365977
1375626530
1821063129
294794803
1836885787
1081401343
191419882
825623181
984505926
1757824689
710498151
731181383
701223548
1329566688
1869422260
132479576
1190087068
1013487962
1778347026
1484775044
1840019109
1788536256
43601565
341127874
2034904661
649540753
1403673424
1239773624
543580833
1715626558
889728696
1770886631
1409640478
1968368647
826651626
1730591895
422412531
1658320288
219362692
420433803
927969781
971167674
2113418707
81213250
1021238943
1656501588
651693712
937956835
1184247220
917347135
1842502122
1554155574
621786274
1703454191
1076896338
1921610028
1869376651
1142206214
1580128879
1781812100
1223585360
1990984875
1369054814
1675723769
445019829
728868616
1061501577
1906432946
1081455274
1000902369
1419083143
70636183
793039713
332757901
661540554
332798295
1517382481
779373018
2012221393
608177116
844271953
1026150694
1620755576
1971270461
1574292894
1350257395
579175008
151834689
1742032346
1714700323
1618717225
486436349
1860723060
1120141301
1156638551
1562147578
28261825
1509662067
1004337147
1272573118
817564237
1337292407
447757765
1262872773
39007509
1091518886
1169299044
942700664
1534660252
318743659
456784533
937115954
480947817
1932546526
710174595
716130378
537272223
203796469
2072284901
747683088
2039338024
635242209
2004078257
629787106
1366254136
136984286
1082126785
732262379
1800243048
1950217784
557398030
1492346994
1823372819
1860016021
50407099
1053691759
936339633
1559582937
890970325
1234916788
926842450
541997174
631228095
912374546
1102831406
1917867119
182722475
766136579
1292052641
786092006
1560643635
759743665
2034114986
425345635
1684761605
616722621
369211024
1650896040
187680244
103643187
483802586
1414658161
209676033
260106327
1013711882
288357732
237176902
913236837
1924997251
889262191
629285428
1795281445
1534955736
2059933940
1116769476
1398120116
1130012074
863318074
2016929980
887486059
1068140315
1907213911
451792403
1980404821
2102229089
1167806893
860341868
2086310749
815842525
1074365569
1266551758
718260376
193293073
876415860
737022214
1688413559
1570431614
1410061060
734909091
1073422873
99561174
1239406428
1348529809
2107977536
612711466
1617787141
237012138
1764962623
87196697
403069980
476503727
1995833742
208992505
1032965637
1833951483
1265498394
33700517
794014736
10437115
1374323484
1810961120
2009792944
1906150299
640792166
1216231724
1192277526
1291641401
1462302915
1401773913
390095768
1828099569
1855432771
673678695
1888697586
1324513835
876400078
1968674450
1308011468
254346876
1351669674
686181521
319254377
1943092745
1168923507
1637243982
1484407355
847995051
720166965
765586033
203098250
1608082085
839954633
291129099
2108393196
1100361037
983742161
216724070
1913298891
175941304
447699862
1465968827
976034359
1441759781
1239118660
1211578071
328265762
273864986
1175858988
1875498551
1140073571
1365805633
1463752527
707776786
1916281145
188768942
1228475732
119385927
846896665
1366101384
1241732745
881928673
328011388
1632554199
1402056162
824649598
940808127
2103769392
1732009679
1713176791
632590197
448219806
1656841956
1746799849
2028044802
1351083962
1559208012
18773231
333627455
1872707441
1110766679
1285837039
737048044
530753631
1466471708
452987898
1194608787
1577502893
1531592807
2132086816
1390836893
995018665
894404972
1567865648
1885971594
946422892
2054695791
178625070
1962137287
790370170
251814830
28110501
1459907669
1032837619
1308120052
2061007350
1765623307
1043084912
1705995383
774672851
1246141490
1779827033
41082491
1405254929
1569084330
1572870330
1857164887
2141132581
1888738478
1411386473
36453795
1168227537
1701943550
238522124
263308780
625770560
1370802744
29601215
2067069541
340174164
2128938927
318951430
1073912437
429549036
410795375
1252163834
1897626557
1255079388
403714493
705035957
600323235
522190791
676238157
1966510825
1050660490
1949495490
1133809803
49197937
1431994333
1254894836
1124791430
1615915478
199847512
824447922
1733283429
1459323913
1902934303
60652425
467050100
692718769
1572801560
599682846
1380453728
565545757
443873332
7090337
1397369349
1600424873
37771119
1233880830
1178218410
454815857
1205433941
1816547528
2038486152
1960937542
1067566564
2086101525
558505898
868315334
1432016667
2044569432
1384761235
1044856068
1231706983
1918341775
1951733749
1935402652
1732522079
1317523189
968581260
1884915080
548630892
908344722
1919281888
977653980
1474007566
1297103153
543717645
759457390
602570813
788734766
1170951017
108125147
43306567
1788622596
1148694319
1366857138
848618939
1912907552
2001736813
2085644526
1636188404
1356923020
1532800139
1354367580
1771417097
879941578
873828539
338106088
295671941
1055636640
234057577
333470825
477453266
1477605037
1586480001
1817856332
1914871131
674990478
1102942718
1741266224
1345040189
699793656
1998827543
1630056694
870185436
1072530629
1275171366
771657502
468414146
178435607
149397946
710464464
1286210259
918213266
1263278792
529094037
1953509270
1564975445
1728410589
1599640844
1671921362
344499931
64178797
310244700
105782289
767992055
658430503
1649327293
1790996198
906644475
993786737
1387584520
1673772384
785346019
1712564351
1386119198
971691546
385166322
809569483
1043818657
1787675276
1129096455
17439388
1197279666
548241789
826726328
1790749050
1977512766
1715259609
1835191687
328801407
842596639
40292420
1511853922
1083412579
312661123
328016783
457269811
590647846
1800672007
836074519
614451790
201481446
1881141078
1228973083
1782962342
117153805
110000429
1617125425
1937587890
801951274
1019754115
721052172
418425354
931721839
851739324
364003921
24635884
634326915
541832937
1788642093
2906694
1399129507
58596174
1139448390
1233557717
1953562831
1756405291
1017643850
208044160
1150971521
630215835
759978468
1460039405
125533550
1318961859
1142848599
1325059897
334242246
523299986
1870771494
645852987
147825996
22490367
1516629591
1617959789
372096055
1543231179
691268206
1601700712
1971332176
1257020735
934184863
1812424167
1077791420
1701495748
1315047865
1340212468
1271691882
1025119789
542796883
1562174043
237114000
1212066130
1610202481
831505373
1316897792
2002412265
1541898024
1188757370
163961037
1197165111
1530008132
1648529250
2049474880
917217244
1507534976
1052733202
500837140
479510053
1428700867
1455963740
1757994668
2139472415
154148666
41037431
22554269
669973159
1463708599
833304073
4914337
1384325363
113651697
1634635154
673530128
231692685
817658861
99906352
1752021016
2084240291
1733559755
50214832
1163497543
1688216125
305321119
1853854172
1686794615
818807621
22737355
1090927437
195564045
845549885
1730094240
1113642191
1304319462
1134879170
1000125238
1881543161
2020144251
449306595
39005540
1323118137
167093892
1809891947
76758867
229156946
365288827
1040698677
1369279099
527714081
2086207612
637393196
929728879
1808229917
1082667861
1768891601
1832155440
2088536157
194815198
1663560621
1392266059
348075567
503932056
1504430005
2002952475
1758535881
2058469680
1455478855
122539197
1027051176
247803767
1872737239
1626725412
118624096
1884927798
1385766585
1041214271
1048279210
168684201
1478659210
1190133290
1861626360
706438212
1113221044
1654629122
822384822
1868745988
1194664477
1039768874
456074476
1998219876
1990462746
1309431350
1608005077
2045261133
119994843
1497426
945790130
928020352
274309576
1536890049
1832272550
578941631
1009636987
287188162
1034099719
1000902060
2091088407
1246733625
555377935
1561299954
1559183254
242289674
1462248820
58477297
304165687
804654059
2047802753
1028294808
8129035
2121727398
1264335375
1945317776
2144222073
1647203177
953298982
801552329
1111351242
341447254
589947500
1170468917
1578654297
1509577874
1062005769
328497457
475449329
2089145486
2110305851
98019624
1386756226
911048252
995881769
553976906
955428490
1718094191
413099002
625949517
1465640897
572431622
904585979
705736941
1527442690
536049636
867678604
896174415
1425238772
41657420
1054948273
1625243364
521916870
929345865
457485368
198296074
1643068939
1897887052
241264896
1894915663
1951148158
935909528
1052401584
734046410
371252799
671721263
333039975
1467004680
1317454236
885418846
1576546162
1888738443
57495988
580407180
191346412
118927727
839252738
2049444109
1963242960
372777144
71413724
1487129066
1376554582
71581161
1490110410
1403599703
786158599
1543218317
809085209
404520947
1362409353
1169186029
1387050995
25509376
1204730593
507595680
1735921495
564834714
2047913470
1178412852
536510653
239585021
1744171564
1670772216
87121147
1288715429
1765803958
1416500529
1745781803
1516228098
506814645
2041038542
1776827915
403465540
1800306234
1275086819
192141836
1374967230
1146246191
1587506820
769398718
696360406
981661166
103075959
1923372749
1635463673
882608654
1398501602
1814663130
1688030783
1853916851
1826420646
431100933
1569837387
1503868487
319647338
924653021
1497472380
909738819
1039697711
2036529317
848823340
1082854521
1287219990
1714907619
1894856634
347373950
708186110
238960774
1351402842
1986152139
454498129
241444305
1585256411
2032362051
486880170
1577845998
1739391346
420851461
1465194452
350372862
1957973635
718035452
426437626
2085012431
710172552
611427810
1128156448
1834920010
680905440
558168024
948425368
771680386
1755318395
599141183
658578471
868263776
595862057
25112098
1983932706
1840272288
2052288381
272426466
551073251
1915260840
1778079538
405297819
411525652
797565587
192879048
1169239058
2111332144
60829683
994616186
1239043523
499771141
1722218500
6907609
341445403
555268426
603807894
1858354790
295588730
1056826015
1807418347
1161385994
435572491
218565002
1568049880
856499654
1178745484
835864267
95357747
2112051502
699042703
1352040816
610873676
868672784
2130664717
2004964978
1957769176
718800885
729883480
856917627
299005879
1247370809
267626587
616885240
3553536
1995766844
2080133068
458816014
1291430582
2117243138
921478226
795656757
678239003
53973002
1949968949
1323795010
1422706706
956982193
822377663
1846983632
1000636284
615622542
1663742463
1163841815
2037319426
866675344
294717377
378088459
807554244
692091165
1616369361
1826155641
1987665815
1068216250
1390727047
657399267
1122840230
1468355816
12549790
1537701476
1047335630
852786102
962730112
1211538572
2080906740
2124443062
373264029
200471965
668480366
1481645374
1096805037
1355873158
1486874765
170762178
1108603758
1572609031
1286352087
1820766370
1885411585
1024794134
2074786194
788740684
1122412759
1002377371
205933433
1206577499
35473868
17022986
1702469921
1697826309
116506927
1605940654
1084900668
2102122418
165412397
1160625406
1388059856
63688180
716402306
1385034307
1466876132
1344844591
1084332733
964450499
58039994
1927325456
749996522
1691679054
517725877
126263519
1487826646
1251706755
1248138871
139278573
1054743378
2084606398
935051136
1103657965
1322237214
646329718
1700690116
1136641214
1038639607
846028510
1012731351
235445794
1375912813
481594976
1058424741
1048817134
2001853483
1636902815
1296532679
796174043
2045362900
107759369
1524570574
1133396606
107990883
1535909909
1411545371
254493658
613615405
62055388
1255744348
609059292
822988916
668741415
1833787440
18610411
1947332486
2036465980
823377302
2126046702
1277151942
1156724963
145381580
543746066
74053258
1558027292
1814097599
1227107083
1359350133
157902077
1914352401
667588976
306952488
2045532470
798683666
408164079
1810054723
1637902143
304969681
1249231632
1797521500
2133970355
1763426442
878002732
1803848310
1177864214
1468002598
839061843
519882594
1036699234
1915131782
815062784
458982928
1742744381
1498428008
1708715694
212878669
680235252
797147617
1539015196
805980322
758618426
1673633778
9915336
15594513
1063273064
1586290637
2076830201
251752588
1053607539
1045657405
939878255
1083283551
860815483
1894706715
1794623306
1504717637
2117163886
487151326
1543607858
1993099954
798771305
2002341611
1238664458
1153842652
1683766492
1288029833
284363553
530546233
1418803270
1000509860
455741529
1678248921
1676727137
1263976302
708681569
657066326
274978265
1256045274
1042391129
859086938
199775303
464794418
691509795
373763466
583096094
1340197879
1529511443
1149089100
1193084991
1190171939
86079658
1157603220
930769453
1052986305
2015546654
487701507
892835010
442196375
10466964
726437645
617708838
1908395500
138564326
1748493579
964575971
1398121889
1899402527
145534767
2045445803
2015067036
1816608560
1233004474
2080786465
156796982
2101863546
990592467
702532843
2003868304
2003104677
913918579
969346581
1185796203
1964165641
1031343128
1072770753
535893594
762629210
1620503311
1611627085
1616539491
188058087
1731692099
694119121
1410991866
250144510
1468106397
266155680
1035667175
1362185814
597015513
1096935395
1146698208
1728113643
748060888
1167456564
1616015897
2087710531
2065655641
1807842590
1596242420
817943911
2146315480
27446199
474631375
407616300
1721628268
714389878
369383055
1193916379
2138428648
1852658836
304446582
1771650689
74158538
1000221744
403516585
892635529
10207869
541007348
438613840
1748175831
1754801519
1775021244
1112485413
437185393
2098021825
729996903
1910312212
1393001431
1616930911
1599971995
649374232
907669545
1527168673
1843904580
478178868
52993402
561439913
1696681260
701748384
1428874413
162898884
115780254
106443896
1113435509
2107572148
459345030
1479692117
1787697111
439126751
472483793
468822746
163000047
1394213355
1491576911
863678536
1397465847
493433069
643075814
628921643
748981072
308682456
2091620454
1478757203
1395536185
804028932
582060842
1457240282
353100217
1372552453
513494345
2081126641
17549321
996450721
641540962
619144146
1424215971
122895966
738948859
1719639789
1993379557
384364994
1855333211
274855319
1909405890
559187888
474434976
574503043
969643904
1313348642
760136222
924739257
1866141347
1453558014
163764747
1239653765
1874699710
2028476706
1780476709
467194071
998119746
643204499
477052088
1867270974
355071756
683161771
2021557856
893449867
1148894860
536140685
1370551930
1047030722
157879272
431303068
487767985
1958136787
407030395
745802906
1316499435
469851880
1694330434
1786708410
529616570
356056489
373110595
814138606
133890668
552681755
782924434
1182877195
628539280
587561550
1431172443
12444775
798080690
1917613001
600647410
170717989
1378138764
1282144463
58700553
1073448361
1848981075
385689097
1752615936
163873837
1222724600
743604655
598713622
1622673113
471794282
189848487
332000409
1127873430
1295526926
1592522320
767249930
563679428
1091292311
1928852930
756612363
1671359231
1581123474
1361090940
900744896
2111479717
1235195502
1777810105
1313287351
681999128
1228261099
1529386661
1585317475
705301196
2121007489
353066399
1072376920
1186558908
1343739733
1457031952
2091493823
1435700402
1763219470
838764260
62125875
471614439
544960837
35654804
1837349937
161401519
1949111202
141548581
1636801135
430377414
2002903578
507130438
1197473546
499441048
838706902
999098426
739507554
1771018865
1852035806
1544559715
659501478
1527666948
1463370592
490586810
279554535
2093320799
247501002
1179483245
14342577
97178666
362406932
1128356011
1744343895
1197487359
1724863868
2040994995
1950550727
649556160
590795541
1052652584
454483851
345949380
2119339594
466839821
1337863918
200795176
1526264586
1992516686
1375317620
2063219620
640492841
565507603
3853800
442597021
45156067
1178346908
1067966974
415857218
1073334204
355928500
1445156347
664286033
1666185582
500525361
11462221
1643595972
973352900
727458499
581165846
897425671
2143364495
173366747
542734768
1732927033
472148880
452886992
1374816177
124918119
1457954404
535099168
2032694437
532637876
570172711
1153609656
1192662111
703048010
1027045207
1791718930
1158517145
1551177117
2132142821
1555826429
1572429722
617029734
2055211884
639365242
1374172446
799676787
157710150
1715682050
376376844
824646101
2017740390
416602434
1858352670
793589744
649066700
1920917682
302570130
1792345051
1833167853
435259642
1180345672
463424389
2034719244
840824161
543579688
372254596
312532878
1542309018
2069140928
308760179
1757120967
180643946
1195988939
852930926
254242101
1077626538
2060444891
389570848
1121895223
11116904
1168864465
866433319
1698205949
321472215
430309782
1498010660
1370608922
1692993961
940972180
1418021176
1339440815
817758641
821343601
1063333561
1655794343
1493472129
578561094
647325540
458336976
855785776
241757161
1649293011
1543852908
1478050338
1142276047
186195108
639341013
1782506497
751532723
1048115722
470928018
373666341
968761505
1975680285
1446412268
2142004836
1229973866
84006180
2146090916
650289459
324227800
1858777043
1875581398
1125411244
170211880
351501297
220798604
2033022452
546832406
1834809069
1499358289
1139096514
180924641
1158086887
1537349326
1585760354
1511471251
1121171496
2049576019
1983340691
1117428664
1182391886
2072011922
1716971875
1787443856
1866957776
2132192944
1145378905
1513429737
158727433
876582847
77753144
2101361267
1475354037
1926766747
215214298
604301509
730578296
420043884
283683041
369633892
2010612859
900446011
789587158
212083203
415104744
250921763
1324502831
1461486402
1130297880
20484079
1683649655
2004290863
664807369
27756582
1371923232
965807027
387320701
1158797407
1216830607
470475518
419835337
584670248
693128142
1556258973
711170299
1213928913
286312268
414619218
63348115
825830320
1799313583
826866858
511761881
487485039
330927175
251501655
1427022582
1664378772
1200507534
1676312894
1648785491
291827676
1562572723
1043641354
768086234
840977620
2034523051
219282772
1129017893
1809897441
936661804
820555457
93415837
1648700501
65357612
1229354579
618022902
1585044731
607415674
830945236
466085439
1145811776
1309921535
2133127131
1965027648
1030452537
1643455060
1523162352
1596161767
1284256544
1239830249
928789281
426305859
639966965
1265689236
945919389
342160275
1019210077
2070753052
187340879
694171149
1658628255
1668955236
208145270
613798498
1016350501
1307279706
1306381525
1918660706
2000845040
371024689
1846403741
458916209
1570781836
1212251753
903126253
1525075204
1658312366
1288943357
370065632
2111194437
658208028
1359548443
1770175110
1595417351
1164390542
380194097
1298519726
1117866510
1723315447
1390696801
1962313170
2118645040
840852906
1154775198
314877446
1397795509
545000442
830357144
1281414494
311261426
499846400
2084524160
726387592
537950595
511846468
532475049
538885458
714252060
1958264297
1552104026
1929758080
1842333712
951426151
128344640
1724209242
507059131
78731215
2094428046
1638120637
662613616
330639066
1417082588
565153581
915500457
127879665
527140716
1476152296
450778235
846592444
258597600
9298125
1638131505
995220514
465763809
1791772665
694352033
1464402930
1605617739
678963704
176928189
316896823
544128161
2134476763
363329841
1354905726
506411475
50425272
1315170633
776071093
214409714
764914878
905304775
1862391277
1295729518
432905598
1720090071
1683534016
1125452094
2129586678
1952076210
2111811460
1699476084
589914188
1084055975
1281182127
1940280138
969198791
617761003
1081635968
111992077
69458928
1560641242
1388145253
22965785
312935657
1510337281
178059292
1089841805
749370306
738443776
103764838
1076976729
888679376
18262336
883128736
1085315964
1378269586
1112286075
1768166728
1846787628
947817793
754926735
1176169680
1404244347
756933935
1566223948
903600226
1725716685
942993266
436589647
1407205669
1420302129
2119363739
1344178346
475801024
865574570
1591564792
297783196
773171869
776792246
1072309175
276233244
797453880
902641399
1574297390
2015892537
444328175
1189051112
118426858
1040350470
1159402089
1329038970
1655661391
1783033681
2007863386
1144980471
983310438
448770864
977546202
107820733
1074160855
1995187483
1169969403
960398072
1665438920
234914137
665146257
1224523359
505267213
435878119
816856820
1823033457
2042635927
1781468514
829631226
192539104
666602454
1120417092
1500060389
175734253
930668667
1306839145
1077371784
670917098
1204271307
1309291514
962697536
801156596
238740267
416511625
246744817
2073441488
741147160
2077943116
500476662
1640123459
191245800
218117916
426688201
1663917515
1652269137
172743005
1455735930
549469692
186803591
1422953543
474946798
1482378582
47060734
1024214790
1449469652
1727619237
1075092814
1181311993
1794302862
246378746
2104490797
983635091
493168391
73012177
873930410
1558191719
269831342
300530534
1069988931
1202642695
1889367662
1734262645
108212478
2143131603
1084117619
94776471
83651554
148243142
1956604434
61365552
1276961193
1364405970
1322448729
1190811973
1189905847
329294701
1806058374
650313525
376491190
1549913476
1780977101
1350890370
1674753879
922923880
1919580279
731797884
1156834265
429060374
406061161
1634685643
758884517
65797279
945224302
490227859
1721054955
1698935251
1934236140
132184852
884458487
1047275403
1335918348
2029607499
250723373
505531151
1529728310
1332028926
1255144752
2145961089
1371457670
1631802815
605689776
1159373679
1685028144
1942112736
1153211027
1927631499
885517519
816956206
1230660596
387732635
1927824653
415474390
1029569635
819808217
1311612446
2123133830
730069287
958968623
198721545
661961024
636970391
1789925801
526152343
1156319627
322516507
792352588
203870609
290384736
455852647
606028937
683486369
2031124583
1102792564
1987814354
256175340
1507390505
314339805
1792955451
530055977
107590896
1018818529
995086058
1932615154
1731752925
378145950
297069353
56223852
1020390617
1302679740
1135471125
102699096
976582535
1633103316
405982028
784061331
1652186877
419541170
1179511158
171792299
1311769067
1372404410
125164966
558630713
973716303
1379747074
120040624
1545746497
25662052
1212361295
746732114
1574525573
1835840270
814217535
834930294
676769286
116698560
600198748
950808706
1514176711
1842905156
1764570770
165659756
1015346554
5531090
853875188
1888767634
488329557
2038394534
334474441
719370150
550032037
57008502
213641996
842361326
1171394337
393699944
2112297349
782023740
1168235039
1761207463
1724109121
981772095
1536078430
2052219244
257953978
871547153
856144057
1729386698
467883675
857965086
1603415637
1508448853
155042844
1572196502
1159756506
377476156
960579316
816043389
1064024779
1960275154
2120076272
40507440
588830102
609428012
89749636
1776149337
1670519769
170586663
226356814
1699999840
1017015764
266914605
366187424
282614985
920578400
1002669127
2353035
1901651215
981213375
1976081715
681302697
1438804454
594270173
1776666296
319238734
238206091
1859668879
134427378
347992581
1015001665
559021898
947891614
1283247854
1215594813
1905595268
1954511928
1199679615
222716969
332080188
245302882
1701121059
618760123
894611008
431638071
1649000156
1221541201
1362427663
10092534
1763397366
395737209
26454370
175620848
766816171
681022023
1383498924
896119238
1357371965
931419779
1585656483
15143448
914323555
1404393220
642198982
2008458487
2138281711
1723697294
517824458
28821432
145383403
280831619
1691893577
1125604179
549313652
1209327595
1417246420
262239636
492814232
1564101356
6296144
1040242749
320092163
2056167800
469120501
1876767324
807193280
1933100361
1862753271
820586430
495727881
857967778
1275599687
537993655
1335645947
1700877826
1253602704
723248931
1484727628
1834345602
887729503
1043201191
520332281
438797450
592487525
633392425
1283975218
186152774
1013826170
1119787420
1540432734
243902387
1605591640
362033480
1820505028
1552393758
1127467356
237597477
1561149689
1759702262
708814022
2077332583
789502983
670330100
1602097325
1768174096
1614621463
72311099
86451614
651175999
739416816
1791060844
438964048
983118736
412588430
1025636463
1126673073
1926322166
1119934615
730983439
2051714139
1312756286
352032485
1726780867
1093029423
2072072066
1822487425
1447750787
1273267884
891432413
824788852
1956254590
1563215435
1319732284
35162141
979772805
776748491
1474310945
1723642290
2065320609
1195945238
1351957662
1425488106
1679233799
380025080
5612551
1919583789
1461722130
1758251325
581441492
629438122
683801661
319516545
964517836
1644095411
1584494384
1047811371
2091292352
378488884
1598356216
986231134
104999544
1067332437
625566416
568870813
154182453
1694503580
1553138868
1481240060
264385828
784844790
4981949
522623785
1978537980
1198284939
1830875612
2032139555
193242813
1872416429
193767878
306943764
132991203
2049747897
597984713
816539462
975250009
1557988051
522571336
1782388286
615746386
477373206
1973778296
2045291525
2128171245
423852508
971187536
213372863
1618984293
585790543
1046509685
1155435521
816080989
1081961241
176005453
2017369838
1111412360
1145541374
1618754953
1546538845
1697428317
276887641
1609137055
1617677136
229787483
1685160085
1594918713
1866862213
373234174
530183465
1765162258
556028009
71881011
580654395
1719609352
766835282
573352361
1404743630
1300284698
86844904
757645085
1324009120
1570705108
2204492
1201544342
1871624213
1148670644
2091026318
1424790693
739537179
934890676
190988900
1566138887
701474833
2012187599
2144419141
361860925
25763500
1607999013
1245118628
645474043
1666968628
386827667
2062672692
1461202063
580505513
904393502
707149588
1133927577
814713528
595774513
1061564765
1498854448
790774455
908752394
939187944
1633927703
173993010
558918380
370689037
2004729448
1916058671
58430754
140806591
1698392888
464757568
1907291227
840688610
1976482996
1665650428
753436982
691665065
2015250737
1066087605
1098484235
1538379092
1241809288
1852187613
655941255
131939727
1889907180
1683480421
330359977
1418524908
1861077255
1205879191
302611537
1497500165
1013377297
690185317
277830661
255452065
1941553099
805328223
60402972
806746121
155756250
687066859
1638854504
1997002337
393645014
725613224
795485774
227201431
256549082
150092801
62999696
617885236
1631704162
1400898144
1687031942
1497553072
2067730903
2111021909
374986952
2100798478
1168853433
113392708
2039353250
1289686949
452346244
486776345
1380563045
1419089300
164179187
1474641343
1597852338
2142208219
190582014
1846620214
1863177989
1435323367
880728305
1172449992
853570401
1594197684
1225223718
1356697399
1607397151
105727142
2121615644
1577876687
1210502956
2141721549
599524415
1829563176
1886622343
1766357431
1363517995
231984147
1131757124
1424620279
895327167
2134455825
1799631388
1439541418
106281497
143103619
2097366039
2044868379
483767770
2020011010
262219143
1157667708
904306662
1167919259
88739567
1497772796
1567297838
71031651
1112192035
1874161697
114631602
1006027814
1128628445
543560176
1661677966
712502391
2142968892
967696650
260857533
514763264
1158100529
164296477
1275455412
1613752745
957520623
112757807
2024422208
2145493194
2065403695
737627615
951769491
2102020067
1679127777
909261915
836107516
1576885478
926987973
415830413
28903997
717090208
649854359
560541604
692635773
1074801050
1726982945
972953150
1422942637
2115173402
651468749
425877778
378022739
630894416
574047637
2002407179
1502950792
379950600
641197405
8441674
148022416
778288542
1198080633
1391466566
500551721
824879282
873365296
1015989628
163458126
2127434061
2082031948
1208647115
713160974
1173795666
1537822106
1571365465
1149811558
87039502
200144054
1496941496
1099201771
1720094547
1500211046
1988927755
1117443157
1689113878
1036245640
1509977638
1695462807
785004582
2118525819
1120215331
1841039955
1779723790
1470272465
547752369
1758859762
1051825034
172433093
1463741970
679053810
255340206
704889947
1822880390
1841536527
1350252854
1723352617
968492819
1832820928
827601602
451683182
1850334617
1217760038
541408027
1213324611
1537173553
77546928
1055667267
1230406491
2077613941
1945286577
2036329788
1644070698
347623620
55877737
1102074718
24172905
552252652
1315976923
1575136658
1890667934
1514638666
1617662481
1222827520
1512785485
1417349893
84465994
1560456356
147696026
251968833
337984673
1488984310
1956191605
1105774359
713471170
1286321343
765561750
1752800587
1342802840
594019898
1973677540
834883044
475966484
987427416
1534157508
104942952
11254544
1875521169
1922075003
1051184463
1971189516
188464137
1284908452
2007603762
1772150947
856910021
685116688
583238269
1871293169
1434868411
1647139304
204882962
1277719338
18719116
2043078881
175637308
856703394
958452005
953883735
1803962321
688312834
409052149
1116465270
2023851246
925704917
2055316624
303966331
286991926
1309789800
1844109545
1223768564
1761551870
1897802461
1590993913
1521869170
1753361420
2146382356
1036859352
361068228
2101162956
877343463
1516351625
916085094
1717549696
814041179
1151122899
864725986
555840787
1128241707
1177912785
453400964
450662062
1386046835
1718060679
1866031360
844722066
840289322
1905033526
521366075
1509231130
2067295893
665938788
1255514385
1483387355
1523894791
58681952
1265097408
908753348
555049553
2096223305
51773912
1497700965
1145024942
1098005295
1366739440
706109350
1793712227
353599201
459058339
1459036115
2073511509
1858398076
852634977
1834989864
483176843
1668695854
172123637
50600135
30242885
440804662
17750588
294799409
1431457701
1307766597
1056150778
1943831601
212528362
1307063430
2126154749
592960180
1792765337
56682338
1474251776
1761104150
2087094018
892839924
165932533
747868852
1502969732
522065390
54022479
1779639937
103738940
1863592808
1488233024
333393502
1387086534
1578671882
566764859
1309322177
874911499
1596673487
815614577
1978290128
489899462
1239068071
1687423930
1440665655
2068761554
1941260218
1620283118
893109705
422735845
1578646094
1037308891
676598565
1206661953
1945355191
1726097203
483709624
1433962967
1295963094
498868189
448253085
13851129
200451786
1259004440
305558842
1217447251
679962459
328658115
1397126108
573487298
1779095602
1413131591
1934143496
1567638783
1342834583
196287356
1907615983
808697481
1655113888
1691327985
1554240088
609527165
794015251
44185371
173390790
1649038985
785021916
1668347926
884719331
408191837
1795041772
642367049
1617917118
119959978
2044317388
976828154
2020422942
170001639
1137285319
2101750535
1814092746
1112771994
321241413
343020746
1701648372
1618960856
330858035
1293941334
1484145014
1672625485
934804689
593662766
1058649906
2128964180
1772970919
399684605
1176159750
963096824
149019939
1387201157
170792516
1121718292
1745529164
690352908
1059889745
1556037019
1678588008
1959463674
1003959501
679800321
718556396
1280863765
1756589838
444458369
1884235337
268284654
2024494763
1188548574
433304210
1654455905
507014386
925360208
1446824223
343369867
537086921
1947286162
725445781
854173826
1140903193
1874338454
914494761
1677330664
3520534
47379576
995689239
1805165606
1013577823
927589792
330995897
865265747
808737760
678857878
1034599607
1851483130
216520833
1379152071
67912825
1877400038
722164591
1024582523
740255257
520068584
1596268146
253190049
520368842
1821390957
1774356244
632140442
951720330
226906929
717589452
2120002410
1010135216
1192160556
1478533999
1496192101
1715734650
1946998696
1951021662
682078792
924435715
97155389
550547747
275582203
1283342657
554162908
764928884
1689911166
213153981
463862786
1835611450
1376194766
1817540976
105934577
1688152401
222860154
1198989038
413547743
1456832548
710512164
412603397
1166217638
212262310
2000907216
1307073808
1881780634
1654716262
3372079
397191772
842052527
1320700616
688851783
1217180252
1563592581
161766393
381139682
1120818135
1650573495
1840085738
1932525997
1938899024
222473007
1687491336
1827793904
122023467
99297185
1784774752
719877082
1354273446
1514786780
989228635
1268558259
1311319286
1561682561
880983466
1732748285
1309239087
2082830345
1357705986
1905932206
1863973391
1192590968
1418145116
1093368094
364869087
976420277
1886626600
1872691933
1921551722
14164936
457353775
917768066
1543387250
1165203846
1249068118
1670260991
133621028
1285463570
60765950
1923684581
516272946
63073162
1815849066
1678246152
884913532
1525539719
318195401
1481749415
1823030367
882672355
635368890
212509513
1608067220
1833934350
613549250
1413325684
1724400769
2012931511
1575939603
998535363
2133370662
1264923226
750885908
310444336
1384717845
1606326595
1864120339
809016332
1254399902
1120716877
539197482
1524742859
798344547
1412344405
1278715360
1565896862
2059882166
173560576
1266857077
1937185625
1721412010
872952841
1192590932
1549671151
874350393
18258070
148640864
171659983
1162310589
950036875
1993524174
352497888
1759017519
1638808157
1577360386
1175387864
470928988
1184406683
1509719386
1208957309
276922002
579517604
829533971
1068413366
1916415696
1940145657
1897463219
1317598283
1022351826
1532727043
1638097247
1125808846
1687329886
702615015
773008404
2105484017
807438058
677712958
733003597
1508863796
1669822546
1900073859
889703274
1057853268
932183948
606317033
1836455140
1060319350
619333215
126203240
183812938
286332173
831914835
801157381
1877292730
2098296197
1040086075
256907470
1858758368
974006389
1094934474
1658426799
100124957
353079950
2051547465
1052684877
962510345
617176888
1430370534
454612707
1824753843
857342140
597485474
371232194
1086508093
1930557485
1177899155
1143017278
2033226279
205514291
267821945
1194923500
1534712081
2017354515
1897975547
273284004
1070705261
688955052
1770535599
362159357
1074968774
1809500383
1380649477
2058323232
56526455
2091336315
1167353270
410510219
497226604
1158255641
1160171101
185779984
1448088439
1217408894
1048999647
1724588616
1772399865
1326839669
767338048
1947015261
2082389652
1847889992
1707942551
1437929585
2142547419
666400702
1880531576
1142231767
916634940
1842865432
32982963
305228898
1337256560
2005758508
976101734
30776215
1276531933
1962379975
764589782
2118288349
1993288512
1430103404
1155242065
743893681
842670824
2052866962
189594329
1513306949
1071281417
1675147617
1346918871
930714489
1796957539
177061570
1674977532
1651185403
664948905
1558300388
1080188679
1027837019
1073496607
64495844
570785823
710164847
563090120
1452138465
1574047579
1014970109
652087048
584289159
1103135122
483628316
2033591488
917804974
1609697223
1563191203
1059953203
1608361267
1713596639
718447348
1295862708
1660062247
71885866
1396928181
1913745890
1040523758
1802247069
1348189042
1077145769
1585308944
402982354
407510678
1658465381
1273449067
1764157720
952628766
465529166
640478897
2012896412
1413141861
2081730678
922715382
958223169
1786722673
1118781198
992906942
732048957
1849525395
96369740
1911086217
931583545
46809914
1852995498
1827984868
1604116101
1571993618
1360785177
236030354
284929940
708227117
1416551654
315721224
607500285
1947246445
649105221
157317522
313108444
168625285
1874478296
96770644
1953018475
2014451033
1121539078
1884083970
290117867
727233342
1270208815
1258082012
703216707
179808040
1300819082
1424462208
459175835
1208100435
1275814009
2139760772
582025771
1855626714
1504053220
995550762
1260624428
914016103
244090035
901938748
2088875672
1779565889
411803030
1011082880
752222537
947586770
594812061
349699842
1794955777
480883848
237712639
1035600382
1303175115
357721183
2022273645
723631085
1286505346
1080776103
844180929
1123585151
672899723
139032166
1940229356
60173935
1134569488
1870229015
193660867
1941325708
1104459880
731247387
1494906653
787988841
904684212
645686824
1882172089
458680705
1879988950
677427002
981239713
288577819
987020447
1549898056
973713048
9610745
1451840742
341692157
1246603687
1668340298
416904428
669791827
1495507825
370128275
1440336876
91651483
285910122
2069214083
424888675
194549492
1379293604
611180057
1030883230
67454278
538600243
133784598
370097541
542177307
1429809539
776206987
