3800
122174074
218193894
1454214693
1802320655
1385778251
1110782311
13910581
1947495576
1856696904
1118324212
2042087411
271206841
1477250646
688265412
474262091
1683356802
1293532108
1995185369
1662019033
1002138527
326246905
1297250382
984162049
1070299803
384519758
876087764
927850714
189010286
1290016416
196260788
798515867
328265268
1293747083
61141285
96556647
954088487
994787840
2121904607
357056362
642643111
1790942947
241663623
1256706021
148965049
396003315
1272702186
1625280453
80037827
656807546
382741614
297634512
903425094
453976535
1810387442
1340851853
1901479672
1096178093
1365068933
812859637
1806930372
754083818
2127796513
997504601
1458601537
691804951
1180635044
1023766517
43633988
610113630
1813315123
2100779542
2147037054
2065536584
78482926
1983226342
1241558407
578789143
584412994
863952009
1906497751
1641175581
233885248
2103817396
1416151753
702865054
1949339244
1344348446
1815526962
339480183
83545872
1574249122
1414587990
927004494
533182483
2132609760
818966597
1115766274
1186172305
2109753841
987415161
1077579761
1260850253
291161375
1292588298
1737104777
907480623
903984424
1755404950
481893608
1014789673
940444585
1294086058
322917319
600138918
1809146527
1631687560
2134157687
1361097695
2100982223
1426106415
1644872040
1503968160
735972654
303348460
1082629654
1215454840
98151235
1086772247
1981434315
1930779900
1586262920
1553797034
1673693756
461566619
1243862049
222215610
1726257608
1245165956
1455988905
891570648
1451354837
974509955
276412489
1757670534
997191892
1657041291
347943846
1175200353
306574149
628189261
393288646
1830612291
601548818
1526094906
975480737
676387800
1665946920
25295424
2072183495
583457274
1185364815
184979454
1282972621
1639827785
963381267
1422845655
81525220
238215491
373723161
465201675
25369551
2035537765
124981654
1338085773
701390210
662032239
1130970668
2088998687
1926358765
308417473
1434865041
331248126
845586983
1021941122
9377642
1102191384
881572106
516961536
1258501617
311433749
161586309
1631637993
1801072598
322459806
1814532581
1494950728
342076106
1050951515
1757727141
629954619
270771587
1954617783
595983712
1451458423
698595941
1687863929
693671537
2142419091
475162910
1305974683
887905189
569256840
430532883
648460028
709142531
1574553870
1945371750
1071743543
1281501366
1878446847
523139361
843148184
1418601349
121777216
2132239431
1772816687
451953938
481587689
1672229730
1756328536
1815606911
185915969
594124661
1774510803
2017606870
1135599104
1959341715
1389865011
2042961485
497199161
2123677319
49566920
1328124105
1653362160
281614127
1491877190
954003593
1687539700
367035490
1828010954
1367539117
383902072
243169382
1449508114
412181262
1385527574
1335178756
2043548583
268289036
667560247
1161724742
1120933305
2043106177
1390100458
715154132
1479933800
843378953
731819891
2035734264
1206493416
2017513479
624606779
1224453062
1535955246
738895276
979992377
1904560356
1033120580
717840090
1796936277
22383680
1373966867
1802854162
1032301745
2045881459
605551764
1728333326
98723961
1283203629
278923874
493829757
217963852
959028007
1429790666
895276004
122913057
50984098
1821129
1146573124
721342382
1537096940
1151150815
1100523273
341654215
2144648690
250818228
2106906954
237232930
975441763
1208403685
881587718
987502698
1537094020
357560036
1921815541
181903568
1073000089
2145269885
57661346
1523436116
377931185
1355718482
293077772
208814682
1957862539
412067467
1633323702
1668724254
599947900
1098169292
1251914926
1854421715
787417483
1027204110
525975082
1157201420
1812963867
1345892244
779192999
1726660164
330406857
875525729
1739512156
383814205
2070915308
1201396909
1762132839
282741256
662845422
1036623504
1621967656
337219356
782359994
1188471954
931103016
1240149088
1433716827
1846370378
1673177887
753080020
1423980750
2014736326
331125297
823921923
1891042755
1503824548
351359199
254543945
1516119376
1917695440
1930311978
949908577
1428176679
245153740
1206143924
635776996
805914576
1326843245
338900178
1523668039
1799561591
1905687841
1040569237
801425097
1158432623
488901731
2034321373
585994147
1954643897
933110502
1798277213
771488637
110335302
2009964501
1240367363
1508147807
597826276
1433730256
214743518
190740872
2052338897
740410266
2059174863
1206946250
644377295
1554008390
2535495
2088497540
676627243
1947382570
897961730
458722288
1689150575
1590444639
1683158016
959160719
678887419
1882319053
535627323
618627152
1501578155
268510417
876844339
1342823477
1212617971
679355850
1009662056
980744028
179982876
2767000
628716670
1952944576
1569185193
2093185805
1087515063
813933212
1135128453
1684986140
936938092
1194055520
2047143985
218976312
1673763153
2055265532
1462311441
148733011
52309949
992440173
1428497518
1118465010
893815632
589836874
1305392536
585677770
1853449531
1431982391
1606376621
1111686211
1196527470
1827268498
76010618
1563843629
516234217
699085120
380718347
796958324
2110327294
185303804
1615183556
356537614
132414697
345049479
1220035561
1254647420
68975326
66737028
1529248596
1665653011
767635871
1378787466
604762654
294053853
80070244
1833957882
1335924322
622485076
1097575205
861934183
3879391
697187592
1596620087
1376317308
103869147
1680385464
1725786926
1362778171
2026557464
397194
945759144
862785246
705325468
258982775
266160952
1065144341
219567017
611164201
1665956479
891952046
1766318405
565454557
2022032611
1584710944
435340730
137350879
1018611331
622873389
622839643
1821286995
1911372406
215152675
563312960
1799955023
933697704
794872572
916061883
1623946049
1198538085
435365517
1982911448
1585434831
1991677440
786319991
1816633568
1285245545
723376165
2031457045
2079396968
1672333200
1857798071
726630826
92063031
672551855
902157536
1443532105
1452481746
1419555573
794409705
885242417
260852073
680607228
656999930
1271921270
2002466962
1492387408
233937220
1835619945
696621327
1933853409
852200906
497081490
532800873
1404634177
259366965
839277038
1391752704
1740910630
1172907788
1928780462
224697166
1356908203
228495731
1906504082
170049573
449670610
1393257601
922601777
599299140
460604982
872608444
1692793641
509361610
971048737
1338122477
1543057789
134190184
1153852150
294671850
1973652928
984900334
808694526
821917557
1662769716
1140765186
87813147
451322156
1193116000
1305352707
91151016
1384798977
693194518
603397512
2133174143
437606086
1870002034
321227638
247702316
1446033126
427387062
610330958
204233442
674946241
315875928
576447916
718271598
653508229
76928335
1676137006
1573835392
1837483456
817466665
151332276
1624605040
1827943786
6922177
774506176
1500637755
68687944
336405768
326622729
1539493932
1584707357
1292548171
1404629012
948081782
2051839716
1985167256
153026549
1502495283
2055208783
1642429519
601618698
355066626
282986646
110846878
1087218209
1197677479
1504784873
1655848453
2090161899
739446569
1903198213
614371569
294963772
1663077453
1637753594
1557974365
90755277
1002668279
972858484
1083164901
1151021886
1521137322
1197710971
1306394269
1231325220
168089430
1503459563
1881052657
1282873048
26065071
1842589869
319239131
82559157
937488622
1530733798
1764463390
646575171
1433580311
1271262723
54518752
465807284
749728528
1521171364
850326751
1792956854
702992890
654949125
322249452
1273109792
12079700
9110774
2085687614
789031596
1945392240
276468786
75180567
1367243508
1877006945
28001288
758441636
8644919
1309512928
766924380
1075896208
1357143318
2096412279
1044185405
1517593861
1528790363
1825181881
2096465458
490036984
2055760309
234453016
1030541338
1976579432
534445392
1559588933
1602590921
1941930195
2111772955
1779900545
1641945251
621658613
819131800
57708394
1466252127
2091344560
2138406272
563226597
1401446222
1384922622
1990832212
2003076336
75668260
521269124
1724648377
139953629
997624906
663219583
871562837
1866967739
236694888
1806591827
2020827655
194689182
233321500
1083240072
723648059
422880656
1153464219
645261078
1357582736
1258671531
1062526735
213106518
997778665
1460891115
1769428823
1599926476
1958896908
2113628649
1624330744
1741932487
964347182
1997821703
646138465
980874249
1249585511
1298845988
1079432576
548921554
1734301780
553457464
1716270793
671864109
1924036090
1790307937
1231847144
994630732
302564706
1355272177
1424568895
1830778274
317944790
1277778882
45250282
1602358623
1996188146
1460934154
2026687260
2095791229
1208493705
394685038
617562858
93573267
936878356
2011822379
1863536475
1137286431
331101033
1662986919
1732185102
263721694
1070959771
1615793219
2012419483
605266065
991799899
369390617
1065674688
574151417
532864036
1261268338
533644306
91254047
694668540
1338371382
1866342329
707317856
84055469
1309461942
1902746043
1997983152
204724009
1615074214
1570208120
592299046
269409507
1713207691
1035842808
92322475
2104215285
2014594167
1487175367
1304246220
1862057004
2115330109
636771543
68215223
796861593
1509344125
2065221031
598402695
1082256247
1163861025
872433717
724184335
811190800
1977533400
316880981
2145995888
1677498702
1360722755
1851385433
188304574
2006756376
1980526509
86727815
94121666
2063413749
527566377
1935517250
1966095666
345547016
1723396247
1278254356
2040341439
13772839
901449960
1221345159
418631827
1888168337
1087665843
1267437549
1578244921
2090187923
837917307
736950662
976958948
966604894
1079394788
1464942563
1085662621
1916650996
1207903444
1322382365
2086764939
723778148
245278897
1788375965
1280490638
1462597959
1129704822
255749776
1705587843
128163543
1768628499
702608838
1307495184
1858679249
1163795628
1403982086
1517405564
957619814
249317385
1843191163
2116728102
327956584
422888981
1527002008
1893672922
736625898
1460529546
857462183
2136088560
287345872
356315217
1800283657
494097516
425015133
62982350
1796760943
547240345
1408805912
587373871
1815836918
1494864127
358595933
1855449163
1260861527
388645261
1391155721
636473728
430523504
19216492
1428588702
1583616363
1439196531
2098860131
928082002
424910221
450195743
1371456217
1106394305
1812356303
2061154484
124952498
1747287767
1580934178
1790115712
2068303211
226883537
2137061938
1261500778
52728341
1017504638
1369220005
501239905
1932354196
473045443
215709785
1544106898
1237891977
989348384
1666481593
851406003
1085129111
958991563
1543032119
384171784
2123278615
1733260646
108281515
942689626
638576412
697699644
1065311723
1380567048
64825565
1209224519
1935910458
929899363
650974374
1391849790
1202915020
802428516
975491583
1670011003
1414770444
1837670487
187455866
1228009843
388047624
1547753151
946113805
461744981
344168266
17710348
567286044
956067957
578721115
1841930606
1323309948
1804511413
718792669
4490122
531993766
1123009319
1142410988
1030292203
1149804460
773245253
1480817825
345068808
522613375
2079258748
726849748
931120064
1603741110
757687358
1921158515
2004890498
1578911157
1732813113
1354980050
1079783739
1775839824
1663006312
1940370524
1441433766
2090211056
1595644048
928031739
1763926952
19866466
1876257570
653981387
1841426091
459271100
2138950643
1659744783
1369213053
616368200
1726145519
1806355912
1392277361
1540116105
1222967969
224606862
861808815
256694541
995393510
634334404
1747121472
1625282442
1313973794
1101771202
853373366
258156353
761767108
373197536
922829488
309244790
1673234978
643912482
853507294
763731289
1053312575
1907681826
1979222501
44837957
1631630477
1606297938
114071465
288589531
1372630608
801955721
645107113
1990996336
798369045
296621543
6654970
890263663
944456887
709532553
1492971711
844554000
1916444073
712169955
1968891770
448804904
372660121
1161359738
1131904518
1213073055
1139501758
1046093110
2034648064
1324778762
487187214
2019057590
1979215981
1313126069
433793598
1560639192
679841757
775315252
1140808090
845158441
449035021
1984480014
36345006
1757705509
7886075
2059743178
1104898956
781256607
1307201852
763251786
304301231
411084144
1637810651
1951346978
750374845
1964694974
956984849
13453492
2025094905
1824234517
2015113362
1102968594
1146817132
1590891938
1068621121
671156960
1236400626
2030797
1729622029
499185101
192165585
347995564
685916827
937020295
911517390
1008632406
864357081
1451756381
1954598360
602521321
1379361101
462434201
125663345
439092852
180899723
1362101881
110521980
1578853873
422536652
374002084
1312435203
972917251
566352246
1633759015
2126161348
1607330355
1192569765
755353904
1594626284
895827324
146298692
1704971957
305837905
872625731
1812760365
2037134088
1282461811
976979847
1889948777
953071377
377840752
778514451
901811382
103004381
892155410
316346128
2120843322
694406115
1929819353
876920947
1848891469
1963596218
1524234105
1705951532
1750332873
1187940743
1636154894
1288493917
1865602729
1340387723
355630170
340908677
983532777
1972407757
562326538
1898940429
1994918997
67240383
1453696676
1120005902
1061353760
1518870362
1663125684
889645273
1779588638
692926547
380148358
790819137
631857823
1307358673
1308312576
2140422924
811423963
1431550180
374048250
580205446
650861731
645759625
681016428
776931158
2002483574
1522312221
328231255
1671272090
36329419
1298265990
1154024984
424007999
1218606340
1974624127
537124558
849298128
1345183747
725372898
1973072780
298948501
2139717876
96345617
1863836417
2028470172
1180886465
518920259
1933237577
337273901
1258920550
362112882
281058506
1926107977
706544991
1317975578
828975642
65973307
138399460
291086598
752035027
1029723023
1308217170
1125380035
1290163885
1835806665
1645315164
734631115
1940278724
1344810257
382079048
1596749142
1415970342
1643842103
1114816535
316996136
410348762
192785349
608508212
1640785822
1367499167
706394536
1104048177
880934284
1241850158
602768025
1515849451
1156309066
372387870
612444182
1628484244
1934936183
1040849923
1395725186
655559290
1761049324
1933594362
1259057622
2060655976
1290340749
64088269
1463318518
35041524
494066567
474325464
1979854531
2016085704
286096602
1923986667
1741064211
1106455505
927807381
497340951
371980770
1973013847
1798402822
681515049
1797186414
63936581
90692973
1762137990
1043790137
614408029
506747508
768007226
1380317370
33507386
332315848
484507621
1945150881
1450001243
1931953677
1897252079
626199934
1442253072
1310912157
1265252213
1641092062
1010786374
2072016422
1925142624
1750353572
1109683365
834092141
631984096
559413986
164742372
1732304997
284075713
558149685
1076302066
1608427894
251562378
1992015251
1182543924
1334556474
188551752
1737770275
803989474
15530452
1033411303
1986687295
963516758
1982853693
1902843764
96597973
606765048
141113999
747796517
752674580
2106390408
446944848
1373312104
1434958215
1757694744
183650935
1140137006
20689574
1769245192
619871618
474878541
521700035
2139482066
1985306776
994529140
727069528
404299908
119234267
1298303874
1676696346
1875536032
475436493
1528656081
896244461
2123096727
1432606297
391460128
498491711
1702927481
548105161
1647000926
575010520
459347892
907718015
1552139826
431018721
1007834600
2057786756
1918343195
1881618313
1815637994
1766695578
1882308556
961221988
833467373
1528446691
173167131
1359493256
1978092360
1223749959
839857429
2997403
527460746
1726027013
808186618
279562398
1271202297
1106827880
956404612
2020119448
854918679
1453870667
292519889
1089974590
580463586
1726294925
1638820563
355378442
1170357380
744518159
2101232768
1698545549
464251300
1547618218
893924422
1554268709
253504644
1323606197
1022204596
1957612423
343419866
2139565824
1025317881
1094650807
213363118
2085821394
1873195571
750633026
1736440518
1226442379
2003290028
859306326
516916119
597151303
763910387
1271440456
717406046
159424706
1105338193
311386560
1947979254
1437127650
1456128741
1821745320
408259197
1119323405
781849899
1243808556
36382941
519373263
325407390
1528957525
1839029491
2112223225
1468558709
2086013597
1721632812
964980207
666263523
1531144294
766210059
503808784
1701414526
1238047790
767818837
676001707
1655505341
2040167981
1396407563
1342668136
509092088
1521507192
454752597
1814876012
167040075
525881667
517211433
1489932961
1890199369
1931309716
808492995
590675599
1218691719
1096102642
1300797933
566381611
244282984
2063833976
1315275808
41807781
1156173103
586794758
618538271
70686698
1324524851
36677294
1880258372
994834129
558027555
1165626650
1615933479
1951486331
672910514
1759380507
361745871
2077874331
1303009708
1004693364
754855204
1272957147
949309406
1969277594
580823229
1549226744
760304613
1014408075
2146156057
362695660
1926407220
1062715463
146029797
681157976
894823173
1742930488
863435970
1500622172
538515689
2029675150
984030124
385750969
1224558271
1589591817
2019673057
169004274
254451635
1056173483
104757879
486441824
938431576
1575196975
1191376261
1420566428
1664259091
928081186
270760548
838327106
1660194730
974117484
488162345
854144853
393511902
1744935794
1320448329
1889710782
733334195
862216217
1958541972
1073236831
1815934677
1298610752
3813564
666748522
1946023231
959259214
16466768
1895678001
294926140
1501350572
956255841
174752886
285074753
1451146420
1552511310
1903800051
70457580
604683379
1170828352
1354470277
923934509
539325853
1998702488
69168749
825868901
879718090
1060405387
955603968
42638625
476464802
771703081
1755257402
354972696
1836660683
1248861531
2046857017
1643419645
1024582884
469490037
1726028561
714756184
1137863936
601798869
1468968795
1181109673
610912264
1305531303
1077128996
490873770
125790904
806811000
678467551
508349300
223818497
653853514
1726640468
1437150513
686726290
1875307002
1067386270
1060877274
1333017666
1672811528
2096095706
305128869
35292489
1392077001
1215635005
54462431
392615141
1152504198
969469470
1641072658
1279117018
138234054
1184692326
2117004989
202232182
282095526
2022340695
1965365611
177809951
70167806
170796182
1334148451
956297512
965792414
1312874565
1512812867
1389078259
501369923
142488416
892764022
920446734
245225012
692685465
1464975562
2067557627
1018345983
706953062
604585560
703619209
217814689
438200550
977116058
1477896778
871345517
1051227117
1240746328
1336348411
1985460403
101941908
249265990
1331221612
149899750
1718916449
2130394750
1934994941
2096869498
612793169
1395415976
745680911
91905
1667402122
1225691506
1121062110
1893796541
1191189575
1549179525
1006065840
1824839776
1619779355
929911843
459150831
2053616641
214424625
1098442772
1474627942
1650374133
1640322508
2047409894
124049078
254689670
1114203641
1086257737
754344978
1287051
726492871
963327912
1166640998
1837905945
1303126668
859330974
562887107
918755639
304925728
1402837707
1367905301
187585717
645709667
1139877944
1722471114
63220458
1170802987
1116963535
124429097
55891108
2101917597
1053616810
1535014525
1034375526
1126756926
278253662
428449472
825474456
1330371280
1805864884
201388843
793948374
1114322127
1597026828
837270497
1123361951
1229968930
169801754
858121873
1577738679
250535784
623078563
928547500
836597617
2036186096
584990385
1226671478
1993554130
1521347092
1741824834
1325127287
739361746
1877052263
39190632
1177068408
2142932730
1028242770
1421450994
1384840558
478150575
281000180
1375102087
1652472770
159353071
793361263
1063589591
334997878
493441300
1960621642
1678877783
1002829936
1042178024
1913374587
677771312
1725759175
1108235726
1553365472
1728369456
1755134594
1220389136
1961282949
298692227
138583461
1140681840
1404045269
1411556992
582492858
863870372
1744784209
94989240
489793726
1082325796
1194260684
249576961
1343035394
2007589649
1296946932
1392504556
547081734
1388034190
1839923951
1220799379
1402294627
483021562
2019010653
634474095
957632184
1992880939
42959257
1586887390
773774436
1662862018
219750425
1050197508
249235249
1118231001
1959722190
55802395
397452814
367643818
782389288
768628652
1522103970
556057404
1233695309
761463078
1509982732
1111201366
770016121
402056140
103925738
1535080032
320871541
1519090347
1417360315
779983300
691521082
647471236
1434441850
1578988174
2101770990
1596779202
845051197
259484999
755199390
1792281245
871121181
1156396769
242637496
356202498
2070216635
388795167
103587866
368026698
1525767583
1541769950
1600200063
1601893170
1199870963
438147507
380099843
207470206
749884754
1613219209
684622507
360718051
2117992829
661369760
482510123
2010202075
977543691
1849956121
678309434
216987687
704589524
274575256
2107466320
483290475
239638853
706727678
2098934138
343850439
135733733
2076665907
1129918270
1480503933
1952150413
1291691289
991007440
1430157609
498862053
1104348301
527769539
1233545155
366040118
1713897816
412472809
781960566
983776440
1823227836
1642031468
1302109499
1682493909
985482237
864977762
1101764608
1907053451
1519235248
1966590504
262463413
1787657822
1360923925
277852469
3475554
806887110
498078455
281284992
327877416
1011674781
1417512242
332958247
872290392
1004582905
1453034967
1888921578
1059121493
1562231458
487826605
1422054989
316308308
26183605
1700461802
73864971
104745397
391687608
1232174110
1277461217
335306631
976506212
1846622199
631017856
2120383131
1531149791
1970764894
2116233769
1527198972
300427368
1299208859
84573033
1045968843
1594762446
997047861
1610193833
761558427
392404549
965938349
551481754
240872388
1478606586
1270762154
1513055210
106589656
1562813565
1807207067
860049963
222361252
1178704864
131162838
1740788864
2120549349
1420994247
1331571767
707708029
253785875
1761494638
747358204
1925319780
1515225226
206999761
1397108230
1491779799
436212087
402295943
955188079
786268031
915822122
403494172
416381020
868849886
84031621
1451394871
1566289542
1382186741
1669065178
233534723
1581688767
110034668
1586853170
452240004
1609939752
774848685
645093928
514197916
544642295
906661631
1579560541
1652336122
44743403
1159063612
893274177
1923205696
272866442
1029985783
1171419396
1235270581
391784408
590482918
1599250258
337352278
411756503
932927928
949991587
35682677
245345168
1437615937
2046909593
1323301838
1357886356
1706434933
699577929
514189262
1841260633
59223871
1138710395
236273631
1510512866
1109736795
688462231
1288211065
942948495
1202023777
334498112
1620534998
1064228188
1373097666
1916098549
904030359
2036342390
218775238
1225938448
1818639418
472879660
58855527
1100772701
1597445059
987643019
1297743202
237982518
967137977
1579101464
227925456
347458367
32289212
1408724331
844965991
665522374
1571697602
613318546
1533885336
432853442
1935082062
515400661
989097044
513237208
783554718
1457661798
975626161
868542271
1444178191
1059715770
603859538
1042849656
1215971581
797691590
364165408
375330663
1820128390
1227586759
1974337845
2011986673
1251726315
400913248
916224007
528606491
82011754
829353319
903238782
1665317789
1491464095
1366208453
283776479
839061597
405289854
370626537
1604572388
748162021
105099712
149684749
1423203464
1987272667
1394520988
192474996
1632307409
1759690916
1924939383
266867863
294875112
107767926
1665391030
964405100
2609877
1642176694
84068745
420939262
1525240969
652235991
2135395352
908012460
600767301
261926062
1209572738
1947971804
31225893
1441508871
1139246108
698437610
680638354
329770919
360784996
1697575945
287586743
279520002
496786936
1757827031
2045981199
715661035
1418194703
1428748966
1573351675
1434931536
395878730
1371740032
1435505260
681161130
924368317
913081195
476903261
127962064
144296137
1481214762
922223911
878270815
2091485031
456403420
199110342
2006230050
906709593
1295437557
217662531
384758083
1672905393
432123112
1698401048
1986310662
637247109
241405742
2027822737
320487260
307244231
988756009
1650661466
1993399054
2019772843
1796622409
2015133732
1503771394
1580946068
1336060761
1258882165
1639455510
1077797586
697798431
2029484580
1323521673
2099451804
698540508
419571178
1643776994
1962220603
979916834
2056440593
1982285271
1163722427
1414462352
1681949917
207269319
882756446
1167736930
2029545016
1999947462
1203696084
163030120
1728176697
1743269626
797372599
1590285531
93322245
1386801639
721898017
1083858062
179322863
2070066094
899334160
1278925466
210272906
2039437743
1364645869
1337901083
234121607
606477897
2115086327
1838585511
1739832365
482157130
1883040375
1127599920
1954183970
454416281
1643600528
1858868930
2136195370
678263464
1674926140
536557150
283667079
738891290
1644287159
328366124
1499104872
10521498
628655834
1920505415
428248636
1145186006
1882875560
135082134
396060200
851195809
1853715155
610978683
1478108631
475083871
368622533
1125275068
91137957
1894704163
797816922
917059285
628220489
1645678658
783278682
647161181
1967589276
1272201220
621517372
458163509
19164584
1731426691
269308888
715459988
1320763191
1054608582
1896483446
214333316
906031917
2021549453
401210599
2142270564
1299549529
1139991970
1129755218
1580608327
464627408
587319168
948782494
876380210
296959435
1122830392
940964439
1641046442
638602808
1257593183
1002576023
182492981
1116615059
1362304031
896602549
562317300
313313192
423387802
356379635
1289130003
584476296
1446050555
819328799
1183924148
621122284
1675985172
1020905716
95332665
416383025
1225160897
1682538648
746333917
32659651
1445752998
689787814
883302763
1231965845
1543121842
474702451
1004969665
1522561772
1014879141
580637619
538924940
124409659
170800038
1724659975
1237865926
948008080
2029845038
1218657136
398203582
1995005100
471270154
196448080
1468681657
1477161434
1158392445
1069363360
295301608
1711204040
1463035471
1468262283
813966535
657246117
72608005
578950169
791700603
2057947668
764087235
1618133780
22764922
328082630
231981209
1832782269
1448165765
1992405170
1633930301
247114313
633644483
2076938401
1869285773
1021837416
717940946
1918280096
835187309
1348547808
153559207
859550648
1349202683
1508555375
1428984283
218269985
1145258785
18551192
379694260
686464964
933824932
658494726
590124113
917291165
543589763
784338434
1425157250
1648777189
428900548
777834673
774942761
1346344510
831277750
47259541
1790889818
436033530
851081646
544348365
1417172342
80729508
1667216891
965765623
1740724170
1938758896
1401195400
1165757484
1902701576
1538674597
228934811
791365776
1330931069
1410247995
1630194602
1906705544
1635523660
605774356
63280693
729175493
14859120
278339664
1893963258
964648665
2119177897
2054455226
1016738893
884699891
985172274
1123165795
24990706
1031963361
1599724446
1215543518
654072541
1377423550
330740288
888181107
2013152576
91089960
1270449039
1072251478
1603649443
1173878471
1751651925
1928649749
600197196
66007224
1773176722
1897332390
477321903
1762118713
1475926308
909095449
783458525
2065697286
1480198205
1022756223
1121594928
1851563664
227519142
1997437059
2109980962
441801937
2135234202
65940231
1004408398
2031299395
847843086
408671635
650449307
1304445054
51444644
293570876
1010461051
202090086
102016601
999438423
1064745119
1482753999
1730904304
1700660899
1408045141
2083898236
917796033
1860198772
1790534322
1892436165
227620793
444522375
974323019
770620577
975055596
90171936
675023525
960619670
1584382280
1285041337
1770462534
99703751
2147380550
167628077
187416914
194383655
84547451
2089970788
1120081696
374866322
2082348175
1570041420
476411326
829183944
1312740328
342624775
125965328
808496559
610901405
817537650
1286192314
1095020801
1429239922
1259267613
614827746
572720960
526000397
700266398
2069010819
2027583586
1250932505
1217912268
1591473417
212362306
2134961202
659848373
906708394
223706722
1124579845
194008106
378125818
1414910512
116695117
813976071
1980364942
164433690
424438592
798603524
2004083472
1522015509
341869152
1110509890
1061924817
1956444397
273333644
1443565848
145543178
1178720353
1836434452
1256602800
642905839
336369269
33223439
285245077
826483387
1103849223
1274989284
1162807281
1625468913
1254610017
123004526
1365035192
1714582247
1009058404
617904255
31504347
642374317
615136067
635851419
2017256348
1444289186
1346028456
1190490794
1345800734
1134386488
1281095316
797645321
1281194235
119406100
508209771
251620183
1487140301
1753402337
1111547061
549949486
871526162
2076529511
2125243904
193620080
376288051
1358377204
1295611682
1782890494
863007174
315321118
380411067
249957475
54772582
278451400
1035340564
837727356
1372092896
1995339704
2012640131
1253629257
610416891
1676871208
1000054806
942981417
580212086
317216217
320083791
838962617
1239973642
206299526
2004552020
770427315
1455107963
506287140
1702724502
2113553427
1893851810
1517558275
932834532
1733462421
1408833518
1995242406
1807403740
1381884674
1484790086
756596799
1498270795
2025315408
1944882254
500488048
1580808
495931779
2064108006
1192692650
2133396388
1766000140
721878815
1209351310
1852561745
1898103393
988746883
38936879
1148844700
1214118576
2012569533
472388130
627999105
793312475
883825229
59431976
1855708120
306292344
469345014
1306106347
237295368
161260468
1170310512
867800647
882502928
1881421120
1018579624
1846753036
836491325
1842445951
2036273482
1667886806
1436839760
9001950
803990948
1659385703
2000079451
482721966
727454276
479761329
1456975486
1949605457
1370013754
476355240
1590641185
1215648185
1371930201
1200818349
1624574401
1815976372
1701452596
983423659
1206332276
894375247
2108486636
1733914554
1437465502
633752168
581960995
2038805389
1705824508
2070688586
1134576405
1375883488
1470177592
533943657
763541901
1459547002
764470446
606691225
1549595838
1772118626
422134579
130437036
1533685972
129243791
657360801
10625565
1848529640
2049593480
1860066585
1492780648
1163372715
1865446221
642077244
898506554
260075752
14976498
1000908275
1006683865
1191259114
1874496060
390421417
419454688
858043211
1103950566
1875220323
1376036403
741284516
108076493
653083234
512267805
1321752458
797496909
1931409082
952748529
1820045759
1210703630
762983450
775318776
740097054
1247053050
1936972796
869445619
1980011393
1938962636
1709831535
1660864554
1966287035
980758977
785627719
119961001
663637795
1829902312
432990794
1292046536
747034215
179090923
1928030242
809050370
983165253
418427820
171318701
1949989738
1631450885
120543389
698623818
1232463923
2112643932
674977130
2115979656
2013090151
270073323
1704695544
1804905506
82540843
1627931622
216932440
2131156780
1207056294
1100310318
2054417570
818161320
1251623449
1897471735
1776212493
1812074253
316503987
365051962
1620745015
1480542648
652523874
131145077
1927918122
736940175
668092125
239513444
391082584
1593791231
1436657023
213419352
1373637258
1730800162
642125479
119176361
992974791
1050874935
1448109402
1232028155
1152990957
1366620582
2038805718
1852872846
515329951
209320265
367998779
1902144371
1233481089
742816793
1007477532
1817421044
650494914
291574223
1525908002
493342529
1285701188
1246352687
1061113691
1249148131
1872940203
854726714
1071914295
468285496
1840360379
2087016472
335807434
212515958
1594275955
646216198
689280878
366687661
265472493
1892962059
281192054
1252477152
1738806188
109076551
1107853322
692069562
161255332
752026490
1900200386
2069420252
1655926978
42186444
787066472
966145801
1767546223
1767687601
1290603524
42105673
67186861
47789247
1052019262
1454750667
1644955160
997979516
1072607202
1896096093
217926206
935420864
175592098
983754569
363075137
279710074
1136563184
139797644
55382536
755870154
238643164
2127649491
286072188
667785028
1401201428
833671111
1331626855
445468404
1745064311
1230613678
1852650612
1328307266
417535034
963962630
1199605682
1238140583
160057243
1386279042
841811608
1343702100
2107748902
1060253541
1274396158
161839033
1224342099
1139949321
390109476
277508822
515581032
1794045814
949175262
1210270657
1566923179
260718102
523375616
325798358
1028404757
404463129
274332893
188157973
1934990972
43296874
1517193316
534147843
1776623265
1186536453
1737808557
549391440
637325501
1906038358
2102704743
2013259506
1186777510
1127320296
821601538
2120186813
1233785130
2146059480
1988487122
673510741
1564876510
358788484
843432510
1772993703
320856277
576593531
1526239387
370167043
598165983
1733982165
82574831
556617848
1257007137
506380878
474824392
430965763
1855128281
876975773
657478318
1587471286
1424212073
1680100686
501567209
121478995
738448805
806352910
1112846468
723604992
2090613433
1220616427
1564194602
863509311
1666804335
2016891774
1782695467
497336918
281847866
970812418
33542186
443544333
391630265
1045410064
993183743
1009747543
2062328359
842314383
1248992360
1902455161
1183365038
1018819249
1508063465
1484081950
527880751
1264932272
1753420029
204951465
1719588126
1712085690
2059317651
1614810365
1934440913
1860311927
70507624
518491814
1450905192
1605178570
882026781
975905530
1388280553
1180022579
934883308
61648443
1710477443
2015280646
54672479
1731217284
1186144075
737694033
2044724869
1310268753
729699424
1769925746
2130441877
1099341976
74309832
2069303135
187985330
332593673
144303885
1488369429
1819384128
1364444763
344060376
1124965469
443174063
1935546782
1457336750
568147483
1787945930
1336855734
761021521
2012327852
1955081458
24645759
1527087489
575419108
574905259
276122254
1844761299
1781569153
894698074
1703295442
979898404
1357275152
2091324606
728916504
1159784379
1558100732
209842812
227917959
1329941216
353382697
72251570
1566034013
1913087365
1081682927
1277500676
40740419
1484659596
1826241334
906432405
956878217
708251478
819537433
350381191
70437830
556478453
316523403
630802298
1639408977
299814846
1998166677
342176951
941488443
1553351135
1951091113
2064596072
642985457
1386742190
1877915660
1788234771
1338238324
320167829
1739263350
1828487393
1992980787
1035122801
1458532936
1779729088
846151389
474493700
886020191
2085086594
1268601817
87295801
391186959
141530014
1359786631
1127697111
511329387
1442267275
943885783
976636196
1653904724
1923408668
1831400797
1356161267
1043449197
1602041567
14598712
1526426134
1839630127
1516128196
998296232
1499636826
583708616
302580547
734879519
1585524091
1425028998
812831477
1789070650
1228013424
1109524863
1767390935
662416788
1235711740
1205562389
556373879
908375781
1297113383
1854515544
1250601024
1024842352
2054722165
1011343107
1186886217
1323755656
1418593354
543625053
1735912744
679869678
1980988409
175294520
648598259
15659632
90814523
75734135
1124561101
1313153003
632825769
1909482478
774144662
525360067
626927525
1603224330
453645415
662587620
259377596
660044849
41708768
1588128463
236003887
2002060977
471203807
486768932
922427020
767487970
429352892
1722723566
1826939700
1377928090
1675913370
697621621
1929949844
1479359274
793180766
55574248
694901294
1021015912
1991334550
1006207468
604318275
2010775385
1272456941
2112197790
1866167037
676219159
1813872568
1902818304
1479772863
1428261501
812003742
1190559854
2007522564
237408329
940697624
1624299548
168525977
881483751
493840440
957234344
1339741350
773889628
338022887
1330806443
1161013444
1211941006
137095995
1562686041
2009885111
334038249
772174249
1186294596
513661082
241971686
1931900179
957890944
1453639793
1982799753
1600174469
638688505
205874432
1026754277
1050092039
1354353144
553189630
527014584
1405952604
1700156771
1225747361
2086659915
1694513427
569029030
1835847649
818740106
557675198
1679892942
290265569
1303730263
948761309
72150665
1412818339
804530453
2003601230
1013375533
610268508
605766681
1437745683
1963265332
369176336
1874522792
718281557
829346283
402662354
1245872590
529636346
1997420913
1723473091
80386458
2139918256
1939836740
698659560
1496997396
983416686
1352680992
414444517
374888324
954905511
295576550
1519247638
527966821
436305414
237483456
78966102
2073421767
298814619
255790227
1123116008
2026937753
1414038288
1397735712
727961126
911478448
1656102372
986267876
684241429
937667395
332012514
580804842
748085232
2069307725
1504391475
2030779345
113330609
1635368050
391512176
1679971424
1359306727
417173102
1221271098
1623327575
1338964303
441671492
1470306881
330508843
47890363
735602064
801215104
500314285
1541416813
1206568647
100683103
524503040
833350892
878042999
1154177687
886241291
171186960
78074730
952582024
499380943
1045338489
966649347
1639589892
1600860442
1171473114
671292061
974201132
656103032
722633493
1317051458
1501190978
1509973475
950631871
1126330069
221082751
900500981
1826405348
1716971089
1520093839
456635528
432169719
308111300
1599788471
435268530
1503982167
188019030
592874091
231286186
589793743
71002694
943833985
682082589
1356118107
634305485
1805694294
86271266
1541460340
375435386
1588684468
1812784706
1510526077
663657779
162673674
1164440038
43428247
1760416035
102652322
1085293363
380920104
123588108
1972995482
388636270
89545143
147933367
2036560256
1716786766
52847993
564064343
1884063387
2140411818
318261619
294322229
390366574
761380286
594594738
735745722
851196453
1431236127
1923631339
1726076496
355677740
158318117
1488048923
211668301
694849997
180526470
1846532070
1728784025
483768137
1901710323
994004653
134914345
1627534467
640095327
983723648
365187468
2026870290
359322136
1983114592
1369090227
1752188933
2145860689
1854653787
1625179401
625771006
337181453
1088324309
865307386
218118108
2144731755
767564842
1052443711
952964293
1976809509
848514648
481134786
1962507670
833969857
1538163679
121450215
968202798
1482934872
1298088768
74187697
1027565805
697261167
1041573095
128551556
354342923
1381845224
1008554380
916981327
1584588855
1348542890
494372902
1912244530
191420059
925084447
1617800386
919391402
1041649466
1368913903
263642742
1747309146
118466442
67096217
1829704963
189156258
1882398814
31478738
961300612
64211626
1916940162
1590165651
1763319370
1637988749
1308742561
935779563
1906646982
1527323587
1069214954
781845810
413038811
467670404
638820329
782988787
1461796207
574766216
2069544990
1999052797
1730295977
2004529121
1786659206
746996988
2134065828
746649817
1459991494
1058151206
277028482
513389142
1636418396
1123990217
253944125
701233598
1212269750
1776242867
1689902837
335324976
2103461386
609524643
703668819
614485363
1796712880
234270970
587164233
169149042
524273819
614139668
1071558683
1591013186
2125831149
1865927617
148125089
1439869140
716042249
533036880
1813257251
1315983294
1884560994
1721751661
1365869048
1302493316
1831718835
486994336
753674420
451927098
148686443
528596177
32285722
85905533
2130161898
671268643
1667239852
461473665
1909654412
852497965
2134134100
1978800409
1630722844
2018493283
638962503
1991201173
1711204124
1224294610
156226283
1181436817
1043422120
533552478
345005572
603770678
39447714
181755986
1501066825
2118417023
1345179281
407533257
1996626528
804696688
1270727211
1244030760
1055173897
438000040
319497613
687770961
390130374
1127502446
500502380
1781145380
922577100
236701084
93745306
1012185319
1599904289
214643613
1473134233
817770777
494231413
1750879308
1590339000
1586017566
1784093544
1354010451
995115905
1217801460
818041526
1668068537
999713041
1033234506
1400820044
2057624662
305226953
1560515034
1199069393
1503037133
1772344607
586705999
820696839
903173602
1332740788
1473238511
856105953
693081123
329400919
2143294918
1167673327
708805951
2146262950
1772646063
1817791053
996048631
865210151
1131773097
397379400
533383255
2137679950
631036015
1188400735
2066825919
1334995013
1448150018
928811153
1743510012
105282473
405708534
104998589
837139518
632361150
792977964
584914813
238443109
1149252166
1651729605
1409943015
1417949427
188492108
508766211
1411522453
1885361936
1584932717
29944772
811868882
1978390516
1679161655
63228504
614003951
2117587521
1073070138
211492127
467452002
754016547
915060078
1285466227
1402313584
34229154
1508766637
1287393410
1438692793
1596947883
2640253
754423063
467603220
1912489956
2139886441
1070470532
736802260
17393636
270016204
815422996
1692240965
1792989380
922522379
641710738
2020775959
2069850913
1266345154
1517999150
1005246282
349775180
1920585717
1767494832
163487716
125135811
1615223150
729600888
1648657628
1387000184
1176164886
1088391393
1366738160
1904963517
186978427
151866172
1545617718
1003038337
1323580251
549474987
1457126066
1386751295
886586295
470631861
224532798
32070304
530235286
391908603
150305033
1914006746
1268478816
1619980332
276087256
43080067
668482841
1691941298
759039006
521068256
1560968630
1055171419
331603942
1695132559
702700570
873187846
1191916443
1931630101
352917189
646048427
710430897
1162354274
