1200
2062625479
1166219442
1176734157
1913387142
2143303987
1186574587
1578136586
268837061
1656031725
1450147601
11763762
1172633814
485294112
413538721
546953139
530747986
353265988
1148128581
473600623
1748821502
404924215
319664391
1025590612
1404611584
1228104389
57098901
1510217655
789511428
704890396
37898953
1789813410
227981607
1902034580
922110358
1892210360
1822079227
429082433
659335728
279456216
1257096608
1809300266
477364171
292245120
997021987
1265446704
772180346
1003630881
109323982
628872398
390397485
861273759
2145217187
817980468
2110169512
1831596704
1251607282
306875974
402628758
1425780275
1601720178
177239833
756986812
2133988631
1166006703
7551009
920849919
2096739536
249677359
363489931
19631854
2114040494
1356794795
1784985940
2048933984
1750876697
1990554513
1408203664
16194054
1860018807
2083807856
207574688
1618283899
1921295777
1333422195
1196615934
1164729083
597016282
1258068253
570981220
1754869112
1664194447
1987619746
320846872
1314750141
1448095479
1997726607
1350598792
1845314472
1864990598
1505804428
402624513
1159455008
1781837241
666990315
1635415480
1398531895
1476836836
2115317703
1061378679
891426259
1299829406
772018543
332785688
329034094
933622467
1038487388
1240347293
1666182875
424958092
1987871384
1715120935
1904811880
599148164
38701567
402790953
205030835
742942524
26817204
1614192922
517204298
1978380737
1451517924
2089731328
1912750896
459069959
1382919065
2120057137
1391573506
626214170
1446614564
1392664828
1113122484
1991280809
1690116061
99262928
1782865920
1028223262
393195350
708599308
2096205678
2112982789
1521939289
610582236
1175964858
512904881
1346208398
2044868199
589349633
20354321
853885780
1606664834
1173429386
1460922086
419863676
1987458679
419591912
1253709474
1993174404
2073595172
1387241288
2092071623
1269092081
951075918
1085544192
234335247
1925355965
397851989
335536001
399428540
537114782
211331247
2015399642
2024493449
661274568
1826649976
144747371
1239835354
1185828222
1558500878
1105088715
573747119
1165144443
737422924
1509563339
2094389715
1640914555
1326854509
27221654
902849243
603693396
605842084
1669766387
121446952
1562255841
1155193237
1421037772
1414611874
1110485801
1954648994
109966853
1384500668
1162591038
389050221
790323039
1234415397
76930009
771601952
45240734
789272108
1598997163
2143870505
95447317
1383124534
2122725699
1767001468
735003917
585459129
1613745640
1160848178
1843067968
1334304139
946096861
1986005696
1974130982
533995090
1170339725
1580864961
995974660
1634432733
50110607
1759550924
1845006728
751723081
1892575096
1629695860
1152357080
179361517
144333781
1730313245
1563325803
800201696
1093786242
856118263
376268280
341911426
1817032455
1061595403
1722553961
597067202
342633193
202086615
2119594529
290244142
1743031859
1736474330
548641302
675312252
656529354
80743994
1986013449
2092993636
2031412658
769094957
1018478710
2000196754
2047839554
27428361
408542097
287119366
1314485148
2078992941
2020207849
1795409692
2062527800
1878219852
1654833587
315626249
1140860630
859302469
809971242
1694323968
1372706222
1787576206
913441377
1815051155
1642770315
1180759938
196822485
2119385445
1399089874
2030630901
405847012
381086630
1786840821
1408750239
1539485847
279220106
951065885
1058156565
1516637138
1848041872
727054176
659112437
1682746990
1119980230
1556443800
265960580
2075465265
705038282
1610458288
598399543
1760709196
1712197283
1625050691
2052842579
544018175
1510243596
395711232
1053476442
1971282553
285593251
929396906
47917056
808141006
1640045483
763473993
1317113687
2060300331
56794772
915285691
1579682507
1074730337
275825317
97770393
245752882
2020724682
6601286
1924498159
589519316
301997511
283614458
1575972013
1667392000
196757744
1807551956
1096037610
117797981
294001191
243558798
567753888
2089638982
1551930939
362380599
1691740574
1491538850
1454571954
192791465
1454419460
511878257
4992356
1112747185
31775317
286004065
1470040738
85027468
1257780204
1962889729
206014330
440322201
514283078
1752185133
284603013
571836827
1558698757
1954515667
780609605
1310641566
208619964
219544752
236635653
1215037542
1200607435
1855867521
1193453354
1555550227
1012647316
664227830
1498573007
366455458
119598090
502737722
429897298
101106912
527206456
108553958
2089754026
1488169000
82392280
235547851
1328491306
412698849
1384613121
1673297825
1531104910
1158456512
1535273931
1671527857
574359117
1703405849
1995467953
1497148069
1304941734
1117528248
598905706
708395578
734821240
1200777824
934425816
943755806
115015742
1344649154
1518237352
1793678474
1798633742
1239290487
477798472
416891534
1806147693
414608037
284045858
1901147531
1084043617
450227773
1785186022
360575662
652577785
2001069492
906214213
1124434905
852959580
397220705
1934073338
1198181168
1602824261
1161415006
1801676949
1845498962
2030573824
1560481673
1405714272
943828747
461730311
1883959895
1965980151
1922142662
1621345273
1764352120
1092727491
493683542
1998587227
1951187277
1972346932
760565108
1211707444
2089716692
647951441
1371830006
2035754223
1968595820
1148814709
1168574075
126998370
79904723
1941044688
569625453
1842987765
1456347571
1410815116
1159377432
1034069574
2125177463
451349929
539204610
1292994715
1272348986
846152198
477512640
483329203
1548425719
1649504242
1399072322
1522458187
2107497257
1488392965
2058188135
1845353845
448074939
1172899142
928649696
1135014754
68113724
416982592
2053082706
587245186
1419727155
1280953407
548223131
584304319
224809158
431258467
1247227024
1892444488
1041638961
1321559911
985230929
1994796506
824421270
1920482016
361499661
168085957
366135834
1408673723
1929464043
804904317
182781797
365903609
254201509
844697478
951294987
1065816598
1189275832
513503680
1503531548
1562843723
654755049
53685513
601254650
896952649
135184348
743470555
2142490067
615653669
189379865
1513670672
1372896737
850670872
1279285931
1714514903
1618598049
144306423
995468118
169754931
2141330489
2065386018
1555638261
34985240
932295904
1944319962
283417241
105626766
93082907
492786306
436027430
651311630
648810800
1367866705
1133671234
1641294102
282970123
1835816284
1750216219
1611149890
1445728204
1345890875
191667307
440289493
715238597
1975008896
1501542020
1174957262
623677334
1230901265
654566142
1184872754
403331851
419760
1750245545
38188800
90665764
2076324311
696269304
1669986973
1090097829
1981619984
979467706
2027947605
1065281940
1785695114
355893873
340359268
1764410257
2062364717
2090037377
2142404215
2083042809
1346476638
1732269067
1375113626
679433703
1017867276
250148581
730299103
247166813
950494310
1486210020
551067558
787280401
542912571
1409724506
1540330975
496890113
1847066941
959000059
77266873
9291829
122744705
419571249
1299230893
1696092828
247013692
1770322859
198449562
1985140933
253213270
703632518
489028646
1896316757
934778344
392916222
1801349255
1876442267
1281148319
1203220752
1106378765
1240618802
1473370682
33054613
1107526346
1121676341
557708226
1403024336
673358637
838925753
1502910956
700782576
1022960101
349407379
1871731790
623632154
895955794
777397007
1976121895
1905133561
1974479467
1798021820
127390592
514442999
511208921
961170211
513171702
1406834691
24490961
1587479467
1404072836
890345930
382895790
436803107
332561806
1915154111
1264980193
2117563563
1634345672
1067264127
50409833
2115012712
1359499329
1645197475
1899091877
242059050
144055638
61173027
1979557987
286413395
632124107
1023406196
2067065145
1894440089
281443416
289494269
1646179662
1874270320
1745543087
383821533
1751087488
560885345
1438629326
623281808
102414552
1908652896
1398241927
541772535
644945901
1414715033
190598460
1682713406
1050391216
1746968578
1099208823
1488646590
788903678
1664521954
1633815238
1708111310
82135536
188938104
289179433
1430724160
569685021
1413898576
1741280362
530295722
51172545
1987577411
680728084
1079413338
1434574802
1755930593
871959703
1783655531
1178820733
747793932
619191635
1457220857
1960871467
1049591050
1735205635
1894709588
934394120
1115255820
1752958505
1200538565
1703441878
862038805
1482235128
12959253
610693687
1813662074
1446400876
2024676008
1272776987
1385442345
1018502206
1310677110
1020653184
1211847691
740173906
1488671600
665201867
1033558892
1480583151
1647534171
342648753
1739683137
218419679
2126409211
551250273
427782949
1307735219
114896857
1236399781
746017572
1776438811
2122928195
1027664498
781833882
1432710064
612149990
528522030
1025941435
459527048
1971162814
1465288257
116021359
883471267
651495451
1875657876
1767071897
472668841
1951675253
1327023745
2006320064
2131556399
484284310
8181999
2068396073
1950819493
174556936
219410469
570745906
962540045
1754303442
1658469764
329952497
105661390
1459542075
273222375
421678246
605433667
1927528891
638213910
1265791243
246883277
622609253
1600449001
2000625887
200415974
2022148032
1159805190
2027334438
1173295370
910982019
1439249225
1360403568
562955574
602367780
1497554445
328089083
897696095
16290195
1692887163
309467908
2019781444
1223486124
945258500
1425543225
1896864729
1186577596
40758654
1895194764
1841283016
923035501
1221687298
1352946909
57376847
120529386
466031138
1099489524
1479275076
904119529
1929727499
1639961311
6868910
1943379144
124393773
484345943
2143680328
1637041235
949207387
1776364953
1273001114
694257290
209600564
1604944614
807083
976767295
442880043
2109221887
1180969522
320503528
961529917
854164783
1402705265
1545740621
364560394
1008665116
807748886
2092512151
1628896516
1759384476
1784543668
1956170826
549987749
739088079
848116420
2001152062
965819940
454740629
1252841092
669893632
795602109
502189608
554183227
1434484483
820774321
373139227
1575236139
1028572343
1752195057
752340940
562127600
607633404
880931099
1070026220
686311497
81433685
1407332733
471945167
219278928
591110431
1089063120
1117082610
1360859466
209177392
1794671161
1843582500
2036405851
1665060608
869763167
1853785696
1850723052
1475189684
302967420
785385211
2067197478
1296151599
2018469655
1469133464
1242726402
1891539534
624001466
335014553
1388370500
2013151485
1168825941
1634954654
1292472444
1111852487
1606084131
652621182
1376262189
1339405315
1240445771
56974639
2058041677
1452543649
126109060
1554419724
1847215712
901800567
939064915
828735178
2079399113
680763435
1680303287
338288404
191098100
1505722138
1374827075
1995894871
1501284935
1609049864
718448456
411929419
901579860
894493434
681846292
1879684992
631784969
1796528821
657397857
1673841093
346521288
711251270
1746148083
1820658275
1998033360
207815699
165179933
2116281184
205508431
1800786816
703907213
720607006
875050030
235587252
1692870013
2001567109
459240003
1885493493
1718179277
919718849
1340195097
1914562607
2131518218
352444749
661747002
1596499745
999980688
385752788
953311574
313825296
1170219589
1951417388
108592687
1755614729
1688042922
415979207
1516133108
1188837436
1191258554
2041188282
935974188
1110389579
1479353488
607441469
822188320
1086858349
992417518
207104391
1542646461
2113985221
666165099
632606665
302199924
2042919594
1195796229
970079162
475717874
666152660
1462615466
977057436
1729821237
543875926
1084653029
2105015209
1393463961
693012338
105740760
1775197565
1049162959
496588893
1506389642
153908170
1665244127
490910446
1669824894
1564300102
807334924
1688923737
1099383624
190007902
1392566818
1375714808
23068004
461580241
935072943
1668455368
1555531108
246417741
1452743597
1668954865
1183898015
2068427250
1169836233
108527966
1660011891
816277350
505632776
1866107533
1367395624
352868688
1707990884
1710633375
1188848352
174231325
1440843712
124560303
1200382495
575233451
2094468261
1344043426
1921963189
1230268099
1772422323
695327554
681639397
1452285586
1042641381
85010565
8761435
329308591
1006967209
477408403
1604970698
1583440881
414033300
422991695
967357196
1961238130
565938856
1014923372
1750029914
1357751753
2091957016
305180972
1088604382
803733575
297082080
1452242577
42429725
14504992
2052442950
1932540834
1959531789
1906124326
441720467
1513630730
209276644
952049516
1505066015
217783843
803600836
35543970
1281683224
1161135306
993140977
261636057
1826064435
104491646
803807455
804771871
1816430267
1301181047
179049203
571915774
2082621396
814277632
212173430
1381795540
1505296224
1857273002
1571252252
484817470
1304180797
1589889336
1190424208
1589333943
1056709597
505530743
1708490434
614708609
1751090025
287152545
406623254
775315101
930598824
201614607
215341137
1207621799
1377798460
1802690482
1258817737
796683064
1052035127
1952221559
914694485
1213938871
731932115
174126991
86790596
1636041127
1476064120
623388478
1428044132
634860206
675314465
1805571970
201616279
329828956
2133067927
