5500
1094817469
1847984413
1967644528
1928828727
509761385
1470199359
238227340
216836208
1581907759
2030304179
1000709098
1172296933
1709566965
682318131
908825420
311247115
812810474
1313981882
877656531
1805139225
158722192
1316885343
1968795386
1802106336
402185990
884286292
371022867
815656181
297174199
1749918458
422750855
233650160
723269470
1927745400
200081875
1571392122
991065509
1587872294
363433526
536413397
262654205
1970259154
118902397
1612959011
450279222
832253345
725412501
912551802
1824505230
2071250077
742003050
416023936
1657819875
1582968255
1370120149
250292192
158331181
857268087
922078747
1091609941
1743530162
1417157955
1405265576
1158611811
1283242391
1307458848
1358496860
2006566703
811120231
329396935
685758480
577471588
1911926421
905602182
2029811650
612742907
1839849505
706332573
947762332
1257988625
1795846799
734806935
907769986
98007426
1736357969
1820549120
1416883583
634392865
2090957250
908343143
1947150988
1419203911
2066302733
1602728977
1448242073
45828957
1362154100
1806570527
80465384
321214847
1960334035
1808184907
1818204201
493524830
1381559635
1062022448
1677723435
893249067
650324008
345808053
1119397084
1047843093
1052861694
393895168
2029397622
1915761944
1121411585
171501614
1427362498
1524216225
280479216
422841672
861368466
835117283
459845860
260533565
1436859361
846419814
1779455857
788545189
2136040935
610430296
258122757
1282103972
899848663
232377747
1506337352
1954582777
765266831
918933264
108818500
1154237271
2079362593
1547211871
1877834163
1326992154
199766564
840234077
32422170
1291134062
912780108
295053760
876561146
472146782
169918239
2022001723
1714116496
1942318796
1917090574
1175294007
874331459
2101708476
1763832655
1866485490
1108812592
2067009115
1211287525
913954669
2083457634
1799102897
256095242
1173882312
2017835392
396652958
679502841
1729340533
1917957645
1473669030
1061933792
1823314809
1320634003
1317901014
871248363
1216395638
608599483
1198545766
239162721
673823603
160975816
1827864406
228895776
1607826811
1067686251
1787156087
346144032
1437035113
1434675542
774889224
852110766
302548200
126288698
1607897530
2004373475
238042781
1707418943
1267989947
70990116
1398282537
1015758616
1738288404
98000858
2049642142
1260499877
1297273222
1323614630
455196878
192816004
1884436436
1194562237
1167880864
664583950
356811875
1061188165
481019787
928620753
93337613
1998662327
1167674374
63123389
1006172979
1282602590
1700841001
1392413025
1232450334
183717469
2137738583
704050250
2023546263
1200373996
553462432
2133940757
1093154148
2109558722
1642561979
205310345
1815125672
1533662668
1680785417
1096352098
1558403745
1060500945
561436141
1493959232
1217496219
1773867154
2116433540
662677636
1142609300
1107084054
1196466132
60837704
1809101013
1369926878
1905961840
236288583
237926381
1170292266
610739770
609060846
678700915
1284951669
1438593282
2079681532
808467116
432814653
2022058249
894792017
315480132
765184404
2141869891
690750645
138167830
879435325
1042508173
1354729091
1282713053
1879042582
1957671539
1694508485
249755967
465382746
727790035
867352935
1708355060
561118308
1177248956
800969492
1462039135
1013108429
415423844
1808884057
245502346
1414943963
390046903
2093152751
629217061
1787745848
504586451
857125861
1840020614
1723406302
755254924
827210300
110402597
1777978071
1442697581
515300691
409710138
174227994
162022295
344960476
1842154774
2033660050
1490546269
1702928127
1123074252
445460524
855982594
91992285
78402692
2095894334
522102555
574693768
1621225930
1807640364
1696931197
1793042725
1931396323
124517010
472163565
380222144
239708588
1648384970
288976440
1916325697
157490956
422369990
24302074
322418501
1039631357
1002339177
696586779
1372386699
1409588009
380351506
995811632
1218322760
1026774970
411284312
1521988559
1652904048
1114042545
271068829
1463539521
1731299761
1308769902
1893382278
1933267835
101400250
677666328
398892760
603492783
282447552
725458324
1125142725
1492373006
1839665404
58568924
43208003
2099269344
1106109898
1891380532
1721211265
233858514
1986056761
203181504
283623115
1363752667
1976410468
2144141399
282087617
1687112172
1860374393
996554949
447872031
337437260
1798142692
411340219
938417204
596844266
1000316863
237247663
2082331105
1821827902
220223835
6010555
545771947
2057995876
1840671843
1832473514
522207590
267734210
621500928
782290925
37338984
1206494999
18757880
1143861009
509900787
1507539768
438278255
389720380
1342043103
1320531085
378497697
1850392298
505112250
1378180075
584447560
1279104359
1352107294
547518475
498127199
1120361188
388817633
1894806933
1827463985
1322414784
1403378089
415356768
67530435
680143302
1900738167
290582373
1617437920
133149259
1876488270
1776639486
488783538
972712170
1751590580
591551121
1108516740
23355486
1455925130
1615971298
412548952
560215360
1510587776
1295644848
436346115
397749270
1793590910
392459982
2049767585
1986958103
923472137
1308574939
1654461885
2102095950
1680442352
61546814
685294878
86209821
1982778155
254245658
614627267
125188750
1873891091
1374499492
1223956685
118080951
69284382
2026447042
1152610240
1572688805
1463326489
1000826907
909675149
1993436720
1297510422
920685636
1725902925
1141262212
1552733048
293163894
301751034
1192320781
508287860
1088843040
1823521264
1477143862
363989897
1543824329
2050047128
1687656415
917192418
337138657
842965921
983887526
908533531
331345197
497359977
214642548
198189375
821246544
1321001558
1029951878
1372327306
272085292
33876364
547380080
1462701286
207620958
1024495883
1291779573
1172979489
1866884615
1881234714
1017018640
756996403
1158818498
1894103316
1897023386
350145452
1421524818
452313636
2121798707
2021912821
228064757
2093423008
1504670946
551994172
49378757
904969829
11857960
1474141008
1537045277
230158431
323045403
1385002551
1826672471
1325341020
888016733
2016756669
216041836
550486157
423658899
1463598246
35006116
1624802391
1696316166
711967082
1381489082
2002263099
540736934
1148141424
354776046
839803738
1148554286
260087819
1376460101
1844210412
262968174
201637576
1560990864
895259705
409236009
1476355937
270382895
2065412801
1143620911
1312316365
838734474
1069299441
570866673
866050838
1334524729
973889496
1381971046
901308197
1178086757
146306508
281419648
755395371
991294994
94506057
593210761
711131602
992666085
159730909
1719648752
1317874604
1189574232
1218791570
1656107067
1193129231
329920924
1868059309
1438531430
207056037
1533219569
1198351087
1459517259
525887949
596110101
1971552187
1116058481
274061956
2041214020
1200369719
1560445068
11229638
1025585836
466744964
775012444
614911398
710155294
435933914
1583715670
2098843180
2103314722
1302776859
1994758065
416912046
651422922
743343011
1007243627
712403154
916641020
777899803
1930297943
512995894
1310044715
1700813281
1154002003
594111323
456386836
1601065127
292906988
974665996
348760374
839586423
1896153177
1989738396
1737166375
886041559
1181341580
53542931
1105397701
1180424348
998576917
1349746581
1830750702
1814121991
779423602
318370932
1741194498
936054148
270933287
1276886390
2115839693
454098583
1864795321
453926714
716628312
888541406
1759433339
2012695368
1519697050
696788704
2121231261
1117269443
81096169
1062930436
1368680865
979289017
1603582069
1276598949
420528003
96549230
1484559694
1805035206
725722382
1659900131
1488659504
321216457
1352354671
1946587115
1093559080
1285814018
653253051
1426240968
1958129475
1130362372
964800691
1240316588
868289605
1318985931
285341626
1472074995
2100966861
1273929629
1639739486
43780050
507213455
1703162355
626102986
944879961
316819803
1323788381
1484780107
500158710
1474543825
343860921
1151199565
181378491
1301067863
1350938274
797216166
1992016960
1375718240
1915253137
63761661
1982362947
1101141657
1101196016
2120257690
675556340
432521086
1851146978
763251313
399111014
181486813
972126162
276056212
454964777
1544197964
1038405942
1852862917
727651199
482146578
1450793417
99092965
2052144535
990160504
1896177998
87530978
1127375043
974865998
1356269459
1346123868
1788481666
1726489014
1485688335
1841749306
2108833534
315040944
62665297
317410924
19937791
160933531
2127188050
558569606
1150759422
692320685
825396402
278783535
376260690
907199529
407979827
584588497
1110189406
1077092277
2132841510
1836105868
819336895
739541569
1901658060
828875048
1496888650
809201204
1049647055
785173903
1694897166
1617160748
2081390001
397037675
202208746
652394996
842547474
22099040
654085065
1515621915
1148469798
841666628
1597127491
1859749023
684055405
1833917327
692841746
386208090
775165124
1682098655
1681285631
37238139
1600822435
1113124938
111874859
1118941293
17222493
1415704833
958600831
1194258495
1093315695
576712557
308841922
954255629
1745818010
1747389682
1762630950
2007430694
929934471
887663762
1279256742
1537434086
683422096
415956928
978819839
1414936016
1615954237
718133907
336655245
1922282218
1974328099
1482542925
385047770
1673843281
524228710
1528206183
1509493328
1644408083
1645866226
1616227243
1534205801
499428453
474034807
1633574966
659447029
719159918
439630551
1643116706
2031507476
64678351
1721575874
1179599114
2096969690
1136012885
622352263
820270377
2006187003
1192983853
254655203
1521333605
600263448
2073165069
347429786
552182549
49334410
1006022286
788515960
225887180
719647528
920327231
674999736
1854738213
1376160571
2088280846
1857107770
630194629
1904771262
1997142648
93112996
735779304
1378314623
964355293
1125223932
1737071627
935559218
1031806846
1311575394
1230675553
610543952
1531439872
864347602
1341283905
1397621422
2048156666
1949792026
1943657300
418674840
842048083
514366976
717077448
1152378069
1439801910
1406367450
529365469
1967207662
395572274
297412528
1882969721
155981821
1248277812
900510232
956405412
1896920279
2144882473
1732234807
1881376660
651028714
382435639
2129447967
341625341
2002062930
500641658
24346375
1932420944
209209710
1099987889
1932996287
1400188469
1461477314
1480238478
351244862
466015615
114759303
2037002978
220647821
456616349
824383434
1900863439
404590821
1850212444
575824362
1147623104
298713695
283096357
243809520
1639559487
199688090
156233179
2032384345
240893932
599272726
931456392
757315056
113384041
1915233219
916685469
153972322
1190983713
971875290
1718972893
771658131
1684131992
1717882350
488934110
1312022357
1613808296
2138662598
820411533
1919766258
1541850692
1832853570
2086257011
2096676307
487433075
1072753776
930405263
340534567
1467659060
791697183
2047400156
1538807882
1108174769
629008650
2079858550
98388816
186555482
1929613582
711098943
1418256654
1458679294
753538910
1881644105
97075452
194534235
1284675232
457209374
2115745353
1255828868
1412235217
395407637
868291965
466757526
340042451
1257602068
2002823873
1796112189
670810522
895717319
843231350
824974563
1540303394
321876686
311119123
1022764205
1960499532
512148988
1644108220
1329579290
884515851
812341313
1811558409
1808240861
3271260
1753990094
1667416339
2073402913
1025331525
779833702
696267440
442855311
1306625465
1307190534
717211244
701277132
120980848
580825644
1049610176
166686240
383447754
1074886700
328876556
548656846
270593475
1001129461
835206874
629457623
892991237
1070352109
2140572724
2027275461
443308506
1355618077
6621943
599307510
1784716803
880090722
763987178
1962283248
1625522957
927790812
1544489871
238626028
60096907
444438191
355130648
352385846
907892095
1207436799
529519662
539432091
27332933
29842095
870931716
1676470444
1162688248
479067212
1994847368
195112561
133454686
1951346881
1465986468
554560448
1221971820
767946863
1463894160
1459637897
2009584524
2108293738
301211609
89869288
723374359
442785946
55711723
575015387
1002675315
735306775
637793405
86445522
640073745
2145597828
2022616794
1161639537
1755762208
30481788
1414440121
247954142
375765741
1831591917
1103844726
1456239512
2003910458
1956721002
434940331
1722984976
1432240691
400766662
1270530070
1308275134
2106543144
721675710
175195355
1636566854
276758642
482846892
2010074890
220576312
1736941487
1485851492
313313196
1554242464
817926728
866201394
1241405195
1206564814
1521154703
748537543
277928908
1969804646
126242528
1598249730
770009261
1413529170
38140925
1837045476
1287047935
541822919
356585276
1109482526
1876007074
390419059
752150714
2022661756
34064151
1603541821
1582560828
1609828698
640206859
1580921438
1035564091
2140220098
1074213358
2057930045
1656437061
888268998
1739910143
339320087
401770405
2078243969
339666369
910909586
1827989453
723072929
1263621452
1695636196
1180043907
1878052792
122518722
775769322
212579192
369881708
1299839369
2111751459
1171040918
799810303
437688709
283410311
832812928
2113789074
1480374806
1003589207
1980736335
135266395
261434919
492259873
2070495754
573868171
1242344584
967117372
1432913555
1051428152
1875887515
1683924002
1916902116
999907343
2012701298
1279964503
1274217567
23685508
1349438076
1827254735
2111687683
668838946
1203515838
524729784
1793110705
2133657861
259313510
2087931014
240085431
1169202304
507870246
1094617678
608097763
29452843
1285085121
1675201261
197089776
1787252876
2130966531
288965470
532555812
26887798
230858377
1361529022
1097243998
2054610502
1487664980
487741887
1895604777
1273434824
455663325
1188015768
407443039
1252023082
466923591
564006994
332481099
1937245970
1066507264
2027666065
372396442
380560270
1475970443
2097152588
857331032
1693787755
959736265
1888077722
896814576
1911005957
995970425
62106734
1586150907
384255699
1203680142
1994331668
1239958561
1011604625
1917819642
1220998253
1946205505
1846745473
1677329665
1722503988
1202810693
1145893310
39060589
164016426
550812265
245773098
1301566046
645800285
1614926998
1569876871
1571515708
249377471
2142341772
1924535101
998915878
722378806
169937693
1431437874
197086219
1872939492
2003548362
1049701418
464742336
43316343
670368874
1287234778
1659827299
1293963621
526077684
1801579492
1844488298
160813014
592237592
569082319
1883168093
830714961
230136924
10732383
1736205693
161478999
1873639311
806096521
1231678036
1711699747
343211705
887762582
719115103
578540769
174104239
1323438019
634696455
797327315
287615489
1853471929
16268931
2118970350
730166114
445161813
987941617
38755493
341209099
1009981419
533418998
1898280066
2095276451
733167024
2016283155
1570328000
1157400834
2135952831
725706883
1150016102
1258217438
151242489
1612698634
523586655
72440591
510826179
1018085646
259147262
1156593100
972197474
1500275038
1072615937
1992245899
981851777
1567414962
455091372
2138850864
63462409
1978664382
152969861
910842342
2112965597
18395868
1972220337
267343224
2032826186
1265531299
1944900068
318521760
1050511538
737349302
1907457234
859427400
616083106
448012675
46943734
1708255399
1263241703
300073904
1983902525
365895022
926769112
563697164
94266650
447435672
1555929044
446234513
459073250
1892045257
1106214720
342338493
1494208273
901604757
1127372206
1465356318
935270229
1354566755
625385756
1528904526
1369748671
956671857
145869303
383331073
499497173
2063348843
2095120413
1328146941
586627157
1849692311
1621911050
1675343428
1761606907
90096368
1895532096
1439871100
866647222
970903108
1567362736
1523355742
1554422411
1434094474
1979438370
1413932084
1853927004
998509574
64431030
1662441205
1938249028
1535837111
579620088
425426506
1095273063
545110865
1980073965
2022944931
1642235436
2107509509
1690965245
2042651687
432727936
751000584
220703083
1369216054
1773839170
1199747916
2131043355
2064887715
1368374612
519422929
1530890582
1312788443
34981847
335153272
1418872765
173471255
415640675
870377101
757842941
1024823918
1907440661
61462644
791620857
1514574206
283182834
771727038
1166317739
574272255
497483108
911309686
1165518758
638773162
1734694815
1702982680
684388887
1290303523
1820673648
1522572215
1794210552
888910516
1634396917
89285889
1936289205
674373996
1045960442
1242561935
1914626307
458049711
1749996982
967093826
1376216172
1398992295
438614935
43796412
1764889455
1430250553
1209532041
880579152
1420685874
780035254
1364678258
2000865931
2043122252
2016996162
1879942373
213787087
1967062549
660774294
2040686191
1197492488
1412885874
1458452643
637528459
473760637
1237205522
873236491
1037062125
336707598
787794796
350970656
1019368968
558775420
2062308192
108934142
637985816
1194798737
42398275
1173947716
2119722307
140244910
934521553
650582289
402450771
1085824475
1250578171
1441138240
441715566
1643859556
2112334731
1068392290
1872864105
2123081933
877329738
355655925
149306748
704909314
819309665
176105215
817257168
1946076473
1131303138
1730079880
1931573671
606767607
371719950
1719062591
1910105496
1690405465
355392465
764912704
1357795177
849039278
1905981583
1213547367
1099312758
942848511
178943906
797568953
221374283
723059462
402913492
1318009068
1702870381
1500432351
1120029946
1444244076
547785410
1327242197
1915384544
1721926013
1966555126
1486922227
1812781965
1025616882
870722723
729067496
133363045
269241794
1872564280
571766794
391774721
869634064
2032595231
1139686243
1281110430
1767995058
216448391
1066173565
1397294761
1768980164
237614239
259352757
47055833
1409860916
751211736
945279844
2037423735
587576359
1457165705
1765791714
909802465
454507117
1637164890
1152060271
899216762
1989773411
1629715276
997582737
1519445120
701388675
955044925
683357403
1871165232
673232807
40934936
1205763148
1359137775
2117887502
37179181
739934803
1608390167
1692510860
2137460593
319604916
664472247
612286285
1940728166
1104615606
948491227
968342913
776815123
378541472
212258097
656807164
776427801
366728922
1765951725
1085835611
614830478
2124777983
242260676
20756698
1092796819
1410538950
681995606
582691485
544918255
1475081002
1607294394
1047454871
1825946401
499882125
173596686
692161116
2111747101
832146421
2046520234
366281336
121084817
1105134772
180154162
1027843487
689607719
1488176635
341019953
1809839186
1719668
1813707072
415211519
1331484058
504478596
1892225173
172754448
1206344831
662014078
543928327
1177794179
1171986285
626396014
1319936294
1749916962
1775887736
1971648934
1984482438
1732230816
758142194
527335031
431242206
2010817696
1284475278
894905162
686040220
157160146
122006366
1322233897
1475869201
1132986836
20831124
307190851
815433700
1248781463
909161548
822502775
705958904
726152341
1888374253
689502475
975603881
945571087
516607455
395580406
451717015
1099456619
769031105
1552753412
1880441643
30419972
1068130697
1358785248
133398817
1235178549
686977035
1326069962
721233223
1618772130
419311089
1384831579
1181737736
1343131941
725675464
12410338
1022801875
1165304097
1640664250
1933253485
1246252421
1964332121
742504511
861799282
752313567
1880877805
654883956
1751627920
852379506
571841936
710269660
1406889746
1437483405
941539923
287844255
1419482478
1108092240
38483954
1411510499
1249657860
2130891859
1929878268
745647238
1494972000
1662308886
928301455
1863478822
837814929
576052746
2111733688
818734576
983599479
64329366
1645130681
125953658
366131131
845423098
324901420
1701278429
1237642573
652861930
943745699
385963383
2032285223
1487613201
926366609
1555971519
1604467203
837882189
2140876351
1833068322
86371704
1034952342
518906816
1703462475
1596065998
484849711
1720400121
1210302422
1632127509
277376994
549341763
755394358
1266711496
1190782946
1398456477
660554657
1415726604
572832943
1360749873
791519196
612419174
1433270280
1646722558
140140268
1878585428
148736661
389837304
826104742
1490269475
552816193
1780954452
1452822065
636286173
1623331121
557645161
590363204
1060124033
1443473045
46513536
2102289890
1226581190
1562968702
1078913814
1687279429
647880344
216095442
554371368
647650061
427097759
217700
1434353103
154538630
779188196
1027549948
98217355
1423608407
469513629
1802567505
394813363
1515345941
914064037
316802409
1434610452
581451969
524565095
1645730102
440510899
1886971812
1474871519
1189793375
1360737691
368313229
1826013890
716982952
538045472
1660296632
2002042347
1120282707
1245461412
314824654
1209028988
731652134
1577006677
688896629
546199065
1897413608
159379300
437488367
2062401095
839602249
2060197590
1772497448
2089696976
1093304245
5967310
559348322
1363918455
2060633064
833080095
364367252
1377799900
22773942
1053140718
1864260564
51932170
802233809
552597464
1246118219
565855689
1427155387
1161176603
157058294
771149446
794657568
1837433068
371041823
219141336
715787262
1802394064
1640969133
517235271
300704480
53471597
1610475804
1523164549
905455208
882539371
218715620
1274061052
41303671
1520067399
1235618613
117023593
330542753
155334617
1889489365
2144766178
505442591
1297668092
205613436
1891418761
1517770764
1871427253
1962233257
1439180356
799537253
545681307
1790379316
1435469909
2109447197
2052104913
1731164084
1209801240
990788630
242424224
1985661965
1792316194
122978951
1199911524
1472482969
822944266
1846007241
937661651
42000255
101524203
1274112321
108080762
1647372480
1048289637
699226489
90404562
1131601180
1682153506
1595853891
507181919
1783577883
2032216280
2045648152
556348531
893855363
1093149909
726273438
759472276
2077125192
532020604
1866793204
1376528818
119155221
241107906
843529572
970641561
407699300
914923984
1865365258
537698713
1730783628
998330745
450421229
213250287
1620394921
1275551182
803539976
1257102992
743572288
525298375
1337573328
1305289372
628850220
314295838
869576258
996286883
2037217642
848657983
346595715
469453124
215891561
288900227
962524820
927511454
387283572
1833046927
368451559
2012615733
390636492
1215799392
861286281
1098771403
1615194315
909021960
387213711
2065106246
1924572627
1362003454
2126437940
767375667
1046635329
1981402815
78187449
1920367163
654007380
277810734
710052172
286599545
1360891086
2119469332
1319156014
383300341
1212761936
1157515196
1145340502
1466790296
2126664706
329252499
247796546
971823963
2086442623
1262206510
1120447562
1721693601
1230978081
230583282
542404957
1633554898
1053258280
477823515
1004291249
1469960439
1699980381
473274299
1830529271
1748398168
1893745300
636432720
1087417094
1848991198
767496152
1623415096
1418843497
1595151271
1641150440
977829615
1377315076
399916418
861040137
805576920
829825192
61875226
458117876
2107882225
2144647781
1509318933
1107518138
1758167090
577735268
1211620456
1600269306
1282136697
1806226672
948113399
1512148295
1924051513
1513009331
49779492
1676393460
1034780589
4862165
1021636813
961401274
339813046
1536268167
2128069085
2016600982
22839928
1398181910
1712722429
802398146
1904408199
642347288
1160514691
1629713430
2064348910
1172997885
1783230529
518273963
587305955
2021811658
424954722
1487500874
429209335
410665977
1386709052
473171322
1982474795
1779260435
1051693292
1018131358
205023601
1181505437
429208796
1467597186
122567094
1166786717
1096889137
440319322
363137552
502692990
337053869
2119163966
98180033
605900255
443011864
1631696130
1568404007
683433774
247367051
2063058480
322800451
1880085718
663119057
761795639
1086349297
430991085
648858604
176100340
1292250089
319882331
259995553
816657579
1102806635
347503757
119970721
1187442286
850137724
878850483
1260453429
1811961935
1473375809
1149817661
1413110777
1626162845
932203747
193863666
732288392
42922237
2144029974
1398714425
720904881
1754800472
1907190374
1814087766
1457802959
338749686
218873163
2060792530
1069268261
480436191
1970930505
1323377301
1372747142
729213525
1547661057
2140806354
1124644819
1638762376
259866851
1024257002
1373296802
1809491869
670574364
223910283
1433953761
453904862
739599829
571895911
763597391
1284580122
1606207345
124258051
1933175333
1118014518
1576031599
677663162
1692880766
1283389331
34264952
45923556
1604599362
1007399002
330701987
1704153027
1518360707
734961584
432671556
1033557395
962214679
2142886899
761624942
985272488
1959106820
1470676551
531745940
160101549
2139136139
1517322531
1105355421
1831790743
18458445
1418618478
539017650
1007751404
1887837644
496788989
87461989
474980844
1351339245
332751671
635852368
1520777836
1258117410
1024584782
1610875921
1489716530
652939024
1086750669
176046955
1450075096
420018099
1991006934
1755942903
1106108609
883635512
836620167
1816008397
1279207859
1322886700
1078928318
244932509
762204555
1947980421
1252849183
720681895
1565825758
616439815
1489579428
1751220099
2117995067
1651592548
987721464
1803289101
1431765033
893728764
2014976814
887514509
1859836890
757065451
652268992
1119627131
1914479792
133292013
999920434
1078950064
866303352
201900905
1722101428
1218534922
1101962629
1359032516
176195770
2099615928
2041156685
553185940
655568198
1937986994
722440732
1321366176
1330938511
1109632711
1720777607
1425700605
1519418897
1014940369
1447330709
1291920600
45409271
1027149153
1575095528
1274498651
87035126
759228280
1210029455
1996555693
604648512
1279150013
1885939675
657357244
285363854
398793314
642569634
1082923669
1553426200
198928959
2048113159
1861944596
1996982064
1485066180
941687736
1318238217
695018401
220244611
315623248
476909469
692327298
597074120
1487559063
1742572022
146738655
1112598409
384758154
1530188694
1249292362
2101793717
780358461
374446893
1192955228
1398681861
730317072
1012903489
1609613901
513270751
501708520
1095130517
688035346
714625060
1130228672
845621353
1242603186
641501709
160046291
695054902
1298526262
705515230
1221123674
1326579099
1876808310
377537512
380581696
1322119537
1166114762
438042717
824034021
1537680527
709323501
1084578872
1225136872
1766716038
2124221742
28870950
1578846753
66246477
461651269
1580036815
1791379043
1012077547
976030942
954394299
1373074159
1822268084
1058352953
949880006
1435380361
770786121
1893066571
634353598
1504661999
760563474
518618678
1613722725
1350824427
707593561
483475718
893485988
1958271513
1195904911
975505385
301011226
1480083940
2060418518
137708327
1050133447
1513530493
1349618359
1242075744
232693513
1154165123
1548515290
1537073761
604695034
613267558
741980686
830215050
1030217716
1657969149
943353185
1236805602
530458934
1161646864
1239814670
62585243
719985306
864255657
232558535
1412397263
1296154088
106475527
22839989
782398104
1788584600
681336107
826199902
1182588505
581399881
2114113776
1186496203
1965143280
896098537
1351755060
694412142
588795403
625554953
2020361554
221381740
105662248
373709765
125761621
369447637
1603006809
1327597497
2094199554
1373021391
495863765
711802415
1632826001
627407618
1810460189
848698108
839114297
1721011225
948090329
353624236
566686186
1119066383
572599746
236212677
115273909
907512241
250329028
1729155188
915496590
1166135501
1505470130
534759223
593281728
1492654120
424469729
1525864537
1214050996
181220719
2088018594
714266429
1184260853
1958503759
312970284
1711966130
385974973
1560845
406358011
986785538
1448025445
2099993027
30997751
1055243138
1971242296
1226091777
184787163
1588342086
75515133
275882348
1998245466
431826426
1513691869
1214634527
86205343
523876693
258406947
1184412540
1243949058
2069091767
402150953
1944876921
1046067944
752647072
1083438016
1825561034
1165167027
583581459
1948812358
2099952658
1516391833
1321111131
1870481153
1158101500
1260950250
718947176
1859957808
1983380909
425313866
1174272994
1813130964
39640122
538659728
589019431
823377655
1002879308
277289948
1963673787
1439749192
1524347919
696019899
27063270
901713915
213687055
1208408439
1002043800
64886488
655140955
161817442
1837354082
1644915833
1474070021
970483234
411245764
1117738004
668572336
679797494
51882070
1634450421
1745001683
1322077543
1064948220
1263939417
725774365
1412539043
1371472574
971362365
930236590
366642831
2003947897
2050906743
1751390315
1176120059
1953428330
757148901
1387676239
306953521
769127593
1739414842
189896466
2035965068
1158461412
448254014
1402116446
492345559
1371324113
682909085
155126323
1588688951
1262565987
944306622
478723237
2006713724
647029617
465823661
1971237680
446326447
658414168
332264352
493716040
1189968631
1595133831
1171371407
802160278
436601063
1492628536
1957747343
160509796
1562133831
1895051621
1686140883
1686146078
1782011991
1682549182
1344627896
133791720
1141689521
832733246
2043256011
1994339957
1614937514
1922525609
625191530
103657371
733470076
1825932360
900274428
243342268
1017793247
844576807
895807117
1981055075
1988882426
1161879362
1112223507
534291639
396863688
1427256894
759326144
1600406628
1085305087
1342018481
389822492
1755221402
42523034
743827927
1935015685
1294263315
1588267221
2065993045
404384454
2022501846
1790590647
102221414
1878862718
1069803348
1877402735
1880828177
1665770561
2129412023
1793991191
151696526
1138599400
1815772438
1100872945
1108458710
1428762593
896690365
1457978797
1902549411
17578948
818250604
1587830553
1496588245
1682673389
1626587553
1852031903
782360695
460690574
1202687919
1217754206
722219572
456147113
6692391
1135486528
43843784
1695087017
1621947956
1994607035
1888904579
335514337
1656083801
38461378
1656752017
170204870
1766445648
1481103554
713573413
2059944233
2079115514
1649146546
2072649415
583461292
1827278509
857231110
1682504117
985632114
1915448907
885332387
1460868570
217725485
349924621
1627018823
1176230657
453162935
2062800333
367116155
1191110857
1695330924
1895403092
41638981
654110189
794488275
1095152319
1897764605
1382238525
268598898
1365506646
1728699075
1856991583
562236466
756179833
605993705
136258989
1825381513
432416822
97558530
947807660
2003789026
74709494
749862584
908341724
1623467283
380732969
66328065
1194267612
454527188
2135573210
1852388722
640839305
333451957
2106163638
1689357149
2057672288
138546739
94031341
1012628124
545632678
1362561506
1602326330
534805022
398155999
617765315
1900607074
1938258322
351612522
540778907
2016227889
2069221620
1388824500
1746429583
1268705900
307738105
1795488986
1262332518
1612842333
598293132
760907980
362974531
522761017
1506333556
426353205
665647027
1277936290
551314911
1470649108
1880182045
375471407
615636487
1165859105
345908805
563235590
1667517829
1713983086
1751978841
1068589031
1101959578
1260968195
1141990839
1207021220
1175748862
1273603097
1853752102
1866524163
1009492544
767188693
58408777
1092891806
23882468
705431064
648396297
1461294421
555025535
305378292
1477402211
801006407
751213317
620640261
1773874124
236729984
1806054473
59144118
1666013383
345835559
166333613
266311251
325599682
1581751829
1725726302
1631839729
609187399
738541527
2004709161
1587125929
1133104145
1389474512
1879787301
2034130905
1247508687
1926659611
115109475
1865054121
1460745347
512915231
655512507
1822225404
1832215605
2085524876
1372518967
1520531836
2095598372
323031132
951455845
551609696
531908245
1625276520
1285721671
508409027
1800867453
33738483
261741277
492647651
1897463912
781756353
1898281671
228490201
1516991081
2110535381
1482442634
1436559421
296160283
1671326663
1057238046
490072565
132327833
403965626
1700097053
21942807
1862223333
456698819
772305463
934112106
689400993
1347960920
511124940
1106418295
1018999977
904891948
1320864175
1821132196
1332396617
250949826
1238327813
2000209494
2111000882
1698416812
1977983756
1777344391
1673053988
600733767
422340228
1109655535
1127271991
591964175
1870310141
1365739720
2101868187
1632244279
157489428
1471143611
1948213490
1061689314
1431966291
410944027
2025681202
203250891
1068975942
1667657439
350914629
1188604790
1182520830
1165821295
1402127989
2020352424
837152637
1516747310
541447593
889037993
1526400709
2027392559
1888336830
1287232872
89229144
1063472934
670413929
1864957137
1367544389
1406246983
163189840
53184501
835732882
2013514183
289026601
953642029
312412557
1825722746
879057405
1637817322
345794619
1951161057
1635501677
1715368536
1181411866
569036825
2073863229
1091575723
1072070110
141054134
800725776
915168703
1495721341
974056347
900489454
483519523
1938402581
2037161507
1866257374
1580880960
1798089018
1702862060
1495407673
35288543
1264712878
1569416111
1745245928
1777359582
1220978488
1307020737
902842337
408900583
1338284904
272201385
1367905359
1115381002
644439393
111780240
374604911
453298432
882518124
449178060
605802099
978663000
2110692805
1306622950
1855776769
1021233876
865794758
300127439
1438081416
759085231
141743778
781585004
1542899511
235145737
237857187
145005632
1449954366
1517008315
1945393740
882772808
1528134767
477297312
1667634299
1499986510
1092826897
1103168901
215262955
45520432
950186096
671669208
648686209
624494064
1427684583
1822724127
1008447310
994812771
1624089127
1649065806
594785205
169933646
1822470783
719279073
1415389716
1282577708
1381822111
1384157915
448255895
820675549
1168617277
1813081876
1251979775
1335279072
432167070
379725448
644818421
1926708675
276304807
2117609005
396778971
1297607149
1487966582
1503016455
801103637
2009548002
1497420700
432401815
505133299
1444603433
2125660281
2000908284
1682586314
1297267174
14564395
1137471590
304034376
2144078107
2001177411
1727233596
924234096
391465593
426032354
783849732
2125749562
2035530228
838491468
612896107
430326646
443267440
451784592
1646303456
630470973
71104769
151236703
1895945724
967098683
14903076
86384569
304345263
367032787
1158539374
719819791
1658430162
800920396
1520162960
572494708
786266109
1983434393
2060604016
1268233861
1588288048
739213963
2019180580
1055052449
1416062367
514993005
1314403163
26684397
817038755
1288306640
1661928782
1313124254
1676761063
1060114495
161365945
1403008596
530307511
1801612307
1334660251
175951444
778591111
1855967460
670330370
457969151
1898003964
1290985570
255098755
1241410913
959509756
529915367
1330543986
20752781
2030163210
1110963714
504091948
1544760698
1165174600
382536560
1665695267
2001241458
1791264046
1672547911
248502645
1639438566
1652063579
537385408
39672315
891841658
1188003660
912431809
896660782
926624899
1939607635
1574157756
1573870425
1546076001
1532053349
632972554
277477110
589209464
843878725
816736163
2093135341
106151236
1903934694
1595266800
305764771
515451508
1419792364
1376586917
453643984
632572688
1603347029
996819472
151129571
756814000
553337638
1606790526
1948582885
939310108
1480795381
59713670
151748983
1421453193
1464275249
878337815
1794159704
1933973888
1877206418
2074772618
1449043617
1884167780
2017269568
145134275
512378951
810052351
1877540839
1111429191
1888501162
730482337
323121542
2070830608
484669757
1989574129
826315502
794594844
6200127
536894521
1666581460
995082733
59316641
794537516
1442334880
7475304
130101574
651349100
596672604
798356522
2132516140
589016425
1521901146
1027752439
1424627502
329580431
599159037
477013637
972660866
116673456
411348028
1652141414
1488556366
760094570
1163673225
1593921184
1788637577
2111913740
1869458802
2120680848
555981071
1489887323
706492684
2112384668
1378260843
310504391
1919649995
206925188
1476879567
184764501
2069798832
1787616321
463755788
1306602537
220796912
2064171123
1190719590
900036598
1412671613
1877150184
746474183
801052823
1008005044
1792792896
8160479
67006887
1975486685
1795837405
379440138
1826410411
256272345
1342233503
1865695142
1541923383
246971720
172894842
2093193507
2009742907
1354015562
1164147481
729783352
931784797
2121716083
1862899263
1502629656
2025187066
1178572938
2091729640
403503791
207346892
471263208
787235848
968815413
2025761480
671815857
1475075872
1708992564
333912755
707609266
1361177216
437353604
625447149
61593651
1499030378
1077471057
1791739695
1066175105
64720038
963599199
802000482
1688630895
902206484
18380724
445094296
228431779
1723515240
1337327698
1858031301
985695777
1982278870
1853693394
1115595560
214530403
1721695232
968582649
64420717
379819338
885008925
557624198
885397370
930446855
1196741613
1258461073
1819673565
1968321688
578293811
1438582800
2066813986
470891260
396840012
362953122
8578515
1928265758
550056839
120436518
1495230767
783717549
1817386199
417141231
71890176
1565894404
1557528824
1435853319
2123259954
1658570549
1583085883
1726779153
299508631
1057354674
2015315221
1467572020
1089176892
899116346
1766054178
1920815304
1047710089
450941787
1801221286
391723512
1311338098
1895205021
1705263234
1415426159
6253837
825712269
1878389984
497564360
1855358020
283413138
2091485108
2044610549
2045020803
1185669410
1554080426
129429416
167102690
1378179923
284172903
1281653428
1839750261
90497480
27253612
1276031761
1146724585
333537850
960751967
45022419
1092526916
823274108
824067171
1824470322
658545426
1413713324
163668117
1816943590
292973985
105107457
1077383966
2015232736
1802778641
816405324
131662076
667125416
2139742392
1033059033
1830360377
1484263048
405385918
1910824911
1169456876
1408128227
2001731349
1260269034
919124056
322254718
1273284598
1292947232
1098781596
1829113670
1464889866
315871248
1393381970
938332635
597458749
561415220
1158267759
635566087
2090422433
1779675771
251193674
1609707419
1419899265
470157569
576759783
770167343
1471604831
1595857381
110426970
1053042434
768152133
1222647539
1236153853
1949198816
1328383145
1591395900
1076938384
1677892671
1414756169
997344859
1427080942
408034504
1408579325
1902541383
1473352093
1866926090
823992278
363120247
1187291230
1501257983
746037027
1711375378
121959042
376766633
579550661
1452979735
1447279515
1947684502
445625061
1724187846
2002065513
2130428217
666696997
2038694597
1219399288
2126652915
554403413
212777130
1721700778
176796111
1501449212
218200469
1898549927
1994643733
1294996302
746454849
1384846680
1471279134
628924970
194694755
362106444
1300140803
146735673
887284451
1860618784
1459869324
1614662192
1573299292
338271021
1689206757
419328323
377430369
1486983062
1964279030
1649977455
235181427
1181937539
241177841
256032009
1312371607
271238297
2046453785
91226971
1468611402
1043441130
1017976955
259672081
1247892767
1743917187
1589297630
1970228065
1476146765
412828775
880454146
1899709159
52989279
864660251
2032742729
1787388841
1288189413
1149093338
851315275
1607693475
1055503882
602579916
2126068410
7956705
1685913884
935649411
351789834
1037697598
449086681
1566255702
2126630731
2139454038
1287880072
820072381
895536910
818099825
269128209
1937168015
347264394
197361846
1164163135
1083316726
1263002197
1492535984
1325293838
400093301
851226882
1327495026
551349541
2022693496
1076048393
1524969005
1734633631
1743304782
90819181
1386656773
990875611
999950439
164781157
2108051104
1466309298
1715973652
279582613
1536011792
242831952
1264992042
982716652
1133535094
960949268
1281481283
1188078454
1082246892
813903420
1358005744
388470756
22553171
1751866505
10491280
2047022580
1270190723
492923908
1001625706
598694702
405810972
372375430
498880569
681262173
1580342992
1543875512
1949576782
934374722
392870843
1730052928
397925147
1157271812
686406592
581102558
2122466151
1238962762
706569292
1356249418
720613173
961528680
1879884641
1145279105
1225613213
1139033885
1430713100
292658643
1642771792
130957322
1830838827
1341224157
73457363
1329875378
720840759
949510346
504237731
131577984
72834675
1777327870
4274529
720380321
922255984
1526295747
809720933
1620552647
564977807
126327879
715869090
988358438
159122964
680357874
763693062
26275263
843135830
1441070938
1832230395
569478070
1682376196
1043227418
1277463288
2040344418
1316533113
881322348
1163111584
1442111999
786623200
721457780
909031093
752781060
1230784478
1271255978
335229131
1067623857
1984887802
1110287706
1567751466
170063851
2042395019
1742591406
1093363449
364561312
1555310078
1903273478
2108078080
3799684
831919008
1629400689
1876318228
1150034441
2107294784
1962543684
423195014
331088980
2016998249
2040450101
514597168
1378166781
1797417046
1628879510
1563896731
365170714
1001443408
956716003
843594624
1337345390
146514256
440212163
2027661429
471541165
1307575255
1860905518
88130679
145128449
669238538
1943867852
356627084
2069225920
574378383
608107095
983024949
1071244872
1801631548
1317540263
968189011
593755851
1599975232
1682915081
789478247
1806319534
361410932
770318193
153645128
1595005918
2064583907
1708607968
98214126
17919292
100273108
1595202460
1699244408
385615122
858856585
1017400288
1832760126
2122712128
1264518289
1738311999
599198327
1484045282
1497307695
1548442905
1467890796
118084719
1304266642
369563484
568622668
14384915
75863081
1416725561
79895208
2112515463
901183332
739059507
604743738
233214545
1604006635
1327874000
1515243463
867412181
1431565455
992810429
198208306
861832737
1704689865
2043481363
598254229
1423192252
1993352566
1812988621
318763773
1993064639
61059771
555774085
2047489267
1785989279
367525569
155244905
1458764475
831915303
856780604
1757216202
785808854
1576867196
673745777
1169512394
554833422
2048261001
1090754354
650502030
894777257
265659575
952185966
1470699333
2029779187
337164620
396168650
202923947
677126490
835515730
1012369600
541758519
751681281
693455015
2106163241
1636953865
676873667
901365547
559744449
951727624
470627471
710160723
1615080822
1122512382
1849246725
1087028140
1097260709
1557878677
833953108
1481179107
1570811655
1603466105
264148828
873016541
2013775044
1282887263
434339256
408800891
1628815530
1783125502
296148677
2056087071
1135325207
1530033084
1604968960
1357958041
1229588406
2139796169
71378438
1843745816
1962255808
131279680
1065330426
826524523
711121928
1808316109
115354758
1093469239
287277580
324725864
450248944
1679664998
1637158834
1502569884
783265310
56175971
735821507
812730698
424641719
1306400164
1316468326
273555915
1835772462
1764996976
490290197
60880778
605417216
377676201
647556705
204256717
880389405
797590336
403245031
1290196857
131525926
1612684286
2010425403
1467177580
820254339
101626690
1162225383
856882343
702489602
709302839
233663975
772063216
481780479
325694057
687823721
1232844323
1557706988
48693066
266808360
325719458
1111585438
1124023633
893578736
142775731
28023087
1159021311
1235483037
603001383
1840435625
753215777
260863324
292255815
1090503234
1179630243
910352121
157022957
698482916
143371510
758423129
906333789
1239517654
1923981402
2143330092
463711446
1123073330
983033899
191034310
1554408132
570942848
2021858111
1213890340
1447797610
814958303
779119559
1728161528
2029446230
876393315
1140246514
842206761
1791492626
465152825
1274790349
2033407743
1913809997
1768358216
722026485
968420731
1484102290
1692076824
2047931766
1556797773
1853343630
951539066
1250861555
391092298
312735276
572711871
1041898163
1631912192
508313021
997586389
882514391
2092575870
1563516259
868243041
694736697
801400884
1014012325
1894985994
819685494
583545165
674815883
714567842
1690102098
1183790628
518533531
2132387229
1869507538
1002725571
1397906250
1574204394
1249685685
1871636754
1326575220
1545767359
782018385
2133159632
1625589364
736173508
538949151
1985092709
1110660285
1844180165
1947257624
587256119
1107883408
54259805
525022065
34624206
1792379825
1265706300
435960960
935299164
58860795
1873901858
522230706
405781519
2071225855
1826933218
279879275
2056578619
1145274219
142056087
1312695024
1808596658
1392470307
921520705
1428117568
1396135804
2114676602
1001050802
233916041
1053097727
732747301
1837305222
1021910813
1364929148
1217347085
330138534
521884890
952149954
1151250607
988857043
1480031376
510613483
1605987358
854146058
1900541240
952283527
1591330768
393587144
1244026862
2015120063
1434020094
1651637842
74821753
1169648475
101629435
2114574835
403930414
1745135507
2007352139
806062370
1846573075
1652982229
1035276315
2059701035
274867706
222827883
309340461
940613534
832450386
707184732
1257774732
1063542068
154173565
1816659389
1475047238
1471959083
1033712104
942931973
1945515347
175742988
1467955270
1496218474
1428396527
609566261
2098519299
42377227
751932086
1303550974
2135621153
834065457
2101863499
599451811
240654059
1749917233
1259565163
533321952
1024987112
985173835
1936115930
1658123061
1333384978
1529492915
2011237282
647391097
695189613
368318090
1530661035
644115663
284405219
651014255
964865109
1170089953
1456472027
1688307089
428913829
313989450
1593724160
2073636389
213691791
2122978105
1787618131
1262580346
212677787
1186773086
1914441564
12545264
645563824
224166360
1361325343
724546822
1700613927
117329299
2002092151
1382584532
374066692
1900639361
1317196987
108539776
1762013759
888629532
11003232
1884810207
573786913
709942459
1253871259
577607201
89029441
1867607756
237356183
1100203696
1414001886
448455447
1538610360
495073136
1037581886
1468063470
1078553865
1905207160
1386741151
404107514
742190480
1289929680
479006272
423927295
1677295413
190159576
977132469
1482176467
18642231
1448285680
1828456017
1887910939
683635849
1463352235
1423396839
127891747
1016456365
449641066
726257578
170016202
1907369901
528562839
588148366
1930940014
1624611422
643889277
791849779
1006855137
1367760012
547235516
1384425124
1434497413
836100430
2044270797
1000241288
825488221
1651460018
156972308
1492110064
1909818458
926186041
580759211
994492140
1178729677
1242109823
261441719
209262789
1217910968
2121933385
895229803
317633593
1921754474
1511226042
1039301438
837697737
1413200059
508828823
1609542260
296568268
988573298
1582442941
1058792441
423915230
1496706754
457160923
1728852241
667492351
1246526697
1210150410
184115266
15552971
1982614838
1848105915
69926712
749123086
1821500056
138193414
2054118481
410919868
1086846549
225740671
943297102
474499830
1215554760
121037177
1713281424
455651774
1537844471
2030855037
1200251532
1423964172
1420838210
1294287053
346421297
445015078
301986749
1774732249
864528844
2096346730
623020512
150709848
1558593032
842352236
624928110
1691922935
648555584
1519609366
1279083672
1209739452
13098906
2093420265
427683130
329086106
1730543655
69260788
761617190
1318232105
1694680768
1115826050
1827452419
1617893162
83318292
1932119129
1018122213
546385421
1785207961
2054468799
1190718281
2027582129
394870816
567545454
1216252234
1837810824
1294864167
1448713924
1267384392
1976448269
2143058777
2069588203
159816090
764325748
247307110
835688591
1592260708
171600213
1118058044
136427356
1437501298
1632639766
243422253
1566713918
1186475896
950140851
830921174
1573973065
1918244190
90217796
373041759
1575268114
883630312
807294324
866177336
2081364421
578619993
1763491096
1045640440
1486844234
1732309204
290766104
640241983
1581545691
759986449
969570908
783120697
80649944
758412079
2078148119
1729700211
720597341
964823253
845796900
1619440271
452155910
940012540
1688208683
1060332324
153264769
2050833578
12016354
634002026
1517732036
1244725148
1436097606
2144360949
1146677992
1236188157
266380277
1517170761
1579086827
1835903539
1469956639
1223308110
128675790
1848220179
158000523
1146257949
399908785
2108807316
1720191731
200003376
408790502
1712758428
2093708714
1176466254
1816363762
1966999270
1884893169
2143389480
412309743
927567110
1043485414
698877456
112621607
106238565
2144147290
1521219507
2056565689
1580756341
755412228
1716363911
501447896
789872521
1390402685
1179960972
1831094328
429183894
848653649
1743118057
32717121
334414751
1036343315
581266507
694622048
1858545566
1769061808
2057455451
1818462539
222792548
1523754947
1272969985
719231391
1674308999
2114425189
544876137
708477825
1957823643
668579467
947513183
2046084697
183700950
2027957502
882265300
1493926401
1582375966
1366737921
1664667700
1369054175
486612181
1125690812
1631508743
256780752
182054810
214953349
370230790
141928385
2117247799
1435144784
214630395
1753707249
2125972644
4633912
1246204894
1176964807
715220344
589709981
34788527
230994124
1255317791
1536920099
1918010997
756716769
646687811
1862244194
954404889
1927846356
863464124
1610830115
570438994
1097803032
788368648
1586258612
1123211626
558518125
31602581
950987676
693946767
1970166064
123482198
949286832
31165998
136734291
1827313048
608485382
1457211023
1679196802
1616059290
1633071751
1787988390
1801580109
626119464
265044590
893407682
1647751594
1956870162
1146650812
988081548
689928747
842221247
1670085596
969865974
782024188
408247063
2087807120
628451692
782641192
1779865222
1649840653
2000126947
701844939
382406219
713101806
414974760
354068814
1965293932
466702478
164112503
503176981
1547065205
190467425
1703403212
2122992067
1694148095
304263015
291497615
1059638968
116375563
2103418094
696452695
1808267606
245943079
1402625057
765675113
752050333
489676383
1179761508
37237258
1671123496
1933977595
1757954428
284369483
1559087035
1135254569
164635942
756715567
1673634320
598747986
394661583
1587900033
2029334132
1905033162
17538895
1494191405
876671440
736642209
460505373
687866330
1436532238
1046082456
606781481
234527658
1435307357
848571186
341846610
58023086
1301980931
103845334
367032164
785054807
1644071826
421537418
187857294
1034121693
1742350595
1089100035
1102353813
982222365
1528551112
151213646
229753570
2073325097
1375443645
144907284
1031689298
284454308
2067018835
2057697829
30246838
2143387853
1463382477
1814012289
512810684
520031861
1137495131
1651096034
1892826722
458728159
477186964
1234632832
320460932
2012983657
559919761
1347677649
722524859
1497259928
163312624
241034266
808576781
2141804046
485289403
1859773843
1148736798
408984639
1779920393
1475597092
85932191
1775204802
870154058
1833906644
178336636
1773625511
1772289107
317880643
608832609
1943658503
246967435
41282188
885723320
647405097
988620863
1415507395
1919105797
1559648953
1865008427
1404106909
776742141
1404827828
1272171119
1239219275
742178307
1093964152
1306242235
760765504
2079509829
94342656
309727896
1027894359
869546077
472369728
1084317972
414152347
1557730358
445038179
448302989
1209551324
1427078567
1468707194
1635009526
2080198687
1730820357
1054405557
484128570
1935682734
1386945298
1785012451
247652768
289858072
22689873
1345743429
94465746
543391985
735764119
758376738
2106718712
539712900
944722903
1406204072
2022445678
918998694
723279761
663918735
904890278
123892627
318609989
1418123055
1957002631
881525338
1857783392
1005011872
842516657
1113365969
603221973
490694801
1683985046
1550759004
998839441
898649456
2041333221
931489179
962467114
1678377348
17023761
1597075743
172174519
1578380881
786226117
1000844373
737226956
444510464
305469400
2084110658
1613748847
1574124927
711115102
1458828327
1834243557
937494568
839137423
907588076
594123456
1287354401
1517129978
2015930036
376671480
1904533995
1578464367
1467653031
996008910
2004765006
1067602010
1650220528
1447549805
1979001755
1046006113
619375571
1845341324
2110280239
2144106508
1105865728
1100008507
1599909018
701754547
939862876
169866547
234566275
652278758
1962926888
603977445
833670782
301880015
545490855
261508893
585715671
1322472164
877551052
324438206
1495164110
489633525
128981567
628319468
1209245065
113016564
1750845045
620022642
1027110243
1486726123
850931779
1325630005
149513701
1909724438
402120593
1180413509
493420624
175274878
1617007598
1878465469
1334448284
918242774
2085768166
1495289264
186894114
1282178595
513921706
1346328412
394849213
2006574216
1731384953
1389460276
1985681028
932598818
1419216557
1880921103
2033382280
730689469
1205058091
1095714062
1622576254
160339114
1566940600
484372964
836147825
1374296291
987621905
873758503
1812717877
1273089496
812687923
1457052226
1837994168
399363341
839342447
720521816
412725140
636914922
863896139
956532613
923307290
679820319
1607680957
1253940338
662977547
571172477
1932875901
852856102
299701285
21160185
871658570
946784388
907296103
1304886773
511947574
80437187
1674920178
1084754338
1423019742
456328955
1178051740
1054477918
1096867135
270654744
1908509740
178249691
581654269
1710226641
147088520
607351072
1534502226
709022746
1414305025
957116351
1894054071
683230368
1576876646
742795194
254420617
1147374723
1766910162
835039403
1106137057
1253570049
551056825
685859281
1166479294
1473597380
1714473653
1516932511
1917858014
755248563
1904787297
2031781596
1133308970
663220236
1336933405
1115941934
1599778691
1458607430
1405608770
1640578309
1298033459
121524446
1003455692
1014609227
905275509
1816652794
358848286
487944688
332572693
2029317714
1647016512
1037688080
907135032
1308396954
294404685
160916006
1223193225
284845662
526043270
2138139301
1463767842
1707735951
90556155
25796982
1469814327
825884555
802224524
1974960176
1524756014
1028154350
1247430920
42803884
1536959191
1278751227
113376584
1510630208
2022319649
552741479
1789851333
1853833096
359117907
4271723
1166537211
490636375
1894742051
798715771
618319994
1306640737
927251133
2068408126
2013981677
1006601956
1946982665
1457232042
304050260
475326603
127910477
939530118
1521139122
226707996
1725808220
1558763748
1155781364
1201894407
1967831883
1150536637
237682597
1158606738
893445382
946190372
1397825256
702589568
1511932451
1672014121
1042258136
2127422560
2088246003
379624341
1655795003
1729651133
1216145267
2013411008
1583285722
1350232282
2060305811
281365817
1745916047
923862544
1614313423
1264280608
1139909022
1985681391
1356524207
813728854
1923014126
1134535566
1197032438
1626706434
2114366800
1426780264
1089435657
76901783
1951790212
1678634288
55011568
609606328
1936316422
681401234
958172117
635777595
492799394
504513782
248911808
1689639180
1761281865
1502393898
341883899
761823533
2126388434
1960428580
699456934
765866383
900210295
268294129
527851196
1000019530
1220011829
782517019
2108353495
761469257
141084440
1037376458
230937212
1373192767
428047553
1500668250
1450205113
2035998493
1153185996
2015193058
720225754
1580168062
1891018505
2001046872
1209633510
560362075
438894976
406926654
898334510
2048638176
2079795764
1517423864
1092631304
573828051
457100627
1033214000
1870472543
2093047547
292391910
1518535930
607584750
1734546832
949628427
1740064784
274990928
554585855
1283054780
707821916
646086018
768864843
610952235
37332859
1723655135
542293858
1630174878
921140492
1320460244
916932205
1123624354
1512557571
337392254
1103800394
1526001147
442755731
294254355
1534140201
1823762248
366446269
1896638951
2140753492
456165715
1188870942
673772933
874338996
1715086232
1737386783
1158564302
28756827
198400374
910288658
1558395281
520499360
317072166
1400428659
523968907
1330615873
451991809
84702775
718853571
465353171
107070689
24314084
1007229127
924191675
863681788
18908967
754817251
151222165
968213936
857993656
78739289
252048534
130268255
1430345659
2030065071
1987763488
1214122170
384473894
1421405408
203034511
574904354
429346047
580135683
1518327372
970940188
1344067847
1377425796
309565492
1361159128
835189485
1134283748
482103360
2086621245
756578766
1150326128
2121518878
552995975
18885839
95864764
99205500
1421730185
598099799
2022291677
122126818
995893761
491777295
1236324737
1162195162
682712706
1278152295
1513251832
2070189026
498818544
1211665651
693307620
1547190108
660873501
876783423
355108699
930710792
1020718056
424455500
806830417
1621929531
1964267719
15793376
626600835
1481570922
1235120631
1593984427
1195199123
647751815
506844111
2037716392
1700968807
1209747062
1807800276
1624681734
1908553785
21563910
915785273
850533102
1195459011
1741156492
1719734280
1248108843
347712113
1823467438
687903248
872571187
58639797
883506482
1011670675
671895418
680072457
262510501
1542033361
232288351
730955322
1797764655
93692400
2108513264
1334118501
657127722
1872025030
2058488517
735716455
1188803147
1332419237
536013304
1852864719
191970494
2051211480
1121793733
1774467530
547020154
1985491837
414295017
56493759
521169842
1189018461
999245100
1250447332
1257750747
302106817
2128069516
393430641
418377912
984467007
1506662930
252727405
766724697
638022138
1248795033
1208879316
962666390
645939335
1906963689
293455040
1084249488
1822836659
1295062494
63677065
451656969
1743187838
1514993688
282205969
645477082
798862630
405589788
938620075
1867286375
1592247777
1331147022
1463353670
1210527707
1138104274
922684348
1253831744
421903738
1555426667
135487632
661947749
1895571180
1548343028
1226590430
1594126953
853649330
1340837211
485802541
2112587183
207478855
145742868
564970174
2111300730
860299076
314938192
1945179391
1373234339
1164175580
1416135346
913997040
1650748373
4200180
1608612617
203760429
589485221
1759955548
439113940
1181829658
1154309618
1615995444
301798976
558778778
1095049285
176274520
1090315776
1076941786
543198371
1531510203
1933071635
1066762422
1475441264
218505933
920089820
288400108
296586670
982718309
5836165
2909133
1841470888
1323374442
497670364
636888963
150930146
2043680366
613467060
1195129222
563602760
1525870756
1057568929
64798896
766894689
403792595
306475539
2074540937
319898699
509135430
2066404479
82822294
1862712968
1514974638
2102808856
1360682653
44938712
1135086850
127848218
1582729355
1587088718
796948915
460431154
1559550568
1443593535
1947989750
1917646029
970090753
294154587
118137349
1859676449
1316794951
1288334923
1597317860
2100528302
1255068077
1682440457
162587527
3363308
1122565209
1385182303
155914552
124254069
1736656213
501714729
1172005879
1273190994
1304209868
2058263355
26193708
1473890313
1319593345
255521410
2139175425
1196796269
1844678418
1374410404
1074061125
1045904347
1647901585
1784892940
1950807545
47797344
1216441271
1391250135
199491864
525609462
1070858066
792352946
72296604
209135313
547549783
1774277551
1794603309
519226316
1058840634
689939904
1346169964
1481337319
645976252
319982989
979777888
1070488801
2126203967
447212648
2095606959
316779842
1420081099
1131617494
829507785
1778922208
1214953790
1403932755
1833266709
1645383370
885023655
1666282991
782453567
1863726480
882371498
239577251
1660671464
954434075
71738217
1275864430
1341262379
1054068433
370425663
253217150
372388685
48798000
1364615513
1386747943
1985084351
575974069
1448701612
629721663
1963607509
195578885
1215802052
212394736
1966852991
1895399206
182426669
1214533379
1531938490
646005036
195737717
462097109
1319363026
1413928118
738547885
726585371
852996082
999429300
189330892
1801473205
2078534803
1325256103
1980345475
1235542304
219497645
2116231437
2033715671
1896736283
1679189617
1542909555
479731450
54164209
1717311894
823281344
250535483
346872869
1080303516
423552466
426163870
125583788
1666702304
2109781196
2127341605
344736903
1321452715
334845064
2120624293
1802685913
2033490547
