4200
1309664467
171761968
1847029611
1409986750
1963208141
1064373322
767215443
1223202090
1245072342
385850556
1290186735
867203902
188482285
609582473
1388044366
514374671
1528086641
143740076
402319515
769941865
525655308
836241224
662263900
449729811
874440462
1098579482
926772507
1297242472
1873015964
1456476451
1703495755
764725696
1812200956
2008888635
624864718
1447699096
814170077
253247008
1763985843
1625248065
424256896
2082207046
632651549
432262436
1183923056
1968403470
759545311
71726905
1797826781
209504521
979394878
848708278
53916247
1879303164
812520965
395814094
1395377199
433506783
852019420
492817823
142509311
1920209353
780606477
1950787634
1947233990
171223174
1399350932
1000383030
406024854
1777458433
1013594496
1448164518
711565696
524858593
816869152
1921475749
857202712
266045474
1904787614
85234397
595894154
1242752511
2054349759
904901531
211525837
2029961355
1815491284
2090129423
386907708
1410916784
338549034
1880272306
2006171157
1523164919
487885462
397852443
1476603103
1722811779
1991819452
1449753463
276053797
516806424
1713537552
1542129582
290176217
416902532
2010361754
1547818537
160166394
2098556879
971758483
650905315
582461976
1278213482
874030912
327454810
499266039
1976179527
123447737
506277595
849699340
1097361354
2010045783
1814961563
1314304248
581834430
1588631279
1662817920
687099119
1826829875
589300596
1660492474
807616243
2028419675
1544760841
676758135
1740084358
869323140
640651095
1337644441
752849460
865861961
72229399
1823140820
908782879
1516734942
1368654586
603051279
1021775498
1071813240
1613272526
970262902
1919507707
195796520
1471296588
168190328
1040223903
578930500
1122133074
1749341906
1046873172
55133350
2071631269
1975323618
732441340
1879323839
1213360384
140156099
2091312590
33600197
151551355
1448818420
492503514
261960379
925288239
831814023
289517091
1428432134
1419996619
989699568
258277391
559932405
331821630
405661658
2073721840
1504175852
480402761
1503714678
447785065
4734714
1348023803
1773225976
2103748642
54811441
1253113593
157023080
1612241930
2023101646
644251078
284911392
593858015
271188886
821496091
1615654538
196911601
1794775532
1185226229
573638699
611930630
835160393
2141290238
1169630959
1960111957
890564121
727833140
1327917612
727297074
320980019
1330509710
1758729633
2123132778
1472734091
2047635103
1689833983
1067888019
1161675689
1020782071
752203027
2119781281
1943619686
6674359
1905922484
582060467
974968342
856154522
983240801
207156178
1432808814
2043713948
1460539329
344546855
382374072
514125230
144100429
1110304144
1722789551
1766000843
605704355
365558491
1157421098
1768407539
1231531610
215970944
44776289
1952158191
1000832354
1521265037
1288038500
944771609
1369646397
1446744810
1073044928
1276576213
1712647253
1138423388
517495842
165402034
626118873
1782225038
1821049638
1336462633
247343299
1367570280
400373066
1889571066
2107509283
484772854
316228659
905271606
233995115
623940858
626779410
1187421118
926182257
1429956909
10382464
707674811
2145284602
1189171529
347362181
1457941077
970348504
1100999343
1746731743
1745921832
1223124776
31723836
883615781
382194941
161383335
440553797
1411436880
71658477
133761790
1307796222
302420338
813916157
1383562383
1980607375
1196813488
761497174
1464134301
1494534076
935382210
914719750
1581527347
1452809762
2138160442
1377059843
1542715362
1723431438
2068295436
2129917381
104495391
798272596
1957561869
953783022
1162482271
1486960407
2102520890
1123347988
1341103434
1313275673
1310060019
905332935
2075889324
1442776583
667213548
1045983695
110550986
628698474
589628945
1274571675
1618263575
627048511
288133534
740530658
1089602485
577996009
54022983
593852756
500397908
1842616542
1313195316
478010311
1685312815
1333154020
1532056913
1711845440
693280338
869852516
1511651917
1082151046
1444196786
674603799
1923813177
711153428
929541102
109471140
1563260968
1751580074
693702622
618076913
1453395631
1002374086
30553663
1904069504
1010783630
279190709
1040844524
535932534
778597691
727835998
1625127031
1746551460
1998290960
2052416324
1562368012
1544515996
253427423
929368698
1477696206
2120464686
2147402887
1805339458
90076427
221339224
143919927
866953662
1457814241
1682155298
1410127650
1414683268
941885623
1792351473
1134535826
1099065977
230339368
930862825
1029200603
867068750
921272138
1862061005
704350417
1112648547
1476895574
1625238742
1190980029
993522544
1106578947
112772934
816459937
302369842
1539160116
1363963762
197860677
1269517673
146717544
414413336
2098714629
898266138
515781552
317394765
671520257
138018777
478602946
1715403975
1032947151
1240324683
1924707560
1126821740
917898106
1554908362
1436471498
1801793056
764286068
547688101
939311127
704654446
1661283402
1928270718
1004741408
41495412
1581857010
359809255
398280289
1123018097
909702800
879355485
585660650
799752042
2083556330
1248659691
1984310909
743113628
1790275321
333022300
1247405585
421438319
1772261558
380415656
2107890614
289014335
748016062
2079492251
1930002327
1342260928
662683163
336884285
1094497985
1124382363
1347850782
1601202760
2033378214
790992617
604866015
1489097681
450672055
1444747325
672227913
117752997
611303930
866010977
682319099
144497616
28500770
929827031
1070283743
1504223057
2111726247
1406933534
1054458664
193618610
1002497891
1314921512
1767139211
2077210014
486158220
2043520654
85150688
1421891897
1782353833
1614700624
540706036
1107148602
2074491759
1686184681
200779112
1203507164
291722778
154477793
1850512075
322811891
32098872
1439181648
1950916910
1733984147
1547692579
1068549212
422639454
2012948460
434034864
274565582
641284972
462590356
2095167625
1987209929
26052416
834497270
1012049195
1259142879
445555751
2052155015
696677061
300474079
1010929442
1480915274
110638806
1566378161
1309885941
536387623
1463130056
88819891
238148172
411742002
168617483
171617283
400281307
1140762472
1917713284
200669994
321305361
1377899834
634315895
1831287771
987641783
1446049334
1971670780
327760642
2017202928
1870112716
1529201767
778575993
727370958
286809509
1608099910
189400923
1382243060
1971330991
756875716
1119396147
546780525
234835953
703924994
1833230517
964143787
1731574172
1003522464
452832016
728464371
119154322
2072178513
1974637209
1885585712
965115504
1810579925
1216059655
706811384
340880346
16239334
488569375
47844518
874416987
181899606
973995206
304344063
1328423313
1649055841
164744897
1629401634
999643501
2222255
1457612221
671441395
1785203237
2065719224
1291414008
576951842
561841692
1015892233
1529817345
1582390961
1771433992
350862777
1612156795
909534234
919837319
928632053
2071669476
867521610
1166011807
57830499
1999647988
1837143691
2102809732
1782394914
1926472936
150554577
1771287892
610454293
1547324013
1671003952
1949756858
1552766807
1083371309
122345903
385538622
1647535619
676495781
1877626600
481485774
1847384138
2049132440
1331318055
1507006194
2064809639
1328551708
1755585997
1930215642
843678254
893688423
1237946605
1560843924
1815843762
291215583
520614580
946299559
1270670573
794053110
292374152
156384259
37808259
161984340
499174429
167986105
1499388433
1981216452
266324700
2077223676
784797243
711714068
1372563214
1650311700
620366763
1988380512
82197946
13291134
1681025687
520187541
1720289348
1085433938
1678933374
1981067397
1361545742
1595384298
1472643268
637661898
1025999681
1398682820
2070811635
454114590
2092265002
1620769035
716749030
415781567
141083345
564454002
1439636725
1214600646
300385121
611289017
447834180
1957916935
885428403
1364733933
2120275762
829589993
84428291
1731094916
2051266938
1521154816
1706712542
1155606578
1331034862
711349905
22289839
232352437
1372885972
426127360
1888864883
1848338987
624509185
1502736183
332031214
1608994645
695411805
1995745664
1567403451
1391620409
661646362
239338784
1280340369
2096241520
472228986
235479762
378609135
1592843371
1450069771
564432900
229022871
981949334
1965441875
864436633
253851787
1081194354
807294626
1712493970
1689209338
916089899
932367628
2026724771
1227385412
734249386
1526206623
1233383828
1602744538
186171897
286143154
2135902463
1137637076
34518781
1749824404
1869028891
2096374640
790638947
1473516198
1910445979
2048950492
2013959877
1581295434
646380308
1822070648
844576654
1421754488
407299936
987812483
2031676736
1509887243
1064343207
2022976770
518472058
968641643
429828302
1106519268
591403688
982861502
1742402911
281868302
1855517705
1161628781
568649296
467216422
1485347541
1695023010
1334892976
280446757
529691822
856302430
1062833219
2075462572
37506591
1377252392
2069662711
2010164372
355971248
991267062
1813688681
1282508261
1116193034
909425126
1249223442
1836647678
296527224
2126058075
1485004442
1701633125
1895658505
875349874
1391512516
144408746
880388297
1692924340
718034589
1799089181
1585128423
721452119
1504809223
1940499179
181514335
97674823
141483596
83767397
2096173438
1332898260
1247683591
627601982
1576704486
1719334083
1573487892
784583872
663439755
1640307101
869606347
118435838
207057793
1690189451
2022108179
293966601
1740434747
1881904841
1839556055
3715304
1502921562
1414292046
692489930
1764691048
867006851
913044985
721927520
19283166
1115082654
1830063044
1091013259
557482339
1116213266
1261689886
1608172594
1138007709
13231764
1268939831
1591043913
1885274457
858570212
1805584379
2082513436
476261425
200582849
1676546412
574021228
1540385500
1640219875
1433393407
578737295
1363988184
44844739
1729941132
1994302507
714175417
1756553909
1081727041
507508672
334695122
172678507
1018520595
1310600786
1901572233
1769249007
666779487
2102889931
1375405981
1346873731
1338324812
983203134
2139200940
1506899330
851083609
1390921414
939300784
2052151867
276294369
46326494
362718709
838556347
795398782
1187596606
1577271432
1904891474
715187841
1586088926
1846094729
2013972091
762490786
915732810
912343886
359073086
297197343
887064225
1074958355
1163795238
1796564905
1286586842
2002035588
44963398
583097923
1299123173
104938435
39511873
1681433024
299391814
1476276344
991611112
1018710890
186435157
1881187961
890318197
1949755071
498537693
422218827
438383859
1339388567
1674009320
136535700
1598073884
450373726
720345918
1919759359
592744944
72879374
1774874785
907481649
138421813
352209191
1932837231
470648956
1458536372
960121172
1539537029
1722455581
793160350
428057997
1474185421
1313199349
1493061192
995676871
1327003166
1082519157
43441222
717986406
2072029360
777279508
1470842304
898390685
700499591
1869895307
1477196433
226823734
285660798
1105087385
1026354831
2050301421
1070590320
773867725
59402410
354351131
1154354605
556067986
1507219709
1723363404
155338869
1457620579
1204713010
376367261
1145280573
1082950394
1388930355
1097875824
76283711
1679630381
1042425461
1896452490
142906790
1240820212
1103825959
311207564
2053743581
1756855744
829503794
1070419319
679461921
510072797
314156665
409428520
2004028964
689464888
155234854
1629399117
387532745
948774384
1260729621
399076197
1878007907
490800919
17310063
660006689
1372615334
1216764121
143239361
1755477799
577736406
1148452290
141355771
568627230
610766124
25536571
564865774
1068662522
1839179728
1391418981
1222610631
262009401
1175297445
835012294
2006213812
1436895617
1843993574
1647885404
1830482319
717598269
881471714
1565239952
582403928
740291347
1464583620
1820013073
1728422730
524369214
1374364023
872584329
1219286081
1363178566
536703490
2071423289
276113632
461470261
1765040183
1537218791
119432547
571419580
810198985
327524968
592659145
211626165
1586609141
635545287
4650056
744645758
1815703528
53067166
631584232
907902395
1871358489
1805193412
899539652
1890836209
191765928
1605976496
99947313
1979492110
129502606
1695257679
2099299063
1684560120
1406277140
395535531
1151139724
626414606
1316749235
2015552061
2109710003
889787619
1803327708
577442823
645168161
642399484
842766378
351282663
1063993470
1827627730
375228239
2015558647
224374407
1334881004
1436202098
1493241529
2068150927
971122588
1412050197
381390815
859875320
104923316
1664729105
1376179795
2020831105
908420414
1930168328
2144539260
600485364
1984577999
1819639093
1481591297
1645337039
880526029
1267830754
909614422
1907851836
2048760600
396938107
428855875
583750732
798627063
2053177084
1678453105
1138666118
1644882488
40923417
209877581
1922081236
495772880
204282168
1912182476
1991162053
1808746053
1550901849
634714265
1660089701
126875927
812381410
2013312097
780702520
1523943301
1595804024
1189721824
1453341196
1725422966
659538536
273303658
1467792346
1101582136
1728384728
2129320424
1887525637
1724738212
1065456705
882382956
787126507
756617112
320348472
1454328228
653953969
1295732432
1478371109
1858203821
327269620
26317841
1853635893
2146548007
1204653990
1760400625
2071243254
1153805504
2015702659
2065795427
1230566820
1616490136
1495138903
121842935
1191675195
1760116614
1982902317
1622574491
86653831
282495749
1679269779
288453790
1968120923
1450097346
463472868
453578512
957621745
164401968
1438026566
272219642
2109652025
593123230
832064356
2142971422
850967040
1418983027
1110546754
2077284519
1602950207
1875541448
1473453817
1093192603
2014294809
986306388
2005308909
1337497990
1270041998
2070007006
1902904989
325749263
247483047
200496101
1806208348
197878364
46902301
155394795
2140121501
923401433
1836908634
837979346
852497323
1572448759
1527405874
1528800661
646781817
971528256
467755486
1825418829
1248693689
1429832861
51790030
735496548
969483143
1591145005
626119369
776468292
624785400
589835044
907522219
841505330
1259570677
1013041419
593319271
768393823
83799812
69043268
898320593
1408795302
1507740179
1129057541
1143034251
1831636146
1313519641
384936774
2102833046
1386599672
1591149555
2101257986
1362058684
111935206
588253145
2142533806
1184849134
1492210143
274865086
1948827946
1534395885
1021637798
808340345
1469516336
233005936
1928884728
1551373686
1389514368
1353028825
1694074019
984920104
172444290
1892956085
415312980
879024502
1864405973
1587927757
1670973688
423766924
1631418872
1483962370
332922776
1726544956
244100683
695858880
358033002
1711784659
494646591
66172337
679475531
1698498103
1431051450
2016746897
450155858
1441584055
541032038
684669743
183811609
1870052407
1890272965
493576688
557541617
1096113102
1126516053
2092881335
1228837356
1154508521
756680021
2141551889
1602852776
185221412
540929512
499817505
1914200026
340925274
1214917215
1180079700
556958480
834902460
714496531
1832564790
1634189745
173867647
1891633420
1339296417
1452195757
2027221909
397471839
297676025
986122460
2006491494
11861425
885994983
1134517587
880516338
980493467
1968545780
983647656
767697340
690746778
1037121944
94564115
1716448303
267976593
864035045
643846056
1323145342
1498937167
1329120554
1207734991
1985120207
1593354162
204075405
1143786827
1799966562
1433709129
1882840793
552401323
1965731446
1777330141
266161616
1656765524
1798507578
212918169
828353045
782069744
1945271969
1424078945
1505047463
432601513
1609521332
1590368466
1460679028
754771263
506740645
2130298604
1267870551
190859585
2041760436
568332588
1284648154
1559163860
1652795420
816053747
1628507881
252861985
2116897871
1491813528
68471464
894232946
372909887
513150211
1304679137
1324901031
1015505823
729380990
137983839
1983434480
550841437
1649078570
992759294
2137292816
457276186
1326269207
597665214
1463971883
1534488246
678460474
452526235
2040522457
2088052991
850760705
586323471
685663274
1896232384
1975966988
570678648
574281366
1425569816
1565932513
1442389901
1638864166
729260363
49424429
546509192
594453984
1927491291
253916284
338130714
807389307
984543459
1337843406
207342580
605145822
267786287
1456040069
691206029
1221699114
562678909
777156436
818349515
1134420553
1818512110
1792326718
774367831
1247461923
361335805
652010796
435702311
1137162356
1316909593
934876287
1937854129
785851139
1033863040
875045205
1863745206
1747537990
1673532687
857251777
1086497294
1674300018
1553676158
2041098602
274115287
880667728
532602607
616013121
1309911067
1088142668
331009054
863645791
1833484310
1374688782
1434183479
899868066
2086548067
902761423
165488070
1087297149
669409886
66692586
1737947468
906523285
1886251248
678156564
1674986834
1230045374
954445673
894815176
199482660
708961936
1435636109
446784319
442862402
502708568
1774323603
1166349968
1054973557
1334908290
742479977
1367673809
1515061377
365379539
421844102
1600355306
596890899
1762561198
692033450
1436639056
990944839
1192399086
1575506659
1095786819
742255849
1162484235
1237688253
1159142748
952669541
496692779
1031428383
2137563835
142634654
220026057
1630207682
269500634
2108266316
1848665706
1240801097
1750244236
1968719338
204481863
76663250
1476724614
664804687
1212046748
477890665
1427910209
729811850
1135562021
1494508332
1246952069
1452519585
1707807910
1079667007
1286261915
1219709951
934604570
1760904163
1856370182
1875587907
979972632
1130647710
54361880
810799164
132323003
1146143478
28520811
586360525
1100695795
1075400518
1585507725
2146493564
61882573
1372642598
348538560
1564865807
1294557646
1443446989
1186293562
1412473346
182838160
1407385105
1252015092
2002139137
870875677
620433997
761719269
983250410
718337528
1190119126
707299703
167444977
1635005598
2136312605
1379347179
1288186171
144996443
1561646801
527442719
1994269944
1733955854
675943595
1849269982
292399421
1234041877
2078315466
1669758887
1361869657
1345799292
306283231
241270965
1607585658
1224485767
1083175292
597729656
1927819178
357046526
839572278
92396392
572385660
228020909
793655653
1611799912
727516298
921271714
457973173
2120192130
1930674371
225175013
1375130578
462955513
322346149
411864768
984943735
1448436025
866444102
1908869937
718868130
326535276
850969316
1620844022
578024297
151647483
1424747239
725950895
2147345999
1491519810
1184477794
1020541327
2104258830
364372797
856147420
1183992147
594529531
1146689620
268328465
193705315
1571831193
1720171021
2102984218
308079497
2097443612
1527210554
1008253220
175092297
985265087
1652295420
1218511308
1190806162
975736636
1599756028
266862373
1261512244
334092267
1919901216
126053314
3989966
674080283
1688236445
614136710
1319396358
1271177472
1638163321
1172916807
2046639651
1570361982
1586954270
554979798
1188209723
1886666749
577229206
600205315
534000982
1996066174
1162161149
2098251189
545098705
1175103396
524583458
734041075
545756645
1270052372
94962057
2054128431
345290086
117871975
1632204395
1111025871
1437116465
526260620
397834324
555509288
572340356
1872386136
1944182338
154604992
1877259610
1947712290
841513708
706495158
1896559075
1211406815
247406872
901162497
2022149973
1113594998
883158870
1715154225
1049447255
1137386909
777315594
1926645930
1487935927
2062828748
11320872
1289535974
323634085
644329702
1667700670
258546019
917950689
1462520330
434953129
2137943382
605058865
1215734752
1110046142
1382672313
440816311
475732031
105729791
771470355
1568106203
727179381
2037650083
1926266628
1738925488
380647646
107035220
1768192742
989020418
1941015104
981623171
1330179930
1656095167
807115867
1587733295
263540395
702179646
1040502718
969817170
575460505
169793582
666067132
167950833
522300490
1490878442
1644474624
829778937
253664982
993057460
236690020
1313366619
1545619715
1953393379
1496238250
1840525513
69655073
787956911
1265638375
1254472504
1462327803
1889590530
489034521
200362499
255031020
16556689
321928666
970712680
2123816088
552787472
1917826779
886832724
1612255617
272718319
1252828814
1037193493
153542200
2123289397
858901699
974922541
1446394508
719597877
108467016
830454583
631227549
494700145
1360275429
538191181
358137479
352114770
1666457304
356859914
2081854837
1900326775
1583553822
1010110619
1048899202
455634968
523176542
1356553809
760692364
562461252
391400314
811898859
153020240
21500523
1989117128
577830689
485416466
1325338837
2102223945
737484146
418765261
1039227535
1796305875
865894285
1918372331
1233330584
965538600
2058336891
229725035
319876264
928955059
1822340883
1573460076
1466591323
462759265
175130376
1746961784
876543579
1428882205
1048051882
1294231531
1324168764
668504741
802382597
32214293
1262869920
431064203
1011827347
1569367790
1643378961
1260979396
309755094
1948695545
1264220836
221564178
2091578780
1980701749
483968056
1734885262
1229576755
1766318032
596045326
1107331205
1526476365
403566085
949671930
234539310
1333043186
1996327564
13042023
258820403
1375445984
295988188
17050045
1551675801
441113106
1013471708
1884731422
895897327
1196996889
1590383662
792783901
272128813
953516927
557203451
1387451872
217141330
1094353772
630398558
963188392
81740380
91000524
840944353
801859674
171459006
504550350
1510097295
930868819
1929692520
300084493
927427845
484986303
1955929522
121847279
907377981
508398862
1658514775
381982428
1090176252
79674750
1495248113
1997807891
1382162653
820406759
1739666613
1311151025
123069673
1111412768
1547521642
1249750872
1272599512
685039869
1488277608
1116275301
424188871
511969227
783466254
2000877019
53698070
904969142
1534457701
978002091
2004728914
1653331739
179823042
517924124
577630060
370194541
883403542
137450420
1470391644
1292839433
1032685545
1455642788
889219015
624038586
1940618868
696069984
1822116367
1561587135
1645557960
510271274
1059266430
1720847172
760733444
974618377
805173650
28285057
283834831
465044084
1623109256
658075677
444816461
1733053702
1234446116
1601941964
1786844825
1446104898
813446479
2054824902
248606692
697887417
1361244759
2084329959
2143152350
1233346010
460825697
1893639863
1547781505
772536520
1193291366
1094242995
1033609283
1205377331
907281552
168533464
1476297546
2008510182
1086827333
1690699423
541723412
1149798314
175226428
34823062
1425281288
1639228429
1678933207
1803751905
307387692
1066554050
285663818
985360211
144761065
1245337079
1880113877
298305875
2084370641
711741141
534344180
557057478
1856943916
1329902060
774009129
231031554
691615318
1051001779
1021027868
281133195
1607135807
625957923
1218025546
987258486
1162292251
1591096288
1609185286
1389948522
809587415
815888373
590654591
1586383806
1499690715
980018590
1357687127
2099985216
1255719771
699117503
1912753657
1473975379
1244987651
212953540
1855425336
237449280
1550983281
888683780
1797525881
688005940
2109524940
1875797093
1246807885
1214888873
1156120910
1999433924
267634575
1823525808
1820833268
1542313239
632678287
1839315071
565608136
1302280919
705348927
1724568342
48383086
190127608
2118409618
426080163
1725299759
1945776589
950741773
23656198
1452173994
465636529
1940114287
477775442
443281054
2138479651
722153068
646543098
1434145260
1704387062
1964133188
1494087517
1739498837
941946644
1677877319
116562640
838803843
560421200
1114814330
1080191591
1569788449
2026471091
597227015
2126986319
1897056082
339980799
1836905018
845878412
1303351449
1573533343
318312732
1749896617
521125578
459584983
663760329
534546425
1610526322
732885404
1329727256
1298555527
1332730309
262390241
1218917719
1865284503
263975831
1974688027
1874700641
138033132
739182703
424005333
468628230
1158468563
1713416682
753595874
603426398
59980651
2020548744
748189627
511539757
1891772969
1733731793
1618425950
641095512
1802310705
226338461
132186940
2091830672
1560958283
1177488730
391085880
1591147156
1043671602
1918604440
723348213
983476281
98463876
320545014
1276846289
889850449
1329409788
1453794141
1645700007
340264332
330294550
988218144
865956483
695401709
1793041563
1388810544
424240460
1103440092
1553330350
1236697283
372494537
1999205560
1825990339
1924852472
1444262641
1815209349
736964208
113498202
619030306
396134459
960705048
803591030
1255105184
1068492614
1357454985
492864212
1384544393
634915345
686435368
509954954
521496055
655161832
345484871
666368817
1500112537
1034670391
421424125
845314660
620728552
1569411384
1473691650
265586340
908704338
322240629
1876984192
568882502
1402839878
592171289
968602515
1533410460
2147347418
524898000
78577165
129763148
2135445419
14308772
1189932391
382373408
656845427
1564757929
2122906495
196442680
1749304259
643562318
1382899567
869895938
1105749079
917944854
1470277051
1964793179
1480011943
316630616
945426587
1357921487
815386356
1501016472
1464582313
730156697
653185620
1347357486
1796842728
2092992331
21229357
1419251158
1921528436
1253163420
519698386
814052981
1266541959
727832614
458498169
2025300536
601524606
233949303
1519618912
402887905
1817659587
824433627
1541414304
406619847
1791002073
2005392178
1365220016
46725993
33192537
933447696
1794902242
1676435297
1130471515
948871157
1870290460
265170703
1580720762
1101047153
849507118
1080534028
116364127
2111877945
777601320
2141252779
2034577133
1914246664
2142135497
285665546
1161355760
1719824192
1207823078
849506772
672717468
1797332664
1969710310
345646736
1206739044
135115996
1023100185
1399309234
1085781331
956394923
471827022
277479662
269794441
94352027
97289422
2042361789
217345110
1578476605
1935890984
651890922
1043793103
1573432652
1744712199
851737525
203493782
871177414
272376205
1402153743
1974939881
872269814
128528461
2059885879
607298689
1982706858
1879288865
771795007
1809820114
2047658936
1841284575
1427345939
47618500
1807258327
1212839173
711175498
1931530625
2115104660
1538040942
1317748850
251290246
1116795064
1011852876
947483505
1929480971
24092928
1690562697
1464862285
1799681496
1392828799
9117952
996773772
1564590806
491277192
1711688165
1131015
704796500
513284857
348751285
2006268708
1353643521
1492787388
347460476
1199331793
1929453505
2133900445
1566194568
852007848
975879003
1998381081
2084387662
1146029122
2078410136
453384220
63928707
1666058938
1684228662
495034264
1676198559
411799527
1398367154
1372682603
667962673
1784896957
113116036
481596193
888227237
978267013
534954632
2009132717
142386013
1989226138
66320676
998298866
425280460
1053437451
308699010
1387007993
1860390907
1248076579
685798922
183905581
740026243
1943690828
1834005827
1846200174
1107957270
1141388756
1543603782
1735449069
858656410
885472139
547095360
2049841584
1292349457
575011917
1311407941
1797478404
2077315539
111166715
457955004
188411144
1605359424
593621299
1558742866
916597201
297340142
683491825
316313883
744935982
307317767
979221222
1998134779
334602214
696346381
1709214162
555282909
1542900753
352706070
924546019
1949475733
412459379
922245750
310070350
956275922
612374346
320107491
1575154385
1858003490
186872585
1203289155
1150540100
317891494
669709085
1390744498
180949648
1384617129
1893040147
1519863043
1909319792
1358367929
280455288
1527179835
494467582
1861545723
1201742249
207722528
1075110350
995777356
2114196173
80237445
165635118
2115905034
290350820
309283955
1969759587
374085748
517400429
81847028
171436085
822868089
1947327933
461697935
323572642
820599230
1361575415
313354959
251412865
1907176776
1428707643
1334387287
1246532822
1849313844
959338443
1987970182
691378031
721241413
1911864129
1183545592
306897218
681685494
1701751018
1735792855
1269810606
131903986
471841752
1872603790
1404455394
1883143706
873209632
1098802976
1603183544
958115347
1564061886
2147386724
781205293
1153386740
1306208933
1003032240
1220889929
1932959071
1717458452
588708598
193059338
187163154
733365595
1751618848
384789178
1950653743
1348113921
1137256343
1133913019
537449951
982825875
1702031311
1057781645
43518812
1356091648
1737579277
1259756744
111736340
1390638031
1212517025
1520241748
1955663671
687089001
871964721
1812481794
1436606829
1470084718
1799835994
144844049
1914839298
839989231
1457276125
1020160900
560499720
1907619368
1724626482
754870883
1082561171
215939854
704635396
527066068
1163314974
2081855480
495041190
1790540005
145430085
396163022
175858661
903946604
194168901
1428863573
1693841335
1436887341
684214263
1875416345
2087948792
1480668740
1417130861
1776483948
1923523840
2011486198
1102001249
1674633168
1403491879
952835126
2112495795
1864781720
1445568950
1742122527
1346888137
1498174326
961545881
45841638
1797236156
1576446695
1759804348
1256122606
1136776962
1278255421
131066737
1614248690
760765743
1725556702
1003911243
1100292473
553034888
730626197
347588791
1943730222
1846177534
822378449
737450945
1507038454
1669229452
2017677048
563782988
1919475474
1526699979
1506170511
1704440267
1126722805
1828087515
709568586
1278546741
689793590
1961144815
1220116954
1065112788
573114060
1928950202
15490637
1986410387
1562537008
1087061175
221450594
1976891021
2133277776
2085261540
42166553
1048236743
279287731
2099045390
427153299
1844307926
1825090373
498170529
272934508
1078609944
1511049091
444664227
1344745528
1256415399
587201969
1191779766
310518495
2007344698
434390720
1496599560
2022033854
1005160527
1793601901
285223461
1643339895
1016639131
2075334772
189927105
1306684533
212237475
1476518110
470522228
847191981
1912397362
1321287669
479199974
2128265952
538860364
1800571404
822818266
1678190400
517895364
1657014404
535539280
282468791
514934935
1558566844
1948263114
1035340795
1261665678
893668781
1137308643
1011109821
1068202039
1748035630
439706863
944699488
409261706
1545781999
755538914
1981697491
921121971
400004671
834300478
469726635
774453509
968768572
1501682641
2066292477
1862330424
760463477
789549354
1446195931
875708788
658240805
1250024958
1366986807
1486693222
1627296256
220508684
199871753
824932199
1634851345
1471039937
1421869316
926983825
1459341791
1925817835
219060151
1200313713
619892404
719309837
29829797
1949984966
1166476101
1831915264
1834116156
1756778867
96270234
91070162
1439230115
538943652
1763900811
1881383106
654789136
921953350
789184727
258674817
905314514
1801046891
53142506
1818830755
1283354384
1857393149
1472292626
290917838
1942350501
2118563250
1061525021
1826525514
1818742578
1336930735
1477230289
415082363
579311665
963281705
2084237188
1254208628
1840514065
507884988
1821244654
676043725
313802101
104052466
346755176
699242714
1199050248
1975825278
1404550723
869523066
1736710287
13712033
1680319555
197722018
424876894
1140124490
298291153
1221009379
1531263446
1671063428
1697590148
1856432919
1222004717
1719243053
1206007452
1671255550
1727286171
1015614962
1686782472
22619697
1752075955
42210233
718403526
313606959
563567178
356875512
1720379449
607440259
1280327704
1331242180
1172758783
655228860
1272618195
1447332671
2058209920
46716540
1373969065
740802952
1450774371
1403945119
477051796
1299684967
1511885180
948344705
2117856074
2041723415
747436224
1001332671
28056003
1628353302
1301807569
278679714
939154727
1346976184
488223456
267461871
753966161
382493978
2000000031
293712578
22069525
1251528385
846281655
2091928670
1548317272
946599784
1016229260
615933905
913299051
1036481248
1732952304
1200246685
1993825588
2107202634
769249051
1261607620
1962971745
1466372776
1492052210
511208770
813168651
1140538567
1714640372
1862893597
1897785487
968365530
2097551811
943386973
154173617
2110718284
34751270
45997301
475042391
1321101162
126403030
112639124
484089484
529979731
1743176836
1053331478
588044217
715685211
1297194935
1539624249
1469262724
1968816989
1068579708
1842419913
1697797686
1980260557
265423353
15976013
1131084691
1744147757
368543119
1477976102
772655587
2019472952
1047017273
1656453209
1138336887
1526924198
1184646315
2123628540
274519266
2071446709
1507296890
262301831
863127155
1808509632
1813522105
1983859502
1792264036
1612349215
1180878522
1809144214
2019185663
2043811254
798305722
1410946528
967141330
1552517832
2030599915
431018788
1141004586
23840381
1986787286
978894196
2039265917
2102806742
207697517
935111185
1386267850
1894596236
159582102
927985679
14207480
554032366
1772076210
882477128
518958938
1088947806
1930431253
1183036771
1392144138
1191720498
1379102999
425751765
514237308
939177365
1866147053
1685304834
320084109
713103071
915180294
1257528287
1011181143
1655896766
1814311926
1167393732
1510708033
1097014263
1719820979
1657116354
1653391046
1744937942
902437601
1627300212
1419629201
1482475063
1205581727
1602712568
239615497
46179786
173279408
524815083
771012487
605520103
1601763778
240631559
2060715868
147530967
1933361215
505003404
1799280984
1078504142
429953410
752371856
501585916
136805391
1608507670
418365300
2093567422
890543520
1575823076
1689939599
1192660864
583222734
501820932
663627780
1763405822
994293400
459139647
1631364038
1471248324
1900110720
1814419137
581412826
378841578
399072588
420011087
1595537495
658541670
1431963087
70762230
523636809
1477196660
119344395
2012157264
929800558
1230930768
1145877632
397067780
285531232
15925859
1357208634
1920142921
100434286
155800693
837047934
1558974480
1156429848
1702314767
1014301739
99674117
730771399
263651826
1686976884
1755532458
54986768
1261072227
1050274156
1392030587
210960626
1198284799
452795045
804126734
1258582714
1856565231
1497244546
548059561
215125642
890625364
200093285
805096010
906585868
1657006862
1163593098
263570442
1753890730
383928889
1751525350
1469231083
925738425
766315816
532555063
695690189
729305092
1080009030
689848747
1860591895
41142267
681857317
1897948015
398342790
643553493
1192873853
258557310
1516601986
267503768
1185400807
168752269
1907245492
1667651624
880507734
1648006048
886699212
1240173401
111501398
1260808127
709301036
975124812
292605499
263793783
1567694040
379544829
1974382453
304066481
1292644554
1127832778
1078737723
2078652037
908405620
239379353
1169078367
607070599
1431260300
215654442
963463022
1691519021
1862821302
1304172101
488748186
238396929
211587206
265643564
1596543611
1693298308
1525837003
1987220823
1682889607
323187000
2093541100
106176097
1031167359
1004336660
1779402243
200641033
1954818770
1642944965
572670505
1685507646
702010545
644608525
114418370
2142861062
768880114
1760803232
708961457
1398970154
1477268818
772539696
834988196
1536327620
399886104
1136361038
738240825
792936661
402880405
2019977519
1489140050
459206957
1374025179
1461268423
1695369815
683589462
294032725
1065367271
101333661
1717815578
929800302
1458436525
698657511
1247460385
1916244685
988835402
599449147
2027634291
1016945466
219591232
1391205926
1112808935
574793249
1655176805
808282745
775244117
675885124
1512891239
409841405
1902678084
878190615
332123548
1605534059
1015687993
1864263753
144298437
1630955652
1595018229
1701261987
1075888397
1211214192
1371469374
351883679
712738175
957783632
1404329748
547011283
1888077155
1395299543
1658590687
414255413
1524355366
914633704
2034021532
471336780
51893792
1385720411
504747805
250036663
1522097004
1033823425
45292684
1124049146
757859853
892800091
268889932
811207691
576890148
752258218
2067666059
1093669545
1781237461
1990877688
748488038
1077387131
530780985
531853182
2098728651
625652174
524661123
134716867
204945854
1324622069
2034365626
339771703
821492489
762996112
1556876910
222332720
1299623157
2116119564
1347652706
1603775982
375770614
1937534793
1167875182
1810940199
742459801
164158013
400300117
2114986436
898631988
1282093697
1159502377
1208816413
2121599761
2076642010
994367748
1804505447
2063549349
1355480314
1548291300
720678993
1724974500
229223363
1814239965
1350009117
499823028
559468079
1851017563
828670067
780889890
1569669336
265370797
1875086693
280538195
488317010
358169397
1020028676
1444767357
982051829
1700378888
1656075063
517093872
1563733837
664743218
1149668408
230636306
1828599100
473181484
1320392529
1944622537
1794720036
904909166
57713535
1712780832
2140328629
877945253
1639960224
1905047728
1153724015
1803503880
1583822092
697885204
755921126
537612889
35006056
1358487564
1712482620
1474702373
2286883
1863979427
935754325
1077556643
1030351854
845944549
660260394
1269666355
1190640650
370469285
252305278
1935115695
608580685
1517796656
1781351419
267196781
1089891902
2099226447
1192156873
264636289
1578116400
2109673464
638620451
1635446713
317695030
1662314857
132304281
1107153733
1647000614
464040255
178462451
942528941
1188643477
57554874
937156205
1728535601
1656723168
142749797
192795691
45169412
504738314
508594921
1175251631
466122956
362953594
1737855508
1247341028
527113977
605890531
1019925802
423311690
1503881828
668950444
1974523837
1945283001
2062827360
1577643237
566659458
1205225438
417850843
1214689721
614434753
1144534691
1554124216
327198290
2016027748
1567723934
295049962
1448714154
672544372
103831137
161659411
1300864327
1856877282
306206776
1391705214
1601937425
881855627
69744823
120273931
1203242908
299981775
2031315793
175310970
994343234
1352552433
2091007799
1681349212
809651808
1424352916
1213788383
1919668265
789875201
959048717
1351009723
324776564
863393691
1498891270
43920589
19300308
671813858
2032597290
1058466372
2099888468
1863372017
652809706
1662208282
280569561
922645787
1966752927
606164266
329640682
167142489
590690164
311500271
1479966656
454462722
1271978252
1291387029
1330610806
1288644562
977028236
1235286466
783218733
1200154731
170493462
414056669
507171355
939769242
1209541284
604399895
813938964
1895241243
1456498854
940067975
1841111801
865906663
1952483353
172686927
2139860508
1324281224
1376547459
29656188
388679120
360953131
1338082343
902568520
1988791915
1577899597
213840609
1871887113
405215753
1520891957
608438193
1942664136
1215947867
255856614
372579842
2018983264
520525447
259940184
147352694
1811750837
606344394
1890646576
1097569562
472734391
331534596
74634598
1748172106
1327683887
345073785
2093571318
1648619124
380382122
1711310478
178753945
1288338964
1914325397
1992757938
1541320731
1663843827
1273846774
145204019
363159225
1615377463
2046332867
2102934102
83780563
867736560
618000545
596462124
1046995937
823979395
1570982366
1514733831
1247553620
816754328
790696317
598728146
1145892019
1835043289
560749255
1203997654
2111976959
1174614141
1974259726
1921320857
1214623836
1677558125
1362080955
1209993888
2053346648
726235616
629731333
1020903437
531241591
1015475702
1567825700
364429491
2112906986
991234051
877113194
1371821849
948835000
1984139777
537395290
1528761376
1640770442
97322247
1544588840
1109949258
813221083
1592418765
1823417390
1812885126
1552288773
1618071726
1643452042
156058310
1436412122
1368459813
842958058
1472238673
447947129
1339328287
990356644
654652078
1907952266
776763684
1355354877
1292721488
449494182
1354795607
1152659226
870860579
1512755841
453207580
1766358196
1759372308
1487187755
496437535
1692077576
404749228
1643662530
1039325519
189331079
661751424
1964610133
836536108
103662703
759517791
1781281265
1113896038
1159136138
1358228982
642060107
1815635420
88983312
869326158
1830432344
404240897
988757025
1508578896
1558849541
1332112154
1127040156
614253784
17050282
2111608264
162535330
1340626662
729382476
43666004
825355778
116969711
1856082942
131949699
1502458638
186608190
456760232
1372924953
1268367059
332427412
403219146
1914780827
625449331
2101376383
1007762006
246232527
379700225
241353214
209298580
800732322
1516276792
371855850
1534299218
1376195154
1391387925
1527552537
1166819906
1193831739
383273633
1458328286
1861125072
1061255487
1035512698
2091158886
708757807
745445287
1759992511
1268633415
1591417707
156415922
1362496216
1089009504
342323915
1767407229
356306881
1149413742
2108661058
441989017
432810217
75498169
889695413
74681647
138286030
1191548454
410250329
1578633259
1417618906
386511102
1409376369
926505100
919121582
1325590034
752339750
1341416919
723837756
1740890895
128859082
602678917
1391857342
417696840
1902847131
215040460
47828362
1128292583
551090369
1537570373
1499549659
1293297556
2088260515
1231801075
1899471595
179102151
664315282
622233526
460260433
87820611
1979738993
765719750
214842274
1831670714
1703799848
343598078
186055927
1137720975
1633255203
892862479
1834898065
1271309313
436361927
624747937
749735946
377657119
720300636
1450312445
1347832846
274679665
342469695
634142762
859693665
1005628949
1185126476
1330081825
1980825327
1615642952
298126978
1713801247
1807789820
1160704357
1263946928
426418263
1817607181
855043194
1500015804
965852045
1007095421
1269017239
403172147
634280023
446617247
1963705007
899790200
2080950516
427933712
1941177833
790872022
538661610
76999580
12936428
79832023
1809455175
2090430742
348330768
342476404
446154601
1466378791
1405231938
1057588905
1207440145
1963361469
2130900107
435876670
587264715
1983667219
183403824
1844676912
1132178254
598400122
2006423613
688355909
1624678065
1519545443
1291931849
828832454
2128143476
2121113555
596381417
849287215
2107156961
1019294010
1812566916
256317165
1464163016
1654195334
974744788
354638130
930517203
424358381
646883865
1776733415
2094058574
440014511
1992284364
1658577428
519107700
1198420107
281167907
433981627
1605345161
419594193
1672582543
372029321
535634690
1970745643
1313112230
1203829242
624389208
1428967509
890243121
1609467506
381329499
2136261090
1694092659
1111055514
1963819995
1088407107
226148640
1550379958
1368042616
871383839
292755377
755089593
252147729
144381457
611353755
460242056
2128203125
1036349165
627556239
88265312
977118276
1528574469
1728204960
136072720
692803057
54354462
415343712
399680008
1037022445
525112001
1264084903
1555545554
24571356
1934320437
364588193
634776597
870002548
481230638
797529789
1865627924
1445468784
1389079246
1754222132
339960051
656669297
986665971
1011023252
1121011097
999277997
1059335220
1530631518
583593325
200205750
473189367
1673893830
1802176787
31966991
984046622
634662440
1184039467
1150169620
2035501163
900776895
1859686729
1007184620
926480840
1005185926
1702222913
35658154
1074141298
1612876562
1895505002
913308367
867489385
1602375590
1308150994
1912559479
469942655
1453877814
384393322
1597785482
546807141
35754915
1757642972
1214623709
752174798
931289365
767415180
1066804929
1617534059
476491761
1072515455
1489008643
1306227249
666358408
1099363400
1192169352
1483442923
1153000450
414082187
204938954
1958910775
2122243253
1893306592
1232113124
637883094
1837776475
2079540077
652456818
1258778541
947196061
1770328125
796775650
762763233
1403299027
710005665
1815965408
1190640551
1261085320
451524806
2066171194
1447739442
1158863895
400607050
1395997454
683028799
293562905
1248917927
1605366729
1779121130
152309805
745593827
444873418
1606430860
693234052
1453830582
1313158051
699977042
1369726037
614999020
766268017
2104856548
989877923
360347648
2005408829
1317212324
1058460350
276778334
1797959450
2032296905
1127981682
1511252933
1653150295
1245938844
507610264
195095144
2086424348
705349317
397181040
1323095202
1505054723
1010454943
700156498
1814739339
261392900
2079891883
2129293255
1881061823
238447706
780997337
917310420
1146154350
1692768401
46887740
1413792472
331864822
1917051739
1359453377
1437681555
862155937
1041964104
831133740
1339926192
181510096
1793498724
94291598
273324909
582304262
1650894915
427201518
731327441
147380319
430865438
859124068
191401056
719688840
104745084
899930005
2102545828
502793305
517593063
1931612312
2004864732
2114666260
132975050
1737329258
1056963342
817077303
1416565360
1308225906
1454656869
1396830439
290816706
1764872723
486808977
38295517
583539083
1545175912
1100296976
1880718718
1332107976
422386113
1131061836
1812690899
789573702
1047683154
1927999692
208086004
264294929
626514819
40796459
554503315
1144141470
68801477
51857273
1828247571
890325632
946235163
1121109339
1626095273
1992077746
823763909
1535594151
833259852
312069854
1862969961
1653445939
676173585
607310826
990042171
179797323
1935502269
1601084075
2031614317
843397654
192104001
240338096
1875018604
1095348563
1850818276
300196682
1797838481
1813981294
125267328
1926195343
1530431867
1621964788
358586190
330440364
1699133963
476121117
917005771
536144176
1611688151
601412923
177808602
1598098486
1393810031
342080446
1955006591
650722704
1482424852
177654885
432339924
917748796
704050199
542665018
501675719
1796682048
846225351
1340270671
1900141778
1159419929
701043175
1482654098
967893573
1911451098
511999688
1406829124
1976138805
442526362
1149588621
91343144
1992742049
1863647494
26351068
29264640
764791466
308111198
1903868734
849043214
193623924
837478021
33054235
1518834309
1600666890
1470837586
1350560466
587777473
595942542
843026076
576772770
1821102020
569578568
1386196096
564721291
90565324
666060349
496592522
2137399511
548874428
941925787
1962816062
905914328
1561276121
1307471411
1701798285
1685888992
1708472974
919904712
1926900822
498779633
966028671
2080231135
1859419924
