1400
41048629
1994648607
1983819971
483089107
1634411993
2125272200
302215554
713099197
747480134
481082150
304423445
1336209477
148557787
2045121663
1976005916
269308793
986411856
2053585896
1934038539
6687570
1162402930
4247208
870530962
916303349
1639028289
750571920
1345051033
2017359273
325266148
494263376
1581063993
1029959886
258076308
1443860007
452054444
1679719049
1255657661
2121353753
1398069740
959806111
1094924139
1485060835
867938153
1213820454
1699668205
1335205825
101840404
922138435
896257651
1184784420
822075505
1106916849
392574363
1372645459
1974731295
1341695927
1817082699
1391349095
2050600404
1716113529
1076835828
2130950598
577035326
818440686
254359469
659628327
293378369
822598921
1403953206
909786456
1793915698
317767987
1874196367
742576476
141140091
299181280
81678368
137836293
1611249094
1244503515
1973252333
1757557407
1023837455
1229988250
330369011
1557204670
971344619
630301992
1848370162
1128726800
452400442
1717798401
1134049172
1235277457
1009936765
85834222
1388831461
206170041
1033401055
1413924515
520865209
310596674
1969617029
608863110
984291863
1524533432
1870552086
162570409
1284757142
1819019466
1704451936
973338407
1281169415
1675593067
600994650
163291705
1507103906
990525428
964824426
781639289
594548117
338462359
638944988
117224190
18610408
566227128
1713570305
1209032889
1056947507
1450853229
1556273502
424385378
233935393
1617630559
293737719
1301252551
762442743
221547238
458582397
381521285
623398199
343958301
1427488210
1107874661
1241096412
1760709330
539965946
1079094294
1425161475
385382946
105634975
1996204982
5993736
1677432861
2061670863
315593443
1903584038
1334765176
1370751271
1469709945
729068498
1264695004
928869405
743956341
1651013340
1976772221
357282732
1826733064
1124334203
1579754060
1249275842
1462155172
639806764
1485550545
107789415
992502433
758384761
721786079
1549568070
1778930489
1858175519
1676348289
1339911044
966296835
677939126
1965559762
761791788
1325367881
1572962173
1058452952
1954734565
1143034713
1640813501
144630747
1909320178
547239628
43975844
2038451624
1664440256
139993741
1831125628
113752277
548746781
1854933853
1626869722
1620085071
1211524632
231470376
1918856202
1397986659
1395535250
1507249072
1655702844
908345900
1221152128
441123478
90960484
1784473508
1871421508
1496907043
982873772
542866660
1970093907
1385840460
1020283434
135236798
2107519527
375547281
1544154358
1262121266
1597613164
404677944
998375769
711121072
542221240
1949734011
1277931059
1419547068
1557947925
1140456164
42010802
358981361
1361844441
1859480036
822183692
989434960
733623713
1432672
2125757087
580663837
439312915
634494873
589861461
662469132
967890087
514179783
1737057331
1139839843
714884124
18436115
1719926975
200054560
66804919
1888963630
584289303
1119104012
1125629811
17858349
1315889460
753441530
397969288
997590020
40909665
1664361364
364009746
1784521140
837806341
1358141396
1620244192
255912610
1344996697
895434988
1448173997
501753260
1953446699
1825835830
302742797
1555168687
1013223180
2063465024
1476017809
227080787
1198403840
1170531804
400909255
1282916312
1677416427
737967343
864006308
1575819197
1774264911
569938815
439661962
2011218123
1106674078
1095152954
336665970
1714030427
1221274660
1072562913
1099859087
1132012957
24287132
246830708
1714148950
1568959401
138148501
1830268526
131806066
1008349224
1146116016
345170779
1164861626
669550685
349146955
877962009
38452426
1995163628
321223155
1361294741
634240614
1368705589
110103132
1018923266
820706109
349700386
1257207824
986973723
1420604722
1786138356
924414390
288861140
6287785
703636764
2097698455
728298657
240457445
297233816
274692486
695730658
1245582124
1766242930
1440574317
617189514
72550873
570441315
947211387
749745461
1082559162
364121317
1055401765
2010701823
1362251725
250159747
1591169673
111913479
1355121579
1477883226
275307571
1977739341
1981648765
606030996
263649958
129140916
726823247
998154639
1197705038
1964357061
517970664
1991985082
298352978
1740686306
993154869
801971334
1415485221
278619230
147241184
2034860200
1930607005
630137379
2065436873
323376858
929281243
749872742
149548033
1124388140
155243523
1508787354
874420756
1670704495
1036159762
1734692360
1313880873
985855070
1240868925
938717049
1382635182
1455387334
1444253451
1045582850
477755708
1980970481
2141453052
309908083
481712805
1016067754
252233793
1375789233
1523322171
1024381710
2137081786
1600917574
987148864
686656935
1969395704
1330434799
1969044005
1130075688
608471059
1366541963
400599450
128440730
634290608
660752736
732260271
1189108333
1958706042
1080251984
1283462375
1513394502
115995391
1590405494
160360703
1688966248
1987899285
956443580
1575524600
2145323250
1074989988
1544660864
1734985127
344709609
1430292559
748995982
1038742039
149535160
561604061
1047351221
1832976739
1541040510
558401428
1494728278
413547839
891406814
1374739759
1695288439
907142137
1744286458
162633063
559731602
476724998
1583649988
923162629
1868935184
1332035922
1626988428
391940152
800714115
136817856
798438223
735481525
522484555
1909113223
1695373603
215362599
1503275063
1829860194
680526585
992400254
606021293
1857431713
1023890255
801180586
1572919830
802816037
259141235
826268360
2061822325
1883152174
2057982483
1614886778
894344470
1980991609
268121556
2047509398
643531283
1195374949
1360835367
48893500
1343772273
1278366097
1765963290
1609473630
753876506
610140139
403780898
1638794370
886062655
1890646398
711635350
1609807340
1641349693
946452316
169967528
1213230524
494987158
1356250522
516265855
1738790820
584995452
1487448201
1859824623
1087980159
1222265146
1671414746
703155250
1898994301
1398757783
1669212230
16501639
1955261029
1490076735
793207372
1949823350
307799938
2091315668
1106681846
23491028
1440350851
923676116
1710516009
1750674877
848495256
478719064
45405294
121715480
1474766465
397727062
638017638
572896494
1022840995
1249433970
717303574
1036801145
402307023
1391758792
176874679
260362274
1114366448
2075824315
2025522518
1617429669
2105714209
1844557157
1480972888
599516493
546584528
1327478964
1995169974
1699558215
1964128099
1266564376
871350213
498073484
1644285481
1759186710
1488766714
1735913780
182701965
488943951
1845949444
26826530
740746055
115617965
1074627032
4456470
1230813307
1292190023
281607651
111729095
797654811
376283580
653125456
1631279843
1611852421
956614587
2093798520
1495249367
784530408
854381798
1245258077
513195500
936694833
936235552
12527226
827903745
1353141815
389297324
294843939
988819039
942875012
2337159
2025890699
1615097392
307317862
689908325
289869886
614957718
588023198
721901977
568738518
299213137
1297528623
1750083182
1653228940
1970858530
177963170
690927990
1851493373
635557714
1724432704
679520405
782098689
1690662295
109455860
609055559
1185340999
535979162
1534384039
534988629
1767172388
2098044601
1819276801
1689259103
1150269903
1317538350
2112317737
1914157202
1467705585
1159581816
1888321591
1940450549
338101874
1783660203
1521528630
3201357
497006388
762113674
851071403
1397713112
1198611396
231601627
1466660054
1716303288
868073158
841801365
1552984537
1141950048
154356320
99657717
1090903966
792629489
978077498
1116540507
352536024
814958495
996123224
472013622
499922642
1724575059
1294744474
498007395
771303817
2020290937
765967303
440658487
934653009
1391826011
284816184
1976353905
275474111
1914819493
950910845
1763495242
1936925639
1021419151
1463843321
1242668251
193258730
487494069
710471141
1237098879
683670317
1371765700
1443813163
128215383
1262758438
461498805
265021400
1246671172
1349833314
1147468500
258954980
576994805
1528767170
767720725
159184434
920615906
2094814111
2008764809
625004788
1977018301
958982304
106698873
1978683862
1720991238
818543440
453977434
1978790208
1590260876
507087978
1883290441
1603562479
1708423530
1240653707
1077318149
2124316737
505592828
1066916936
1597743266
977286607
501578929
1393064211
341914408
521054762
896001558
1856318706
590759461
483616907
980937722
840264268
66464584
2081965908
225637523
453714183
382694669
1131990549
765937708
1201424469
839134156
1558324293
1473989118
1542156664
1103382892
1191872413
1391163297
855138781
1271102890
2139703746
999305743
1150399804
128662174
370693911
1367100824
276858832
1621756034
27804820
2099603924
1764174112
461447895
1544545878
2124878454
636212612
126966645
423652747
1934731040
401111216
277366727
587665202
546704335
293107762
963556500
2055549432
941564198
1801291042
16343564
480781327
302646388
810841913
1780287721
1728666293
659429376
2048077285
1661379974
515913456
1736823782
281574396
129568031
47076655
1516854627
139925641
1152436495
2146394693
1449912208
1688509013
688864324
733313728
1930222479
1081440472
1190006407
553324700
1049479452
141498325
1402724698
802380078
601759281
368629907
1352878959
256001151
1454221278
1406481564
1637686742
1596258833
146201066
409722813
300871638
1288954013
477224975
131986077
817296041
354888469
2122413289
438115406
273026844
1789325265
1212842820
1331617202
1638483965
1993328188
1262980591
795134628
333670310
1098181931
633921565
1714607255
295171198
1097398637
116557093
720149749
1862822785
901123026
1357449726
464703301
358926001
651071248
1430127611
1534690218
932202310
322928328
2026725866
82880688
1604029395
1401763166
559711348
1874294147
726985423
755220947
1751915993
1395909892
1500518483
1533265580
734911099
75970342
400953690
225763346
900649169
1664646001
391008252
1755746747
1525135939
38675284
1041385659
604552512
394523409
967810195
1903963475
721723628
1586512363
231207681
1237449296
2086624546
56781244
1099070309
692963926
573506392
1470791726
1893369161
379876030
730540936
1388253041
1079448926
1667983342
14816176
1404370202
2146150258
439282014
1073431709
1358183299
366410111
1604941317
80789763
219824572
540597452
1802340571
545766414
840649490
2050494771
1995611182
1072813729
11755599
867247783
19298026
1730143877
324544414
277309447
130269326
1873757182
150764617
1322306765
1590615213
1671077950
1159122974
1094054844
431624346
511140886
1333482030
1023354078
147975689
321426841
1069211790
1902599165
548604112
1815103140
81248097
2012109470
950661695
2028505935
1128340012
1266860691
1744731436
2047670146
1881557783
1451046884
1766542153
1679664669
1112730524
1837468605
1310892140
373605960
98872514
1469771059
1952546528
1351070376
1498150855
1905796424
431099003
1680641820
1462261160
229431389
417217928
761097821
833724322
1701105613
1337182847
1563558328
1233057704
1324764591
1666869965
2003357164
1385990314
1689281975
337468061
658041444
671157827
1870815229
281617818
851789556
2123638220
733291344
1021230124
1557821874
1041655253
1762633575
603770771
1891636854
1599880939
364867404
1610642892
67537848
1282188195
1971194605
108926464
777685511
1614051612
478978677
1163107555
260501801
1218432656
1077839720
758446304
2012104528
923393686
216780704
1144249954
1743042237
2014631495
1933899691
1499714478
1584632886
1025140376
1159760917
903579116
405761337
377887617
66837718
779379898
1793695293
1468693910
1904719521
1154057897
1529246022
1489107086
1153050130
1964430715
1549845425
1349291293
1543389397
28934802
1698968640
1008420912
1597700265
70435516
489085540
549094392
42595796
1185796817
1747682159
856420076
2090301516
1747600389
2073393384
1270963655
1237599037
277581781
1811337171
1602839099
2135068237
15660145
1392655713
209628082
1065812151
399022392
988378820
730542131
1401336453
1869150750
1901139582
896539564
39532515
279682362
1006832223
809732269
2063971034
1253051915
631802505
1129644263
36302096
463348209
955553677
2089403532
398097130
899056782
80216190
1130486714
1856955868
235965412
737669279
1794567561
1526521129
218518790
260048647
1298522510
1210937968
1550853987
1376318352
1479821008
1560762815
128983582
130850149
1919059168
652686655
229584709
1577112079
704369725
25093836
1066156327
1628535431
538246586
1842670210
1088345542
1226005107
927654689
763148500
1034797942
1475892700
435277923
1025585375
1834699871
1563311912
1111921193
865733278
1088912501
1584475730
1209161504
417681656
638176149
901406323
1414682738
2055070848
398658375
676631491
1016350994
1487406471
1210620607
322898641
1826131656
40691129
105505345
1160244698
1877688900
337527666
506534051
2120700705
323286798
240847618
1344294564
1401144290
1420053519
1638793640
525058936
1458129414
2091992018
1426028409
527597772
2057045576
52126940
1530069397
332808097
181358256
365142396
1047149639
557028395
1986679997
1570965558
2105906691
125526474
1386435544
1631534269
1385963765
1328453531
586827587
765310716
390294748
291320998
1862019236
1002884124
497052311
6919319
324515423
1510571700
458904914
449905413
65847510
894506743
1839768860
2019203151
1621033502
2013102722
1272252711
1831689742
1322613597
1355775408
1873439239
1299102380
2108644135
362381921
1365898268
1865033329
320302060
445022691
1325345092
526591717
2080311859
1072128929
1951136755
441619449
975807069
630738590
478539953
904930121
1309784004
1680783492
1253918971
1359560023
1133539905
557924173
1640445066
1078335762
873510086
1295665257
1373900016
1570644149
1094106020
1447455047
1687852752
232561924
520438383
487561195
90262686
49720046
1017721497
2098602684
1070510101
957576893
1999952265
1134063829
707372501
659013756
28550969
2098891411
357750403
1545971908
1377792909
314468783
555751837
1096926346
1793084851
1170084195
1046669045
149846342
1151324594
813199036
905105983
1359913364
1817773741
295829680
2117405687
1543534907
497927568
1196050632
2126113946
1258410317
967485113
75957004
1537836613
596544709
1984067721
1974871607
14172072
14312571
48905772
879209503
1719432496
849802040
585020585
488645188
1872634949
766970529
1706844709
1313145116
1283038588
423644902
858991539
1352912212
2033073606
1876695838
1321104268
656736173
1127363144
429436287
1282064275
1146860800
908345702
401316804
668067672
700655394
1790221649
1399230353
1251396206
1033563172
1887288939
1445939680
1338609335
829620156
1841710518
1029435609
901604998
613978689
373614204
1853137388
2012798693
45392528
1142905095
628838458
923383335
2014141577
1283282207
989521732
606419321
838550152
455643972
280934380
1520315352
54730002
919787583
1727212639
693711822
1764078362
163251721
1922090219
176738859
1461078694
680146791
1762810657
672784310
472445152
1398923610
1419227014
1331270643
644450829
322174221
1723153557
511578873
1567402518
530463540
659706699
47875050
1183528083
664878343
1209434158
1319612277
576308583
699193283
336017040
1097475420
873259191
1033526748
1712768369
1444866867
1754983185
223211916
1216713523
108507894
478997001
920117157
1511432770
1922013295
1284443203
1963917569
1429757370
10577982
233961904
834479391
409119858
275279214
1097722782
244745348
1443581500
1240778869
194547031
