1700
595641622
654666068
972515615
53636813
1903977595
1470825004
1533814807
2087909176
1671230196
165415143
705623107
1541215617
818205994
2046327761
196143054
875343783
602235836
281621628
1081748524
1966297203
83936604
1607003218
1325873549
1078275899
339005701
1567721847
1561828538
1940324665
468187292
1926148589
309806284
827166924
1230060152
1924573393
1340824155
2120228547
1219763275
1579840018
336305380
1980664141
348761488
1753104042
1544636830
1802255707
2129629366
17506654
650414414
992013852
802557509
1061882436
2077320985
1994397153
1048981302
1767902109
2045595096
28851739
2109267595
1814554026
1918242675
627773185
1167594539
2132597644
5468713
505358589
1243809407
1432669830
1468286868
316457961
2089706886
680502077
870320720
1852184548
135896130
413527344
1786119324
219974999
821173182
1346954155
303234645
969127151
903719977
314875233
387347310
2081622229
1401211122
1427477805
1306546734
1227322228
710279382
1107457535
996163939
923115833
236675523
210448131
1399811706
1769871263
813361806
990793891
1488839653
132388474
633013510
547729346
1513908088
673726234
1967392845
156979875
2114707571
1023935925
1031258962
821535974
1645954483
975366260
1821904571
1934226431
1455232123
1239838947
781543278
1072444246
396185059
509737825
1908314306
983762944
1805712862
389236654
1248476861
345710222
1012418757
735891735
131319753
300205390
1103888997
1123479157
2055462889
1504629189
1334823786
1540143871
1052662455
518114578
606189622
823510645
1401812144
1641834282
1405124292
1084067005
1629955779
53621812
67185992
1825158833
1333461016
443396077
764241948
974135889
804456402
49711742
2106798027
2072883904
57616319
1415396390
948908150
386853162
264150807
40690320
742037076
1643856879
1173158801
746873730
1317367167
1974757324
752622719
853007012
463898419
991563761
1506032888
2069580988
493480127
1375978960
978519475
1731699734
1107738897
1654743562
1380100078
1422587171
1223026619
1406358541
274857686
693439224
266461850
1386984124
86424163
1083259395
1940485191
208213071
251826639
1201569412
1108193965
1968975670
2127854793
1941364484
1831117975
1950957967
1223620325
878123405
1112107081
1257652743
223103275
1939314535
1612898898
431413224
464116839
781691338
49935025
1692867376
375624686
721161591
2127049718
275127489
2030579430
1302443947
1653096706
1447114553
230667181
432400983
1215333293
1390487164
1186783458
654610289
1122077316
1512695861
2131929331
1739447912
636544972
1713267786
1483125523
1746159608
563713786
280550671
1092216471
1116973480
951773959
801711930
681573448
1530055531
489620909
1388948021
98507130
283124356
1499583505
263989417
361787749
1902829322
1945212533
1027559612
482013320
544816870
1644293518
1831736265
92335548
148712267
688550182
876201768
1520035071
449321952
17419925
135269500
2012297778
1216299984
472280550
1052606735
1023607332
642844028
1894097386
2132686754
665835064
162311936
4349135
994899747
2086710628
1046314715
286027522
455230446
41140063
1745481468
1041845734
234106696
1644916264
1765296716
2096062754
266858603
1517828381
809076827
1857345962
138822704
1452717608
360411518
1565200298
56858024
1452971298
98765650
983525556
1808592420
1021290799
116411611
1348126208
1267379586
1165622123
965483258
171473732
124389956
1314776325
1535216681
1701694496
1935563364
404304320
1724085636
329970315
271262451
1295403481
1354710636
1214164377
933752928
1753375818
320732342
1929729823
1980692374
9421212
309647698
1500283519
1273461902
283962719
646298761
418652703
356320392
262801575
2060534294
234239647
1475628245
2011503872
895153468
2090730598
1143933914
1882617227
1285608703
379048536
1053784215
1442185704
887562512
488779673
1598856164
1014153361
270101825
1730789864
1596483622
1498755224
1386348110
2134416556
309893396
1703267397
1522036097
1562516942
504585479
739281836
1187550676
1937003851
1091617855
1453223383
1790101312
1624765071
745667010
20843532
449201093
296205100
215958424
1028928454
511116067
2116585669
395168343
1840089290
2079309712
1978322930
478030459
1271541613
1891715386
285125984
1432669044
1889304265
1393566587
1807973746
1638727967
1762900873
1103194195
1111226666
489157417
820762982
2034758926
1408228741
1075334525
1683703224
1439882849
830740796
2087434398
324516317
46017766
827491000
353573350
1598756140
306635022
1214912220
965385202
1848721334
933445401
1770045142
1086488154
1144525716
549479490
1400872719
867806876
1058689099
1946559009
1702030453
1899702213
1015977087
1101145018
499534705
290396982
1732468641
1190877285
1591129572
269541437
1006706052
906930632
1795352991
750431539
313210745
1234564832
1183014407
1389893327
1425616590
1241143434
1299366705
1353734488
249610115
1177726406
1351616377
253323232
717883942
651128970
1935861221
1946469813
1975961122
1754583233
1384905974
305603851
1982168055
925112781
690580468
1169936652
819578729
1330994736
1079572924
1573182638
810721882
67267475
1811989218
2043222957
2037888472
1998849930
874999947
1221649043
430355859
339899331
172291411
1728220866
447332746
408566254
236246250
648009573
1874841707
1987461179
1838346594
650437843
1492132217
794830130
1475076615
861548851
1208072013
1038607589
1263128988
113914121
76536332
140756026
965141421
657179401
584360231
1529447858
401482810
1035102320
1524794920
1189209407
1783889154
1884636451
1814429398
1488411953
971977792
1925048418
2066226916
25244055
746287670
883940573
1034634071
606848347
407785551
1228537880
1398457181
717174149
2116546293
1528996941
1466346426
746929892
1101534075
1075804010
159678575
519006404
1299238665
2106209124
1659766610
1040087644
136293561
1449334653
102177243
1342977520
459695850
1133651654
905150358
603479705
246163221
74986077
1673908403
668598997
448809633
1191225387
1754292197
964039173
1682420247
998583204
694234330
1490827309
1991087761
1106507411
869391891
816513568
1770055910
986316796
1379189707
1989954081
239548213
1737616891
755491289
2048584609
1559108441
733531312
1231487386
1304608740
287584548
1739165573
307612897
1405870636
184718575
356538537
484110351
344079288
160426299
1036421557
2097496972
688543840
1036379542
1455987668
1276378920
735347440
14838821
204914657
1847260113
188688545
686631187
2069972748
932957516
1242138159
175814419
1669452437
1236098510
743939026
785796960
1436699800
1433005767
120088895
568000246
1993516955
1971166261
1665102356
2061853927
1958635419
1858975259
1671596658
1751578914
1574105472
1867655980
1659693775
230939107
591897725
1280965529
30968895
1866736361
611891331
1335079391
1820249238
2013383364
1076226219
1414718976
1794202420
1507592639
155574712
1286326399
1693215936
530139163
1648327395
1075688095
1468217290
1166054241
1786361593
1940242975
1455929444
215195214
1465092888
758283211
344898871
45237615
45379543
1787917325
143735596
1527815778
780581283
1846543095
1028385244
1284017620
898414755
824704301
1881024484
166716793
522297612
531724071
575219542
1253837451
1284979518
1949470408
1804624122
190587947
1006722092
671497700
1448890895
1255330200
627058145
674444389
1214283635
184051725
70913864
1642838660
2045100563
1022277954
1893119162
1070570309
1090116495
191849008
23818204
1529419391
2095403551
549298202
1152039008
1920850771
963155215
371503106
1145523283
686623184
811690080
789296222
1595678530
670252556
597269078
1506288442
801772593
2001576474
530578963
746044601
498891896
1020594104
330084639
877332823
598040695
407505743
1236379453
1909022688
1201836084
1965768161
752385627
1152873530
912030428
1993234319
1942920009
1449749704
1804586961
286617876
794856912
1097433544
1335027310
1916356379
1829092584
1232872042
847769119
406946671
270359261
1865065490
319612752
1189351454
1002283480
102594524
660234933
279212336
571889559
900655452
753011368
1210853167
1300732572
1866425429
329118326
1962219835
2058220878
1844724663
794930921
1350502134
1640282943
1068115773
849229578
1600717739
1491053721
654561714
1395231659
1810364392
127722194
1520340959
448473063
2100505542
2014315757
1033184738
166607220
1637865772
667403123
697976320
1572511971
2135213610
1458478349
1125355236
1953872410
1629415265
849865316
331223452
9169792
1557137943
451556037
1350918073
1816395825
925926889
725076006
995500588
184370763
1544353862
1488366422
30750450
1903786019
260638148
1732818993
1308907461
266562715
1975526501
711268974
1979533286
1835241179
1734176335
2106853689
1410108065
775102242
1208187834
462277524
1351917973
1514093226
1971143940
2048787700
188928749
730639310
1825639842
336349463
1497266029
11371223
1819170187
292223060
2048643339
1756984729
684708895
164455484
1971022020
458885092
453671302
721828681
123663687
278625391
115505778
1647263141
1499253025
1364429751
270491860
1004222754
49989788
34530703
351807189
192105819
1805248577
395737260
93346116
148928544
746271614
356352815
379535686
1992452583
2038913508
709454543
2004490001
177512891
1671546567
2095340803
567950307
994234690
2003844653
1848358724
1809349752
1238207039
1335886780
604714865
985029355
1254109402
701597900
716567524
254697892
777599339
1769186065
145628222
572816588
1080405118
871844407
762085433
1789877557
1475408439
1977933376
869851646
747889176
1913251771
679212670
115608703
409701273
972962374
463910587
263500994
349107494
210570493
1479126560
838345252
2046646169
1387389664
1645821378
2080873920
1603932941
600364476
1002276322
364096500
372851217
1978470435
86891832
564529971
76829366
1049793270
1963773507
1919647102
1650436562
1148993833
720215691
626415631
819612919
122631251
67918851
1787485105
1532007447
136599706
656503765
2057721098
401270000
1771655400
1815728178
2006058157
1933669400
1291953105
429686519
926076831
1733169154
91827924
652664743
1002878877
2020930332
817423208
1403542036
1726028452
293445009
11455253
1592171474
1092009082
963950690
2147111770
286482285
25859513
1150287632
1586356781
303872479
1437363420
1263350215
1524019838
828436806
1117402604
19206178
652998579
1433328434
1454717734
1984649994
946227900
1033617951
1125911868
1712643804
1151360509
395826524
1507474191
1841071567
1111619959
659168471
1455346380
1700819608
605437668
1599928829
1173006675
389030411
541996721
1292119012
1279748874
920950184
980460376
564485869
188249035
1169917416
1834491405
1898725938
1375104869
2102303833
1036024630
1811097130
1277608350
1841280431
755267052
1867064020
1583330936
835923090
1993123171
1069467064
1718254227
1974545269
999340094
478300326
506715062
187107039
887879826
456413089
1836896332
1751228385
1340479840
1606299427
125552683
876203508
208751041
1272101474
1186972910
1833685364
1216254352
769825198
1388722613
1194511903
673805715
1198336102
936686611
190926079
463201205
917953469
986139514
556779116
376137583
1745760269
1470421587
1524249895
1666229731
786964651
48889246
1128640434
440017445
121447479
1922817358
1787235057
500910470
1135588474
1699986750
356746448
687392693
354769798
311710780
1025799578
1523786496
1687898878
685370631
2125925148
1563468024
1746893062
2062962353
1664158263
765948379
804734980
1063873639
1790155149
1189684720
555529135
159899177
1438979055
1576036538
1851459563
1835016275
1792729598
571606516
561258170
208641190
1458330782
1846687043
701965987
442006101
1311225705
461320002
781316431
1038693805
1006760825
816973996
222677225
199688555
536532988
1828116342
577305
908848579
646837854
1165827752
1480385284
1791613348
602518293
953254685
344264586
1141058161
1344624901
1975633571
1411547529
319441992
47133387
766250441
1243743801
1016658557
768322967
156920521
1457721636
1334857629
2107540228
447459971
1453411054
1928502703
1331096592
1282054286
2143921891
1101532916
444062250
1020531535
1543766485
664735042
2136291997
510527591
2063222708
1425634054
1618952246
770654479
1980113595
1628930866
1207219594
52012562
940454056
1081190780
1458919306
2106049548
1023132102
1028784813
560805703
1301190691
542252778
882814216
470951128
477406136
1519409047
1829101646
778838186
509561029
2032572436
2013056453
136435371
1668771443
1827145774
690112855
184688662
216427749
1057108316
1370896601
1902349765
493634025
346221687
318164123
1385364108
1953500342
1704319071
1129611270
1160389924
495702744
708991186
260956586
558322428
2108984179
160635702
837034761
1254029729
171930817
930096700
1320776090
1971352156
489009042
1083469652
1057625661
75936393
621224755
1890056567
1313955391
1976438763
1586342557
1403484913
847989474
1139280165
2012317646
197299146
1243876021
1072044340
1988108565
1358519312
1959147562
611619032
1898316814
1877144117
689496956
85883209
840774384
19198188
983458182
1121156846
352368702
1531307528
402974111
1491657250
2108064483
1822629876
593092620
602829626
255888287
997395624
582035414
902861636
1516650323
1037901758
686877120
1625309024
197604597
340803545
999514527
1568285340
1013459207
1818279559
1666144752
1277538200
1600864769
1922487579
1119384576
1478837238
1753521288
1035381615
1057503440
1687179655
693903266
103474731
1012986008
2016448873
188586252
1213906204
1744520121
175848800
899162538
550803732
131048048
1713328969
1626196289
1163278991
1215067506
197254571
150244199
1977313233
113907110
1503741899
1741261560
486286083
487427440
989378235
523736793
386099381
1179328436
1142713242
875689625
994538917
1048156348
1718103716
63208806
1265407426
1491560126
1362673923
534374450
1482389980
1621260583
592008889
223969216
2094273977
862186029
1106122996
742196937
27657963
682651087
29667624
627043631
397902545
2080279244
1184094777
283692222
1344523424
433298131
1580399365
592325800
1524249622
1558745700
477284759
236424928
1481022169
2038927755
606073736
1687929821
850166773
175324101
1398329947
1008567865
2147330359
1808324742
2005869494
1774673871
1561663886
1299069708
1068420481
807917013
123723721
666661688
1493346009
1626266755
840708078
37242175
1032866432
1858966626
813178553
1162439252
2026107436
645483909
234413632
486643846
157636321
1156764700
313755157
1143231389
233741637
1683162313
2030067661
1673561213
310265405
1065199942
1181859437
214751753
633154042
406559769
1240947739
777515338
1278310921
442315891
892813344
1274889633
2140654556
1772485539
524627562
493873382
570108492
526559372
2063703037
688653262
711274702
1470784399
730410627
1484791318
1394552046
225203157
1698546293
2009018044
933054696
1737126549
1913780357
59536448
441236984
1080207317
1004555433
638719398
2023624285
474426980
800502810
1024690462
633620391
1921466601
555729741
1181533562
1522683205
533269650
1284660527
347028006
75442813
261484251
1951459294
919441295
381316171
639236341
1394674716
182923013
1289323665
842513516
1147468589
90477317
128398254
858873625
155139377
1253400574
1631451827
71825297
2122974948
1394688929
511088156
198324571
1737169056
1832689269
1465089921
1516976416
627909741
347206299
100825193
972747075
1269283697
942742790
640490505
58224057
2107557183
846550483
745634179
761771977
1642233294
1735587750
1610331890
1681120273
999881554
668864710
106543745
547765418
1656372434
844806915
1539431816
400305874
1609023592
1657289753
2467409
188473016
1623761232
1563946361
1401522909
1846115208
234045048
1128328451
842709613
157133869
59598934
1199674786
463204427
1046366962
1240209288
1010810505
207769094
1102735964
731622151
121160715
926629210
713728165
710520330
902977584
1291082425
1909890374
480847553
1107106349
794716033
119604171
701131831
1899624191
943997995
1769640138
1778353391
341004889
804188827
1136494130
1696992391
1333458269
617586721
1571970872
30384908
2006829115
269006936
1258212622
857858505
2061390271
279903873
467663456
1407638220
927400061
163295392
1926305981
559357541
333789485
348696909
1163866912
809912809
631124226
97499586
898321530
58400128
573476060
709203133
1547420056
438049416
1625671966
679929
207484646
1631169030
701393696
1455937277
158944395
1805568641
420739230
678864184
1670666741
791758562
1704441847
1944305789
627929713
1196061743
1724201168
103729731
1093104117
1603368867
1188537371
1717205887
715903120
1929385405
1675678780
2627004
1445134082
1994065790
2063807822
966188326
1543768914
1502009713
1450143248
1350605819
1398574120
1900171714
1473695466
871115723
101832267
250568234
1579387682
114231348
2046588835
1697876562
778549502
404154526
1692335175
1415118412
890509646
1576297253
5831335
1870202074
631744726
1753192036
1444374357
932780268
875099976
1240456198
61026697
360938780
1557809350
549421673
542058464
189028516
1807318321
1110740965
1592140776
1783914253
914145463
2045217813
937066125
328858824
1088226304
1828803160
1607978135
1653214958
1277115637
1846078570
163046007
1691426922
535653934
1882879094
1912348937
1678651624
732985217
1333788478
1963723187
256377536
1958457030
1279626781
2023365188
1038479735
515587954
1753287144
1001386445
1444237163
955667120
1164395728
805485678
1420053728
1544945793
929498241
1381033875
1283155423
155322179
2299028
246029970
1878939615
612650013
2084856006
413306505
1455268236
1367614297
354228034
1049785110
906069838
1791647871
1815466698
572713416
718774915
1088368342
16633071
1737035564
7075776
1202893093
2130122898
1475371744
227972271
1440836282
1960305644
582316986
1487320715
444952205
1798947468
1546769255
680818701
1936021739
730857550
268063741
115476593
1450315398
104725252
932219694
1972725956
245646613
147227845
631807740
1087615727
493540307
1529695866
2034522548
1539762001
653970248
1707301318
1929676432
613892941
1760712255
1857516456
305239447
996220881
1474257212
283358774
773621701
1278236424
559614745
1131483960
1402545159
1143616241
1972034898
604628624
91386584
1714348981
603507794
1400148010
433750573
324762993
1154678635
1989088783
1307996884
1609924381
1489264992
1405407083
1271384997
896065551
2125920377
255268300
1171527292
1310828256
401671898
905052219
1997259662
1210714027
1881010787
447096026
1150375666
1603668350
1072952826
2088788919
1914821586
434484594
642226299
181975151
1358930219
1202113706
2088627600
378606912
207633886
1103038077
946773646
605897802
897506498
736614058
1592179099
390910602
1955844557
1308933123
1595755130
1544552928
1259500766
1109202453
143309539
