3900
1942183659
2104600075
1953807313
230847824
1714207084
1127124267
471232838
206261496
807725623
1018967380
1561441561
2039165205
1076389369
84644999
1646159689
912795411
1131203700
1097836061
1863967679
196630207
1488612103
1407866368
466511856
1745451493
1234945680
51557893
1198063756
776869138
731655606
1718974855
1759969512
1365342125
1768838013
24164857
1088684037
628327403
1978921167
1437336230
894525434
26034076
1363111907
1500358017
1203788573
8334325
298360159
623794056
587700964
1772774936
1378706241
1458312174
757946015
120950568
905415374
417155528
1587476461
1885240514
771786468
1816481598
1474251639
330936573
1059866183
1347100183
1257518317
374381169
1280577009
399726692
1308421862
1773116750
1180326698
1082037306
276418592
1276437179
729861631
1611460638
888052289
990966161
1765350222
1149759260
1017663499
973737653
30017220
783523169
59740982
724788372
1229022745
493354155
1041271560
1521022039
592194057
1939060603
1128354529
1082215813
1705865602
1506352678
697298905
1741033163
1630380986
391539612
1549848356
1432628639
351965601
1040863209
1428606233
994379395
915513743
1726334633
178110971
954283584
40697975
1696346432
1961925011
1673410801
936172562
1071824092
900985087
1332204229
873833979
1924140272
113130609
1301692523
1482448220
1722626283
184972895
609365820
1037689025
1329127466
2027050173
17267937
1008617906
243137947
1419577400
2090320081
1711099202
104752178
406815151
362650425
1749854115
1007877046
704856303
456248809
531467757
2139231388
1936239267
463674627
1220159518
1265437688
931784446
129103395
1611666331
1802909813
2099463981
1543561611
500231568
18882030
2020226227
1200273949
1917969681
1535568429
1559996110
1863298325
131290370
800405621
1615536383
445252446
255420208
515186341
2031827281
1255911583
64929120
429818156
279488108
1795534044
481961220
453226148
1716573810
156898078
1328566287
1480410429
1453132852
1111100090
436901892
2083937712
180028992
1192261507
1160497203
813301890
1301032226
828011036
1555820356
811786759
1603553560
447645459
1822702312
1567516278
590397601
1070842134
1666439292
1255402987
1587633904
1176074055
149348373
2040621383
428581321
255911711
568870637
96351744
1203867670
1634308910
587716896
1330987675
53811221
93416624
1295858815
994540145
186709283
1616495300
535886357
2020047551
378543897
1843526522
1222938878
1314885207
1150074566
1923683158
397578380
1447227811
341814878
545711653
2095036993
468410341
1416199601
1609449217
1117138097
174319148
1581121996
1657319594
2000917635
750911618
1120627380
526202228
1886611586
938343990
964026727
1322424339
1583229465
16493840
959491775
201237290
516337788
1993625303
448653613
877861450
1474198267
1829950670
2136845057
903444958
1644825334
18048068
2002112800
38698718
696141268
559358652
131809491
1888385024
1993334838
1115507185
939898358
1789091270
2007879514
338855068
949426530
1608888877
1864352561
328700462
176119698
264317211
650226127
666907543
1009118781
1657673964
278214802
134962908
1839303395
756069072
52592271
53853111
1210568971
1565459083
398491447
1495754837
1964847227
1250866981
1962857504
949879904
1699640181
32223901
893999124
351536777
1627180318
739795620
603903993
1868978206
1703243587
1526260007
961793603
1515796668
1166911877
1290394539
259663131
1815964686
1421643426
1952728096
27721555
181841105
539697973
1473169688
1068469425
1858365741
1356075943
644748773
1595269740
2051917797
1433137936
746904368
1417600633
2106717021
1428881550
567582338
1185550634
1163767415
892433997
584078205
1445244889
1493643530
642736028
2112994035
1125158666
382815212
1092155036
1539476513
1282942133
1836504269
709921624
692741360
986223111
1151294180
298774850
296911142
1093318329
1025385312
439580233
1024474080
1066682871
1291611445
1472487479
2003261217
1904868830
1517288781
420016960
1410665543
1001105592
1543435147
331743459
1458889729
339965970
724690426
1562770747
632313674
1899047578
576013796
1140170166
1086994088
933908983
1290472407
939392794
1159125900
1617468835
1703783278
1638224945
997334874
1560227186
321212525
1763646416
94641336
1227877040
1383096895
747953914
75872053
356117307
939544797
1221621500
613804969
473553870
971745258
1611717641
324069546
64319944
2006346941
1993505665
2025451119
1351280085
17940659
242488803
766048088
1276999139
1857277756
1505830186
143468537
834137996
749273179
2139802412
2138376082
226378314
895448695
1536706433
122519656
1533483473
281923954
240645772
1164486509
861306910
1303788460
1876547179
1501383987
915572621
1294384593
582784681
997217680
2093678088
530045823
265694619
1633212550
1829578245
1579841162
58783379
525339158
1092385209
1504050441
2039896304
1941826124
1741255819
737663961
1564472656
938720769
352282197
806697848
501767351
1980059408
207768699
524289153
2058636814
1911682033
360035623
298855463
1242397957
1162764430
241543463
1690453878
1256710149
1103118039
1017814536
208431143
965379663
666668488
1222733942
668615093
1908733614
471452455
1162897044
930190262
1553601853
673637069
884095495
748675059
1065980347
1964500730
1090529929
527590846
1069604354
1555665088
806623175
1377396208
194817155
1451002024
639345651
1232580721
553907650
956921393
1811242412
620721849
256214825
1034868816
967897806
121465170
1598101814
739878463
1938516479
1267932135
2093280631
300529345
1507878247
1958850820
271119675
1792209308
1655270624
856018639
793804652
589055579
1296318523
396745521
693858073
1735224812
2136551653
116621240
1886386519
1107063302
1541047635
954300020
1227221951
374078981
188080705
460234194
1866234699
566982292
368098691
826758342
1264818450
1086970360
1091098607
303964033
637653493
1414293769
1301397424
22844228
1996469278
1182406314
321411742
585992888
180469183
1349304394
1727363167
755081760
815387290
1297690218
1595436281
282000376
119094059
337566778
1148367500
1936542870
1053567565
24152167
1793954872
1930374898
1409796979
300322133
846389099
469352666
1284757811
611057961
552705860
465274580
1981332285
983014906
1474813479
809736376
1985686763
1302426158
504000471
60429744
913206174
331766028
1338229818
471523512
1311108080
1527396943
1197654249
1144235191
355441069
1802113770
804431039
1271275706
1667210361
867091799
1003810903
1215282216
1373021898
1496428812
1649826154
18310009
2060176514
470029295
362267974
2084744112
1172496499
1577726379
1413761592
936591156
1125669622
2092647527
279788051
1676513698
1852557361
307705013
553989304
300539135
1922154059
478353895
1251164717
592471071
555113357
1935508145
2077684980
1677852932
1517899056
1832617167
1874236357
500037545
149707916
6264223
1039158472
450237140
477988473
756755051
1260875538
2000816222
664115432
2011963501
486976713
1373840622
1322539311
1011281225
1292920356
1586053421
930296503
635344717
785775393
334101755
2071424136
660305243
1013917096
706430057
1797056556
1385281387
2116705337
1573002161
117598137
124303105
1754217465
1865855846
650140590
63180621
367786661
469681410
733166068
2011135145
1321656710
1545549528
1877105534
1605273122
111988515
2078672905
1426875100
49343755
1224065424
1038976479
1879190092
583853331
188246153
138004193
1218001379
81794200
2034614414
980512692
111068831
953703745
279294971
710065892
676607806
650472537
1202570686
1722147279
119419739
695472663
107660305
1208848473
2066692643
826565368
1706459701
37155156
1595326306
688627524
2062719589
1460258523
138269432
397599684
1828796675
1083826771
24792562
1046716908
691334711
1572528387
1895926189
1009967053
1292929004
674705434
321101292
224149639
1003484393
2060146857
391653030
222155953
1557343822
807834828
1967493838
2003153462
707013164
726772412
2072771116
1025660211
74503627
1694306830
1782348794
1646708654
871503781
676814628
1594238127
1945342380
332978695
2100099165
826367169
349532765
536485145
1412567387
404938447
2087378745
2056458521
1702358931
360658268
1019301147
35534995
1345222436
598196551
205209602
894604007
1844641393
218777856
1234183121
1837485621
1930259021
542903585
1750526926
1707770248
1612485353
607741936
1907129210
390295529
2027089734
21164857
1168561862
692375935
1719962167
299972135
1332091428
234661479
1684487617
1660410986
1723087583
1652232436
1317419107
1894872014
658804524
1259583468
730450067
279753323
381951683
1261514873
1284796658
1005864236
134986469
30634261
1704346981
1699358265
1122295452
1108495071
194481728
1190099631
351426293
823979162
1436267887
1429338468
292401969
1766812823
1876785661
338155752
1787461031
471292705
1212509379
220415440
2020621023
1249926303
370914506
4612247
786182895
1851902974
1578506959
851494102
1939603697
1413899334
922967709
1650431599
2100423621
1883698167
2054476274
1933121691
437519863
640751226
937901618
1549585215
2115442182
1332934259
806096797
747705050
1958102817
1063589967
1358154183
944202854
470327517
548088963
586859640
504364500
357910369
1149561234
1366896317
1324753630
1700234386
1594355169
2035768393
743302110
258184893
828091235
717707582
345795521
1270696547
1295013939
310691337
1701041922
311515552
1791617446
169606324
129732858
304256255
1024988866
1574534099
297679393
131846822
1165255190
1780653019
1593186233
1494722532
1656695763
1226345145
1041303503
831449270
901041254
612798539
1917125009
1518268390
1987294994
1597807345
1257118335
1857597467
2102174436
739709712
2081363132
82414319
185974443
1343551468
779973943
1653535322
1264183730
939344867
1856119462
1193660395
484243137
959748218
886541036
1615246830
1661859525
1216623155
982405542
2088752870
2099284422
682829262
729908934
467519159
2108046003
234021831
40068121
171180413
1604378697
1916798182
76256224
1079393580
1009190936
1509449290
1481637841
1586725264
1842571393
252141008
500245988
736364473
492329824
1680453154
1109587849
576381684
1689280396
1625891676
2027634671
848064768
210019216
1242689215
1613664705
213553724
1635948512
1367481299
1340390903
1740089720
1031375219
1398035256
864932143
1787913474
574178008
1703340139
343972729
255086168
709539831
576728325
541834391
156836452
498841398
2096172434
73546818
1982657031
659989560
439809350
1743562447
1447365182
2025798189
410909398
549958814
344957998
571299243
1640256571
2027517725
571628985
2074003232
486544118
1963331669
2003269973
1056517510
222832823
254603339
436922099
1303697361
755086186
951557066
346559331
730443636
374509943
1130560012
649691512
1521953601
1362771308
2047617916
1223371109
404769035
1792144316
1131014059
13672923
1721012154
1213537543
482042801
1604325210
1860114958
2075329541
311804056
1824709993
1951705274
1988809005
437846308
640499284
2075769964
1402130031
1291159690
764244794
1148827734
227275865
248193137
713284801
1514671103
1577237859
176850813
1597297434
1331979872
624837565
1117947564
1705330183
500887349
668902214
518099187
158541277
1077512569
499886066
1997858961
848990913
1213406732
20234463
294538615
1528354253
348777874
1132674240
1759064930
308158623
1144646427
155176551
1275625700
513742367
654056816
1292654825
287691882
1563892308
916196002
1290994546
426464147
409758509
70789478
1818990120
1393623273
570884095
489053070
1083711061
882285064
525021811
391475270
1264179670
1637023348
336146060
1292152448
2097114257
1093803214
1603414717
1233807133
1802329045
1252682361
126117920
117608065
1220662007
739434635
1501494162
1591631984
43298658
874676956
502160468
1970145395
370464103
260206061
1262665183
1922913680
207866707
1987800441
1644244836
138179486
1034985174
1474828811
1463845839
407743917
1756565670
1651802161
876806857
1139882233
1598556485
89411013
1459478654
1168639512
1070181
498633011
142572898
935762959
1880270336
107859595
1799712714
1242626644
109176380
590091981
347296501
1872265860
535348586
1228998009
2046517134
940895187
354130160
324910901
837405784
1443970074
1567719161
1047611379
1780741650
1164298849
1927662292
563636493
1334595502
462965273
1642248501
726409099
245111540
1171971057
93744312
169317082
2040784959
1451436235
1288909264
1195283003
1342430945
99779638
43780906
501062516
311217704
822613540
2023654832
1093429568
1180369942
1767247219
419091825
279710075
10219261
426957361
1339767017
1764326122
315589923
1373597634
1820042768
1436406821
808875331
152801100
207797872
1528099158
1782455906
1939937710
1521289934
1994631809
1792757971
379546060
1751875689
647402064
1625609534
1517270849
573983848
1965177793
597605937
668696666
1781852278
285083795
667385789
91093895
620525216
1525841743
2039992190
942248784
314926768
763636287
205933926
488269541
496591050
1359215780
1354757075
1197397433
1480227585
678314495
711348022
1751060559
1084536044
526455641
29654843
638366775
1948957722
1100174970
1649147527
1159949529
1649342516
676676388
1095381776
1938005533
781836180
314798718
1097320053
148903714
1489933055
158692350
2132985317
1108855873
1845412501
1586556108
802458343
1303681254
1948178748
793394597
502557479
1982335534
1960538402
1140568239
1382560013
1350512952
59838734
1209806969
64183216
342261040
1432825523
1400800584
838215482
611753369
28277903
576855168
609049871
1407413407
1137343816
570316269
1480846491
549839262
519200917
592534084
1147619952
1750731365
258811539
370899448
858757543
212471532
63376644
571478610
1493998533
423574070
735462163
1281686740
780691541
781323593
1114170694
336168178
7401022
1511152070
1369326218
250472021
353975085
46162659
286025629
384062242
920882231
946866512
1609757633
2093253196
1768236547
2112814019
81540409
77252007
127202602
342291163
1194167494
499886223
110491148
1618276862
642259669
1580537236
432956801
932090525
1694151380
1064699225
2048702757
1047418365
1462114274
2040902628
454778642
2136997681
1519681989
384000125
646203062
23459358
589653917
2135396871
652554413
1867559128
93230387
1155524223
1609942826
1208035062
856917842
1669228844
1811971645
523192939
1672744850
2017816563
1391410113
674073438
997408869
687407821
1890371747
440557752
1249354332
188664105
632031113
2018565099
1592110874
1477804221
1971713621
1672036981
2054526575
401406712
1690269151
1677373388
484788859
937927747
401070746
1954463924
931648403
552505837
1801536499
815285301
89320695
1969297346
1950596511
675149442
770435238
172549928
401352572
917128174
156556336
85701903
686286161
736694672
217781275
1060333530
1024350122
872190103
1644679332
742772229
968432662
611457191
1609845420
21290178
1613501693
996149691
629276274
1026585906
1969109496
1625667028
1297629470
2105717638
1970548838
644240534
1118313525
872400071
475900839
215481423
89617032
1674724713
1780913352
228566293
1012165617
2147297092
715979648
2006135330
1204955608
1565270049
1837944235
1809483011
474989332
1712037732
1144150124
612931363
174753924
1576095011
153391057
820354154
916230579
146673617
1689788168
2038639949
1730711455
1849858666
947667170
676559184
1972628260
1116701534
332554349
2132574401
472917807
691659219
1363247198
952129499
122981914
515732707
2100718440
1207136251
84485620
1260736842
738307527
538569329
1694755898
1564743625
1845777332
858059494
368663141
1306833707
505180845
1902715239
1281438259
243048229
1468168656
1585898606
32543182
789099988
1969768837
949875599
1680494592
1927120458
399184918
1025820963
1401331872
475280229
1174996411
1222452572
1674772665
1801246933
1760277848
1719572414
1636526703
1663007390
2063096821
1506808260
923652699
1727298134
1995888038
1393131793
665381404
522032646
968911310
947286446
900148772
1506307709
1032280767
1517467732
731330880
1157862578
1239957075
1878664266
674390215
1785667863
1832263295
1747204710
929208630
1167184210
1351770477
1862596275
1913168292
568045125
964786439
2055968471
1363376538
629095146
1355635802
1310223441
1494883197
174729759
262588093
564311759
2038989290
113679558
18235694
2070382186
68219860
1250814155
1458434430
1362798072
1460836500
1070982725
646787920
817007815
1732662213
1738655420
2061957180
2072533446
451078860
1025471165
1180430202
933549340
2030661483
2103079000
538539770
141785685
54195566
160256403
500060957
557091599
632851913
1448782430
61222624
1579624748
114199534
2052492971
1906107621
881096878
472650035
1919523159
643468902
1332005493
1351082366
448166311
1693015247
2043137535
720600841
650840663
62273807
1679346796
1415417783
335933111
678243321
1705503121
115640308
624540197
895651603
280063780
1706729452
1857461649
1918501961
1236016952
1937510251
1443077641
60569207
280464718
1475908164
682644130
1332502838
1310949794
1704014948
298330920
51290586
959013662
1365993018
1032863256
2108690148
1511041400
1490704567
1733861092
10590515
924276544
427794950
1565146215
561427211
1838644540
818162044
976897729
465093018
1325581020
1248484201
766254613
1157649459
325908943
488285835
642435192
258286889
1367259218
1860910882
323153909
861266459
768145993
453258135
889612644
1258863471
429051130
882940135
505561752
1591066015
56229844
1255044815
284186563
451670194
157278173
2070764516
1460499198
603078850
280688931
1930277320
60617060
1095052957
428270094
712059418
1233318476
1487029958
1122700330
697137492
719195291
3302300
802266944
1393712271
1193905558
956543937
1598512134
982770912
1905344298
891587516
295535880
1251609551
18855458
1638923566
2105987673
116821939
2022713313
1178417107
1720216270
48371561
866961806
675459438
406316743
830578549
1011004714
1109267985
1608473178
177548751
1087658296
1116864606
1480615754
338742715
1666411906
850033027
961501074
1031853218
910914253
1293501034
1608466347
364539497
1124448172
1127932590
1733830796
1299804401
1531963444
1628799401
2041594425
401373499
1169040050
2059568802
1744903544
1817202352
48338727
181666068
808578794
1465618546
2144120101
1785124986
1246746773
2136713427
2128458217
280151236
1917664308
887359937
1615400575
1359548244
553719321
1695592848
813434536
458430993
157245073
24966746
139525640
1413591108
889418915
1966054006
1387153280
1870536486
1162186882
81602958
2002287331
256775542
1815362821
67214294
987845381
171658182
1659558610
393364133
1471943823
1483732382
2027825609
1361640758
1822456768
261683320
1373101116
1210692577
1485124313
1027534048
108670998
1786977694
2090520669
480700097
491033012
646695568
550526297
1449919738
942818973
731675246
1602904959
757254640
1563172470
1772664544
156599238
863452186
1839607450
574011645
1635619903
1700187561
870486917
1280808086
1754416745
1054281119
1651653487
1080077655
570578358
816455514
2091694157
390558248
1578515805
454163097
1559763562
1688232572
296974058
1164145897
1876546143
1902270852
695287944
424284339
1089051428
1622090513
229108531
1042126318
551513360
788682595
960737464
163214001
2048227127
1195868225
1430524415
426631912
1526145599
2021164036
1055964642
1185341693
1408637566
1770347236
921501428
272424331
12476835
1080429196
863154471
2050834555
1921149573
207088293
1880998274
1397796960
861419896
577188141
1506882307
1072243596
1086361511
2122696274
1566485928
1619638123
630267272
1653629230
1807324281
1637437866
1234877469
1472392168
916366146
1079052192
528789527
1715285856
1018762783
293031777
259388369
1230555257
879646315
465106751
1464174976
514941783
1083781505
546367081
386585956
148914218
446535496
1003464043
1661403225
2114715561
22929347
1391701411
2046845261
2106439310
1153079851
581141102
692646122
789334625
828760614
297439442
1976091225
2022643141
1894989633
242866148
1401259558
1747506318
640485979
1535990057
188749035
1627117508
634936214
1471631503
1742799069
1383629427
674267578
1947350265
1670197292
1540820261
797114210
972718098
1314619372
485331718
611652109
1926315829
1321495861
413361578
1352384443
954755884
637847658
1952622877
1815047514
1913260188
1355575039
185153627
1673788740
1898647580
1857162626
955896273
1326347641
1039867533
1359276747
2047773528
1239493959
1176628644
733329613
1766690335
2091353207
85693388
556757021
1835080632
566894789
2093255797
1142501750
1542707628
964998351
700876879
807022676
556951030
1708543305
1949762994
81306888
2144547668
341125281
1977135295
1552729892
1227206026
734991385
1284541434
1235275668
2076812609
1740591764
281010038
2096562787
181404905
1673726646
1817440938
1888404085
640011404
357907770
947686244
1348577821
944395781
305873632
1964652239
1567731171
1819402616
103469875
1578457346
757155815
1934977437
575836765
1475282480
1896785944
1678819194
495855519
1711055312
1640689703
26210159
204397330
1507805092
2028369177
1546448102
1784790275
1827142669
1558907193
977176293
744248066
2033820597
1006456589
1769579459
60346082
295289805
1342051159
371574275
1217055884
1140919102
1764011680
71686301
475371646
1679597956
573272324
167133817
1580006855
1343307943
1262949013
1902199641
2083101946
988877712
658648832
1942657108
2004470098
628449213
1211483989
1314088727
670560217
1319957646
796380170
70742851
1666155883
191915173
1316532129
962894323
670661854
479003912
610861306
728602152
1283015953
1219999156
1990200536
771296547
2002997153
813199892
131893463
854450887
1289101046
123709769
1016612248
1304286552
1244584982
385244758
1221060815
1280270852
954365404
754585565
1434431357
1864888747
1971603000
1469409565
51787776
2107067438
2310373
392608276
1182684511
1774540068
1732684295
2017802073
1588652067
1940066377
519263075
1322648177
18858334
954199394
960652263
706869895
1649052773
1663327448
1043506357
1568494678
1773060697
754101058
209541151
1613888012
778805924
1085220625
1029150666
494777386
1276327544
74484489
2032745216
815077808
893475464
945402822
56771746
1836861391
1672597868
1683856280
2142755230
10904241
598629908
1835966140
322027252
1550638499
986572115
1228539728
126967886
479169345
1344117020
716235414
2142985777
2098099663
1173170683
683613111
401384448
2060353292
597098974
1269948748
2091124337
832162085
1069385121
485380357
390687190
204269198
295067796
1203334196
1740337143
1612829173
1778177251
284316495
2114760368
413773660
1394874279
1723845440
1205431940
539382607
2011345389
139593994
146731015
1238668365
967830434
1224328729
1570585260
299393476
109854072
955620424
376206081
589014378
237882175
158771942
42907847
798026410
669640242
1350402561
2141687131
1217056682
284464926
1682986910
857850263
167328988
615461080
1567326863
1387064429
343762246
1323231798
1760378990
1075538275
2137362336
969179242
1956495562
19521062
482452909
539877749
1624537508
1138313548
518098026
901438977
1268499350
740595780
1739474239
1169024057
865320498
402310675
124703989
2059518196
540376126
1518764240
833221980
949840767
808941551
669800670
871730270
161404518
1710509894
113800696
1134882041
1641401026
1154795578
483710640
1147592422
1512557015
1373510832
272700876
2063888315
213251980
1285918572
2137307393
1955695082
1706953977
2097825658
1016399606
1132484232
172970424
1026979066
201811241
287859725
1749851971
1988672840
365510545
1668454299
424962722
455536502
368473288
1534780631
2085082786
1025179578
293031531
454610442
1196019302
1056656526
1974402441
1818209517
1445930825
960441023
228827688
927449675
528010021
310425920
524867882
1188105826
68217603
1879899644
1337315810
1477505409
472135935
256067981
489680263
1790678042
898640423
1197794264
1376969835
1272583827
1853833670
1721106496
1270838472
1484687904
820798177
1408301558
1289328862
2137436430
1374038675
1538054136
1379878145
362710545
965431784
1232607540
104902258
592678304
1054415196
2018036126
1975720095
1663692283
1283766702
1174592871
387394697
1199853167
1916329721
1685444068
40621571
1984921925
934292162
1347595696
1877387950
1292038764
1564851751
1239092358
663410606
598139089
800377902
36357175
188192889
785472982
853554157
1260164126
1126642778
229316167
698032856
1995126294
1501005208
1110237687
1720434464
936358518
962922191
115809413
1549851091
922614764
318859755
784581965
296986899
1166070888
340702707
2018797462
1863223879
2023094577
1019735404
2136787784
1404161229
910923387
1216363722
1013673111
2010088325
775947387
1277276227
1265679535
1628921852
1971637109
456422024
2137401814
277582650
2076569502
1983353521
439742292
381139392
1391887812
1177834135
1429515926
1703070901
1239650186
1469381902
1067306537
83172402
623779612
371737647
1436787528
1114329557
1364050979
1079650269
331637035
131037891
995901411
1607164683
791990730
1116805665
361464042
294675342
89249205
540361592
658958310
1216399043
1093250209
1752677405
1746981847
941646101
659424757
1662395980
130905574
2127219502
1832900605
25047911
747368006
1911191860
2061893982
1924652415
478064663
522475563
1906290809
1510255187
898903320
696317167
1436783735
382530875
180407095
565979598
998036584
1720992091
879435695
1426347349
1687605503
667784168
1561031636
1301420087
1122544419
646502073
1377800433
1688312762
1827771829
571621880
1689507046
1299603412
542567661
616353536
736267930
1832030583
177542818
1429254711
1187684672
594208962
743713577
448191779
178156013
1535119354
1292985581
1142589776
478943849
1457950727
435050719
1524222416
1314907888
480659666
865531523
1786652192
803346710
1517972963
474960169
1175862277
638645497
1209732553
676998893
1005152711
2088244452
1163468644
1208574360
832471252
1275463232
2010519755
1005119121
1362001786
1038167354
490737000
9818046
1092375376
534573237
454775773
15856381
1485481023
1934634936
222475499
1652908761
1508418828
372112572
812065006
150908594
2098130831
1633788394
100134686
987949831
1942316360
378465814
1929159268
580813252
432741088
980928527
1669937496
1011337753
731466167
6818742
680919693
428108038
758794801
908635561
1445199072
1109555731
481138190
790308781
1538702310
1494646409
561107670
4074793
1766643582
313464506
619570176
1979492137
1864360202
1911521673
496108783
130545821
647291583
807527674
1487530915
748587632
384197831
584212007
888730252
1455399028
1882258537
1770248823
173624064
65893582
1672176079
630175293
1756837805
985570513
1341328992
2076255819
1793150553
2090841336
745956159
542992375
264684186
658920673
388323064
862566580
1725741024
2004241505
1135717407
1008736006
1518574557
1511663343
1271377946
530827954
90540073
2010118149
63471589
2536546
1172745652
1781231671
2142164999
114321151
752928160
1359886285
1609001406
869795386
1929547002
160929040
1308997973
1835135150
1380730179
390878881
1163822337
651308822
2000830572
1664616757
1538306682
526691512
932082122
1273524901
975553940
1610364797
1508509922
474240846
1460854326
1295599776
2101875707
1583252826
1157840630
1409914025
324675959
579217738
330652456
1812030357
1822956313
972384971
1272147231
1676652821
43233110
262098983
2119210136
708711726
2109826083
951970503
879983670
63796291
1837054364
165792760
1169656069
1763735263
1055032013
1952694279
885886990
180669157
1081459125
725210056
891622451
1259088628
1634699321
223387677
1585908998
1279667945
1636524850
380231221
1550529798
130802791
1354615809
547439608
315678620
994979611
203170728
81307749
1115969317
1459089460
1467069462
1164734384
718914586
2014640003
1226488544
808533841
2131139076
1628355459
2011069444
165411469
1096978199
1219484059
950098675
689243763
922294615
1203723669
1005059557
144168587
703886703
488952663
21264300
983548094
428553422
1978015170
1625717224
1325603152
1111053301
1601181763
1504153422
679319583
422434939
129695127
1678532125
1825244007
1777727371
1878759701
1087631857
777201053
1032766542
1001537245
332271283
625477706
237397379
1325960028
433162807
1228372341
183882885
2089741493
1791733346
1529927395
1404838650
327873010
2130814020
1941971717
461654373
891773916
415032747
1864327478
243170629
1878467807
1102821161
488585456
651562852
1046206866
1038002987
1768416251
1351406051
629233917
715926426
1137926329
1418004254
1472128140
2103643109
1740763031
2130892476
1716463745
796206139
1013569272
1443777812
997196954
727904944
1732472634
2017386763
1192958729
1913734712
1288861592
1687781894
2108172924
2060578955
590197110
2018127608
13249733
2121826480
1690682719
1596068682
142098485
804521175
1628204942
132329069
1651726174
1527174367
1539109616
1703051628
607760647
2077582500
581359204
1655293314
1951996253
539303492
1023142112
1826728445
489746745
1162101716
1447202235
1626184338
1817509544
1806948929
1244483612
1778519581
920782282
1137482645
1035518024
295590884
875898954
616034485
2098239370
1307777804
1033309635
1899361241
1692214343
1356728303
1653331009
600406784
1891237462
832860851
647546989
1979918918
532087538
1203057986
644933042
1959038356
988060085
752562813
1335434935
1433680647
688668751
1634294463
1186295056
104594912
1574330074
1963539534
231713330
1032456193
431907819
1660229458
1963536260
992881759
458631555
8814076
1565015638
2139890058
293183598
1898084793
1435643901
1937492815
288605412
179059122
551775949
1435536845
154524477
1908885794
997602778
1067493125
669119303
1968328079
59316532
965054832
1745466700
1419988206
987125262
338587156
2074244592
607026148
722267064
842888907
315593332
1885377600
1354529456
1904834822
147068228
244691758
222621137
452744948
1327276492
1077264091
24832614
342332064
57846021
1679775180
1473382467
168288333
1913251210
1856652337
1845350893
1670430694
1670979521
1084916363
2065337558
448339997
1934572238
972864488
9357868
1868695509
1297450898
205872166
150388314
2140162376
489710106
1588274691
1904894367
2006072194
511644928
1131827620
932141222
1623883067
834406111
1419588253
75998215
196656723
163458212
73885176
2028869904
737776372
2111621080
1265666428
2121376224
2065059181
1203136872
1567848517
935347661
421388335
1924939477
1919357689
1964177715
1746913437
113419721
2039843864
1774925351
1237450860
2113407158
947339154
949181619
1951070505
1640170254
1731858570
1217583817
110665065
2032717153
1358843851
929504426
412965679
1182593540
1441933675
548554028
1075590889
691750979
1771346959
1563471376
1602020484
1410153049
1200158303
1214656550
380693191
1713065865
495181096
219427693
1413664012
1508639394
1358617286
1841923989
1321745771
590404796
1398764602
2013070363
487610135
1073928541
667862836
222556258
898031807
825168881
1363063232
794113180
1399166628
1079294758
1481736027
11161795
443317537
833965346
1947803425
1957633688
1341799011
2058886260
556983128
932272157
578648351
1430395698
381994457
1726015734
1045975712
186839175
285554566
1230112365
1500430674
469259246
1427535546
1293029310
1824070232
1795731954
572419174
826291589
89362509
1907759177
2007241628
1614474144
1822670288
105540135
828073659
630398977
1632450277
503176347
1957221914
328612717
953033780
205044241
1279608496
427813261
62710857
540110791
311138231
2089069039
884979348
623370577
1930998106
453388041
1417112926
815727779
1485249157
442652583
2058758120
1427490581
187635625
1559127680
393942367
1054881974
435441763
1590583914
206323123
1944191319
1581907594
1568323328
816272740
1712004182
146187189
1994681504
442668799
1134026070
591415141
977875174
1693885778
1865759632
1531592261
1978148450
952792510
1296721751
747468621
1642626421
2109358745
449357099
854872755
568513600
1915913510
1292006102
2034434012
1939758942
1381497018
153809697
244671357
1119017121
1356178302
356426391
81495621
1038105082
1560930721
993415931
916294455
1947024045
275490839
1921347646
1383083172
1811782191
522212729
1124371570
782419065
452013723
1306275138
931738741
1339021458
326942173
960848395
1569459012
1494823500
1057856947
691230497
979251052
1291353090
1906908134
1011016608
1301210639
430794668
681094855
1851300865
725782571
1685216509
1238625487
1456088278
1885070933
1656795068
1125731693
2030537816
1299741922
1359830463
1959178609
616410556
618762454
981947772
1705161318
680172129
984750846
1300251741
1374141499
75304193
1033055606
1682500746
1090644973
1471668994
2039453421
980026233
1787869391
1991417754
1436536649
2051184730
1415406765
1840248040
1336880173
1731527044
941044644
757291001
33250437
1688949832
1757834511
1004443912
1473195400
2052874596
487006919
218138434
1991874183
978992244
876397144
2109577814
75631873
361974195
1108307158
154903696
1497047436
932107390
1688475412
1859751367
1475634008
1917726040
656437706
1499206954
397184285
391860288
1932237452
194550544
960821439
1395528556
1497142011
827782180
1045912558
1009835095
1084719522
826491682
1877920866
1187897096
1568324211
1055447897
1665469392
873325687
459050585
1909402079
1841634467
1483839403
29025190
1358014928
1622416806
1154374964
1857918778
267115740
805400290
1796714629
1670161197
760368584
920591769
1293814527
2107314312
936483740
535009273
460083554
499625602
969706160
227912351
1720502917
658805628
693248007
2070135664
622763472
760636548
1013236428
1848082147
1430575234
1478256216
665544321
1853258772
1746402676
1035097367
398835176
1847687204
1910708718
1713177758
597456101
627225550
1242915953
764594443
136737381
593272518
1508991865
969975512
876356507
1084869651
1361222338
1011698356
87149741
1507798634
1401078385
1144703632
319939800
855743654
1937212580
1885875516
225474293
605003206
1886503935
1647557296
1878035744
836795742
959932996
1742673128
1068802590
2109318917
499170750
1840650071
286464841
18566184
1821523974
1654226795
1191693430
1516588774
1805391040
1570659672
1408991243
34961130
885517985
2006141797
1033538317
394259873
2055112430
1952214764
1133733465
251855459
411933396
87507045
1261850879
1792489132
435646955
504830857
403634913
1253872227
72674575
225154971
1672558385
98975813
1167268773
1052878688
353482060
765817328
284514964
1305510547
702792902
1182043144
1281686040
1352881222
1519722089
941857552
1731685457
78689483
463517484
1829179067
263453530
1406200055
1561434620
1395244745
1019348815
1931733602
1261357549
1906522041
1699269989
790116548
1500065059
122899908
115979556
1289974013
180649592
795081285
1239295750
1121824048
957630410
1393721189
534899468
1716563600
243655827
1063310452
808652408
241945600
2064681901
141580837
986731161
288205619
696541703
2070337313
1497309823
1748287585
1443992753
987675618
591532414
948410233
1782610664
1090760418
1107878290
1770382038
1752416436
1704747367
1686311284
1817400625
2066585869
761441055
1402860244
1311588543
1785788445
321580732
358041759
758906768
1270338799
712754696
565013820
680600687
1998025960
1851193015
613810379
1763930761
642497754
1175760265
608444345
1790549465
545426339
1163002823
589766703
953471861
2011176216
1796459136
2032851346
1691093411
601191137
660512597
669151557
258545794
763480096
900024481
1499902512
2037946855
829950768
1703827902
164686407
735941017
744578862
984751903
257642807
1759108539
1578477385
1595003531
1297085929
1029467896
149100678
992548836
1510946310
843467012
1893585939
563790005
1083620052
1253526170
1093699936
1536809097
1242693748
764656998
1669800114
105904588
1679647650
227782462
1607232747
413264203
1149548621
474812730
143910444
332626676
1533437818
298426579
178809911
1353432504
2026116531
324638661
1817776116
232419341
1118425426
158606521
591193720
1535097947
892651681
1033284163
625402639
987184261
1709344842
1714669822
1008908617
1210533676
665960801
400764474
1744029555
137724619
1975359423
1747135768
1219430488
2040644377
907835482
1729961588
1399393888
1437084713
1995142911
1929218417
185664831
2062262252
999241177
1217467171
171031509
1342796072
1213420016
435632044
1701951398
47669477
380721852
1566296479
1286294968
1682760146
1017663430
1925724842
1385547182
1077453977
363702135
826125334
1763214328
1929604249
1675680956
1617479253
1786854279
652291094
1816823094
492853728
1979066529
217147312
1091563602
637519724
2006799148
368042985
10767544
126758865
1796331583
557226024
1226856147
847473751
1088437547
1341254636
2064224041
2119946078
1306708226
629684800
653391971
898345984
1299638230
1565892276
628710894
1388554054
1168413593
1627195681
1633231220
769052478
108054437
296721013
1195610672
1874033597
196344443
569067443
528468553
1107293975
988651397
206686164
1229657440
1342959007
1286451836
1197000448
1747509081
1407690347
726485062
750019363
258615665
328336223
785328757
645722159
1482000741
1598966032
1608612015
321979369
326676445
1397927927
1377391465
1960102628
1842115960
1411431351
799116792
1720689742
1853125184
1979210769
1052076196
2135492102
570629127
1022809193
2069910365
921020886
474704701
1687317774
1444656980
384172030
837356148
574876277
1107544556
1984359729
1724386430
542035417
2071750359
1000721847
253045215
985226703
1379856794
533250602
69175344
1504015899
1206534300
768361383
383059816
425402380
2119012208
1163329490
362944738
1232466651
1053259902
777321777
1268653270
700857262
1446115189
1557858288
1393379583
748088846
385119242
1458791709
1835079516
1797872692
217371519
1161088981
1325415242
1649915660
1296077631
304397546
1832853721
2054116981
1298590552
461760444
1628566110
1316211179
1419573301
1540629913
1495344892
471576655
1659170088
424575760
1644796154
1056462969
1485917948
319858432
2075206564
374941906
983381338
1406959700
112773672
916181193
645043675
1163212910
221603087
1270497303
1641518532
1435267368
1173870905
470247159
1910236430
2078459932
1909314922
657178415
1170153311
693936799
1447303469
1855101851
1223243606
866927339
563299028
161038517
422439030
290595894
1870669179
1089520814
750006606
1213505004
1998104528
163821574
1694160340
1076875561
492186043
1515230585
1653795207
985586778
1087271626
1992948198
1732862513
251615117
247212338
2121115083
848867666
1538267418
298307283
769868804
106653373
1189888205
1863993340
2098461475
1742265119
50564555
1851910701
1942734124
996467269
938539344
1972572612
1234538511
116098202
468753340
290275383
576923009
2044838456
1960171641
1995293315
2058476539
1328831648
1860358835
628678593
452791824
938322389
755116293
1721929361
862935961
996895982
828635680
1902097410
233025846
1545452157
1017065685
1401481680
359078099
1441259732
77076550
272092224
1200378369
1968987100
730675348
212324595
2097295967
1428999701
717978257
1971561515
1409142097
1095172997
1940558946
984092723
1747543224
355990563
1553120721
394619622
1760108733
630062477
116173741
1516801101
132550808
571649361
1174197628
1024740451
653521568
1624650678
768278626
624200181
494421148
673473890
1414993018
190036040
1656036165
1469904417
1987852303
320599564
1666663438
1053274804
486749379
265071293
1172515753
27116288
226829137
1139649942
1655574408
564196663
1172266923
594080616
959772089
473566880
2014954913
995345816
901934295
221718411
2009085211
584089329
661918912
1717767076
1221615083
2089931609
1473310395
323921436
58512521
413703474
1245803818
1250259560
119959043
845493283
1121615103
1535506318
34399353
372591354
1359731845
2063026631
576176903
797398434
1004788939
1689556182
1480104552
383547543
1387819342
627551851
1745321231
877788531
1311193184
2072752273
643482428
1795904176
444416871
30448485
389748559
101028124
364357432
989396977
1286916750
1191021107
7197617
560640469
1210544226
70344343
437695832
181109273
1289012115
837196802
507091980
35848388
22008259
146662392
423357597
823805985
1888317511
838670638
1352439770
185781702
1920399333
2132350725
1133403032
720190889
1056983491
837283581
369216244
913923103
1843534571
1057271416
156245555
547876884
1748601004
1007529575
2060962584
1303885172
1483601248
1468426304
972809565
1790334724
1876831320
1212536066
1679247000
1003385185
1760939447
377115433
1444183800
989568109
2137785182
2020349090
679185669
450723325
797736117
960959934
333864520
528671738
1753985829
1079351947
149755728
1093002965
2097641131
1395930728
935011295
854725539
2146746676
363354327
949882690
839753289
1666962270
367158370
2147427565
1866374085
425957580
1679052111
1163450358
2007319699
659379395
1214627492
98104294
925122224
220304793
577685988
1350604125
154136560
468676887
1501699125
313714933
1256052838
1335822701
87014660
692303068
53277913
7887062
428430430
188131420
2090870722
1134511611
1792080071
2021684356
358854077
417726437
1213957706
809151563
425104766
259433293
1049590709
1323003001
728843105
1509238134
1141465514
371313640
438434787
1574603099
772716635
92804257
1951954160
552229780
1150840292
1395442524
1394176109
314799792
777903391
37965634
227761898
262999934
828986130
87931869
1942817204
484510006
1826561360
251653896
908543161
1169461672
1019224271
1871565773
1309321494
740296155
1754330977
365248515
238704471
1313283486
300848913
282371799
2003091855
901931163
272203478
826249037
128679445
1015734788
44068342
845272501
2046501112
1317618917
1643356746
578990886
1277959808
233375917
1070177780
279481913
1761982043
57744640
681473434
1551799019
2103174214
188923503
1253484290
1572672309
1302420411
2038405704
330200994
1973792561
1399228674
24656759
1790892574
2118403298
6200464
1025752468
98622586
1883613554
1050909837
1237437090
337157994
22358107
605191947
1235738220
391172977
1779551347
1354255545
979030659
1280294883
1942777820
375999211
1899344770
1735315590
1667208234
1371221464
939449474
954051678
1334969073
1253790341
1844206379
2069484415
1855272370
98173432
1085840615
610518467
1733330493
597932550
76046919
85635231
944383734
1208058204
1753414582
1728554334
1327424294
2144944122
1092472116
272717780
2023335740
1040654991
1614551879
1047618608
1654378698
1321796762
1986273040
811867548
2116503283
181723710
1063936493
1105978275
687561442
561205954
1209295489
1845559850
592801697
51841783
1767080037
1059525989
2005297836
1275750187
685322499
1312881201
506326039
149683618
98925316
1813791481
1393315398
1288911062
1414577008
1914517096
998010797
1393948985
653373697
2056541673
818299138
1288192126
1839255963
1768319872
899358563
70181561
1379525878
969941086
1462563691
780026224
186444369
1982732939
2003900810
375262566
1221542914
315794438
1061163716
1070272795
394144728
487708798
1008925919
