2500
664806282
473470216
1460102050
522333005
1109248699
2118001114
1481148220
1642947427
1154761969
129459344
812038488
1108307901
614867960
1742283743
1766590820
1293433506
1084917358
665240205
1602207713
1611539676
115937777
1792173185
931118212
516172968
1547892107
6642457
1594842181
1781849850
1294070833
150067305
1084549146
380833551
1185314399
254733610
188648141
199317267
1982702807
1258277718
285724565
1702977691
1864927961
1711756078
1129883686
491516862
1566392258
2080958414
985070342
992137466
1405819584
947358359
94615914
34426932
915073866
1572093976
689733167
227592558
1344552073
832355286
1373287298
1410712878
1492164463
1043027209
762921304
137032754
289799319
201933455
1053410156
1536618558
222359250
2014584610
1086474311
877249582
1932010790
66565548
1334613630
1952398393
864144852
85792155
392166275
193134054
739510042
1548742398
888054295
556230887
891902737
1805334233
1129279400
1142963953
1251098819
1325273982
1198353301
760353756
1476175698
1874464923
1092988130
1212646881
710575944
1629199206
643616934
1570586298
640712116
280872817
1819605027
1750448741
616918415
862607878
145575742
1346754789
1078733547
2060918612
2014583344
2028680588
1631595628
128026069
1809075421
1293764405
223233629
906593068
650618853
757745951
1245866849
1393344574
1834377120
1712384722
1569945825
2057506068
550324813
497535068
1262880688
1459428822
997430724
1755556499
889144977
868650559
1657341597
210603924
474012863
1468804757
695582048
1087994431
283563074
1485281073
1653900829
393153515
2132839453
691078492
337685734
236249827
507359765
1679327008
644898320
659538997
1942504851
1839677449
1657047761
1248234129
1954849177
1435135169
722950233
257679270
118525642
2024280057
292689367
80657454
167403156
1067408894
355711603
1792192370
21564385
1962230096
1355869276
1324413054
898524980
288239453
1253477939
1789080924
1488733969
37110683
1746392455
515462266
857064349
1587061991
814803314
1664789532
1823832125
606548276
631703638
74732265
1044499975
349401541
1766798924
184881158
763907524
2073679847
1254388665
903355280
2027485912
511721560
286685959
2048894574
1981461623
1640546425
2130315010
243280693
1890689179
597277126
327393735
465405358
2070978168
511456944
2006317472
1180357560
971948000
741445266
1475133717
1639849248
1455017147
293687766
533533454
1049150516
838781876
247496261
545547099
720747919
1315018223
1207106523
771683046
1697550534
534540437
847798210
417255257
1822957750
580955965
366279193
849107145
1354250995
101801383
1317546147
811159537
1337258330
1108407145
1820390619
1294953626
1393473782
452660292
1837233715
2095283192
301355897
1791175668
1181057017
1409681000
1698659951
2077329300
529732694
44727912
475098188
1549195266
546775472
1526593095
1813382175
1324365019
1641940541
1562795661
1576593939
1603532105
447962173
636701820
1982287799
702585789
1690734161
1711884234
492932141
134661892
1972745249
860922196
869235783
799485357
2034218516
378589513
258517778
874356541
1230944680
725704011
161563096
2077363904
229365243
2142848704
623689850
1883809176
1800212440
537264385
1036483998
248110256
1120837105
1439887351
555216620
26976227
468219167
736783733
1624816035
266631054
1095834786
737761394
597461641
2087828122
905890464
425601818
849130963
1505347935
408406026
468490334
2334759
1804816274
921902383
1638839040
1665396345
1698336404
229279098
919378837
1252883971
744337254
417246282
1860417131
831595819
1208556898
1743696122
993421936
782515020
1147988049
386134738
758998659
108325115
445918819
1534272976
759394591
1063272547
357011200
353611396
416595165
1318788512
980657264
1645102733
216713224
316591832
1921812010
29616312
333300364
1919583295
2106020853
1720583408
121928664
388663594
1059243683
758709541
1913379184
1828078385
173526036
1278863739
523162929
854981460
1441474403
734045087
1167590189
576810406
708386206
2061966333
1775608019
1642602997
578037124
2103375343
443099607
909413349
162505690
941517706
463173532
488305461
1848618020
1387100734
1809737479
1109730254
2073480200
903108188
1105528491
4974132
111860920
1737238702
1102794042
1842298815
1938415032
1597182330
642144091
1010727703
21485202
203715935
11939435
132184004
202293786
200708436
2006062781
114344777
16351059
348018433
455632154
1631058111
218287356
1658491174
1967840814
1497491816
42027684
149376989
1851825066
1248922821
113869828
1402641399
2046196594
1831516419
1403978349
174814409
957813970
879338265
918382450
822350654
1624455198
145237716
2049085100
211842628
931394391
338909119
157464826
328873940
1668227550
1245173945
1846525309
344106947
295141824
1257864307
786187424
1296839101
731992790
1153871276
763628246
1512310698
1741978517
1918410631
1445079315
1455233015
1986345199
1550927317
1286498611
1139623902
1800164241
229119204
1132109416
1050540253
1142414967
1953925764
1202260248
1412486314
222133494
1085635945
380944218
1134158249
848769399
517748238
2051350766
1099947623
1926476581
1282559696
900026439
1632888572
1036209328
507861990
1113109917
313614366
2039103945
840129584
1868924989
955722837
1122090592
712700106
1896767963
902506410
951077958
2099404232
215209956
1574497356
1130549635
136729197
1337400967
746380944
210704029
1426159875
584495730
783057158
59298976
608030643
480119582
75305258
1471302740
375441449
450974948
63531850
1097949939
61026412
73282624
1972909817
1188186503
1428546249
104500920
453204797
1627433774
2004106768
1010458029
495041201
65036915
1195730358
1887799524
1234450430
154056839
646793874
32950437
1912013327
1689594663
957250221
101486449
479733771
1328986790
482195865
1706360024
565474807
1105248294
1265131651
38655924
815503569
740838536
808355668
1649512424
1018989213
1109200369
1552020370
2068466042
683361995
425377280
763023745
1757670842
477152989
115480810
460534956
1041647241
1305888223
1346525855
1526357821
587210787
603770158
1184646666
1733350004
288125777
2119305386
1244115574
62793669
1390057313
294871808
17080832
976334908
1359117701
921725309
1010884843
1522457733
1366159780
956135620
437987865
10907237
2069882274
490189093
1823266416
649949112
1401078584
536556098
1212355318
1579348718
1576453646
334274565
1557176082
1196792870
930700911
351727141
1644237372
2128212122
1019124518
35550539
1704372999
1136815776
1094032394
2022329967
937141510
931819311
1687227341
356841395
34608884
869584026
1217176242
307576838
1188911387
1405047752
1049145500
1727036521
620229432
1939602497
2125770537
1772553005
809046955
318826658
413260913
244052128
362318989
843066847
255253621
981021499
43014876
1970824470
2015192156
1202774005
1888662481
210698804
14871467
1060949618
22780969
411399557
1780836242
1972206937
151455172
62526238
1531251734
670645826
921990644
63292303
1731467053
1809623769
111227824
1086815173
891134664
926769084
1036123675
1729002963
2109505238
99615186
1023756932
892625010
1885016933
492997192
1292307168
1775755300
412437470
877386371
1495202765
1229551243
135628701
1252104442
902986408
1285208941
1436915158
1230328970
550692002
1755417758
1963767536
276427223
479296526
1017118195
22259381
1838308983
563205865
1566708254
1294446397
183143923
1539560826
1522678428
1798685249
1140571607
1246633994
178626528
1651940451
1778188693
475147702
362885593
1753542331
1726027654
223531549
915963873
1177981133
1411548242
1342591915
398940477
2027011024
98498467
1182599869
885470467
878136387
971176086
1520797256
708928260
561712163
224844099
1113013256
1629422457
201524602
324924392
1445772484
203933503
879156263
1616457353
1654027353
2082502729
430452923
538822482
2125393502
1603947105
1451035138
1278306527
2088347093
415494703
386222183
1639745178
1918196315
1823311541
979639975
4456618
764079822
1821386884
1706464670
702222513
302108688
449475319
603985098
1888386435
54714917
1919071196
684062402
870979538
1863513927
553642907
1764958551
748256825
1913507416
1886033377
29141252
1665476967
1389008891
231094729
1147173689
1391247511
942867995
299155914
1438060462
1579136417
198566280
1723112473
1831936925
1771383181
1763584110
1688904499
519732114
1573132379
1316467774
1084804577
203075014
71093593
2106222708
744662934
1871508532
748986329
332720166
1356894230
1026033411
1079310083
1695536441
430097603
1766784772
1790875196
81958302
394604615
1988378403
1070739721
898802203
397738631
269969285
1355761688
494296241
1680413085
1195855766
1794788537
890531439
3014982
2052130695
1255869862
1408806427
347550713
50652188
1640262351
442994145
625312402
77237989
1652970005
842601037
257211560
245179024
625672980
21254155
1130426678
1290292068
297835416
1810133568
397704692
584020749
567274536
775964888
173009124
1504178509
910267323
522018493
1079803725
2031044535
1641178151
1596430360
247119567
1902535369
2119700180
196499599
1482523969
1998251220
1387730985
70791645
339937564
1199011859
1200297112
764287234
1442617737
232007857
595733588
1589585448
1087776500
1109378946
126674932
1183701324
1590596329
534467552
1713587257
563603858
1773258936
1052798464
2013269679
80321235
767925585
1684787515
1003719139
1343069298
1251637237
1485100586
1569610179
289566484
934330874
1526398249
1963308923
933122861
398729027
1444053173
1657925011
1942667116
246247127
68742858
761797944
18898588
2062324348
45796498
529549619
1485608415
621477701
873676575
209234732
1976144736
740824630
1471069891
80170756
1672602683
807420864
1943654690
1932195913
882414231
1994385630
2041891544
101469396
1605291127
194185755
77961809
2132822698
882905390
461556009
803248612
2025653012
850258070
496084111
987851257
1810997150
280240254
510099373
399299395
1099083137
664703742
1551790904
81047946
2064364320
955872627
878798216
2077680846
145165115
929377780
915237621
294669525
714934560
1188475338
495381879
1339869725
1304127006
514681853
1003724245
748505430
605418519
1338485480
1588210428
2029835502
1393662814
752785280
189317858
49131308
1790614924
865252005
1778604736
618100022
2038899514
1488051119
591052511
630147178
1925648021
39837397
1737321182
349372720
1159862552
1189776154
1437805233
1050700041
1772435169
926044442
1838449161
1642167544
1660961677
263219374
1095687484
218543998
397735367
591626158
435587252
1565024981
689445967
789311413
1325888033
1533539283
1680220574
113278138
479571960
1391094603
676059162
755276636
1433326138
1189396679
593792857
1936277146
1669134879
294868223
156135105
702623435
568113986
1242917679
2023103364
898754440
959890142
1036364948
215655300
453639629
1208895643
550023562
850047496
537267799
1171605174
327849174
666635343
621622256
951548451
956599500
763254133
927860116
53291857
1539542694
1395268242
524623064
1065794938
97056740
1603086183
1490428924
1422002086
2038317397
1240801941
1839230025
689599696
672446537
1555656991
444075130
333769689
332022257
184902627
2097972854
1902673866
44836078
916695751
1055258162
8710345
9493458
430707013
1325516665
2065154876
1830940483
1125417813
997717051
657561845
888068214
340154507
548522841
1884008649
1520560894
1895360845
1809530356
1825548130
529549173
1504864866
1515697796
224513917
1761465702
1953501714
807630545
276781326
1905149509
370574083
321551781
908149587
1820073632
845906464
1371403827
339022665
2051983654
796520852
376515911
1440503158
753447024
1952519556
734466043
478405859
1525047744
716185674
1983459847
721681476
677885634
210699994
859921345
2014973347
1971062854
1091935371
1479450830
1051550555
1351247854
861009924
464453036
527402703
489611967
2141134572
1226211002
1753838330
1445317602
101513828
1955392946
489065032
721292779
1740280607
57346238
1607358714
946570597
807638551
1009795056
1872632693
1009935326
713170916
899283978
2039681043
1808046293
1720046123
75852985
339119760
2127185173
918630151
1952767542
1427957883
216937643
2119056797
1714526319
214438193
275210415
1917547996
635651231
1453264627
886602178
116520321
513137578
1338716659
339639090
388365372
1369906345
1894520243
566707032
1887612643
1429506826
867395727
1149843348
1291986288
1652749446
1587117143
171240956
1719844241
620265374
100376088
1677319939
931837955
108151216
185939708
234299616
667622542
635330039
509916231
330377403
1375921581
2032380535
204289877
1512412560
1141077423
1400889121
1592135233
842400284
280449697
631590029
747172879
876797738
1194076794
1291917487
818944155
133125697
1623269131
733152922
664072467
1093088087
2075810606
182436796
799068255
631232298
1050340810
1965473464
1465927485
2083336618
197521214
1193575787
1376406585
2036581466
1007152301
671787853
887893088
1931521043
1774820622
1953904517
28001167
1051767720
1842142439
1640864585
728595466
2070900284
158659239
1083125734
838440809
232216838
1505434394
1209613614
1593851518
891029044
286285028
1049921556
652138885
1871138469
495822389
466249714
659370246
1341295683
1274228611
1976526343
998692114
2027216025
655894776
445342364
513887785
662661770
1183559106
826819548
434116051
339788082
1984430352
462433309
1173837254
1783113094
477696478
214185900
1934520662
1010956547
24594209
1945420733
1584616621
549856189
557290730
1537489892
1796181498
198280835
1955714918
1329426679
953167015
144930226
735999966
640055006
47278815
695745155
596400316
1215892262
1530862824
1488559667
1852836315
428442380
2046486833
828275673
682444048
814039546
2117683586
575822426
1631302096
1737602900
807817825
1658720052
1193800178
234153276
12796878
606759129
1792144776
837840453
994959702
1981145118
1250531244
51915910
346198609
62280479
218792451
1041059593
36325940
503301973
997743075
1722220598
50673812
19477534
2140943210
1303483492
1262698946
1535661163
1648643879
2072854587
169557795
1522368911
1086790881
420828617
1362233022
1713935607
801802548
1415122088
1948400660
868209358
1150324956
114216547
211150911
243391519
1160387846
248188423
677566981
1943775603
185673861
1579394470
70962873
528190490
1925917383
872987903
379609411
858405218
106220757
1346123536
334611404
1650646141
657974650
703637926
2105163511
1736650867
1481424201
1421400698
983267935
176988959
1715968837
1108395335
742362493
663715501
290691270
1982409540
535090801
1828264995
18595290
314484868
11836409
2015239712
935552335
1256542709
573928607
142193167
1735321968
1725029453
21657431
943381279
18716665
1992903186
1565537087
47760579
179695134
813703630
340291864
1619467300
1162157285
844246066
975550900
1602450147
1804785196
198949443
1952950300
1783933319
1414160280
1939698752
945356854
1412784432
169471947
2104733439
593530912
1392670251
2001293922
1976191711
1106630717
1076265516
292082707
966138268
988445325
1343972999
81360625
2067582118
2044294243
1782243000
923758367
1622436742
481107317
1756830164
294643203
1195594286
357363842
1253334441
1724581904
1030338231
564403214
1218228394
1695766396
1805498411
1901189564
1155959883
1930643838
815985884
158633721
1101502116
2084710938
644261804
874558836
1433167289
586762430
409554932
171215736
267274412
15363082
752803276
1801030493
1499470638
366513850
500066844
19180648
355147378
1066656417
1603957642
929459033
857005122
358227704
1987749279
1692113341
1608978722
1138496080
76555869
881850105
819109534
239698050
1180527848
962826276
1927709859
1675904606
1133158292
1917053083
974382504
146523505
1845459531
1724508611
1633160919
592550232
1098628281
1762499598
1740999550
403215098
838279314
1923130899
1950695227
1985936685
1462884233
2143327736
1275627487
1528113421
1207865941
1022488799
767911943
226574966
2146373072
1347750965
1307949338
1165060988
1982605934
19246088
510813589
1914511734
1013090664
2096524730
501459767
164030609
281850878
2069427740
564094414
1557086456
1183041687
96725679
1722704009
505012762
1130344939
849850977
886157656
1304837967
315614505
801307795
8460714
1918653621
825599918
149426702
1056666260
263109127
996728283
763620708
161619248
299040842
439378069
1347951349
1006140988
1840338247
295099542
1509449982
1774223261
130838548
1344616437
1203580932
1624054516
84067576
841711680
1979440020
1682172891
2753047
1767989657
2104859061
1831258587
981848989
424092577
2030979907
2115922654
1010495422
1020276998
972819726
2124352957
2097113873
1375741243
633376468
463481794
342447389
1413702270
844969144
1514157013
475831391
2121019414
844299843
1523403681
1597585924
559767924
1662990343
1087118147
512403302
344687441
1980101285
1320525369
907647266
1637716594
337331195
38075854
442565589
1284913639
731663939
1615754357
814180390
1041144211
633934338
624440986
1092446139
1563136891
2039481499
961439244
1308794885
1393992469
1752985968
374016877
1592905850
1105410831
276341250
1032526060
1733641433
1827253138
1578421766
1955165209
992250539
1757450388
1344525354
928581812
531393920
1696450485
1721678150
787931745
1614953053
1124593498
65008078
2070761332
1845709980
769747996
2020045109
1205930635
1960960527
1442183033
1719173823
1757506855
2002794307
928232869
604137842
846506597
1836772294
131650728
1046792225
1224282162
308522578
2071900525
1153487478
1595167330
2144153802
101418755
44581905
902421676
1823040810
494117998
1578836467
720448743
1616576819
1079192314
417677766
1206203682
1786464950
671699995
1183619750
124110455
1920281651
371081328
1562467718
1944322624
2035716290
414993775
1616958665
1301468586
861472917
1915089914
1136397558
431258302
767734967
53554722
1089684795
1388184409
1222671273
821126691
102180526
1795812142
620398118
970517474
1189135862
1911730775
1011090042
1320874911
1785817707
1833860808
1122447555
137829482
1068179108
1600440221
158251106
2033679731
1467156756
2073495179
82658040
726285678
1565428624
974484067
1264869575
1103081475
65809544
1293468033
1108063750
1419115744
1548306013
1882846205
1849257375
1281051893
860192787
614540616
1355609804
609190194
1519717770
719611833
1864173653
2016309477
253933520
1838130522
730459406
657174608
1223937
359566081
1391794381
499703182
1320622411
718371561
1266615214
72317099
954697187
1965458863
470568670
534200375
2085356251
1012887027
322121895
669128924
1649219083
633188713
659695858
716601958
1232696354
532520021
1085340980
1455515471
1783791796
788095537
2041380045
526969299
43030073
1878868417
1150338
936909533
51385891
1210428911
635305811
1181593636
1371030137
163610764
1457105173
2140541540
701291489
1036661970
326585483
117046116
574327849
1472211184
1084801637
168467669
1654002821
1310779660
258207600
2132037063
344606570
1817411845
1975123789
1344323944
684246944
818861825
780266041
2031207729
325816682
746196344
1941389402
1149077293
890063399
509537660
718159432
1526031399
987912363
1894209741
22948220
1149255091
1497679315
1274987708
61010998
1278302460
1631839387
563133319
91695574
1776600139
1390985712
1878878142
1233593180
1850361398
855662000
1883055323
698254198
696767159
341617298
59513671
504429199
618433127
1906136564
1989599589
1633637247
1271742606
632379623
373368468
274319290
159615146
107106308
473916551
237017812
1797803434
1566219198
668768898
511967195
1210249125
959924273
1231359787
409224320
1162209857
1364639306
483334793
1154696896
1074922146
2083863359
173734110
1993879436
1264123482
21500275
33727495
584480737
1722343614
1550364591
1756542697
1001993598
2114499062
1509978819
1952798312
1596173778
128961790
1212562627
1582834927
1627927381
1098954115
1392432536
548813726
304499074
540047122
2085688106
1731144880
739315984
1982040541
106875315
1880362750
545192929
808010339
108233760
1437830662
549702123
1113507635
1136264312
365823616
225823934
2141359824
1888062204
790275781
492794900
438396538
1048307706
1391893112
1845371522
1940258845
1117606670
1937193767
1458522392
812910705
405212077
1681411249
1154272140
798475774
760594818
1449082222
253341017
531840570
655148147
778858941
805307585
1601299599
1293352113
210998696
2076260497
887869614
2046208952
1584658338
1893302939
660700220
374666123
1932126839
2029501852
1792608589
960636970
1355951939
1980397624
1430655255
462939812
1958242409
1036210727
1090845021
636352061
898208565
823238683
278057857
2108878722
822315595
1815435118
998949466
387559020
79335447
522929065
1695672388
1991018679
195944652
1968406958
2012929489
1987530569
2021936343
240337933
621391839
265885165
1718213371
1767038954
1675715985
1546568688
1621586536
1188634843
1061424934
866610232
1798147523
1822745795
1097751402
179531033
1147860017
1644560622
1165473554
1805605204
1793621133
710307256
1186984327
722184181
1732433697
911522488
2140368011
991046790
1966825603
1010879320
1146016183
1242191713
1689844452
1639701271
141250813
654130704
1840378187
562874725
1593599587
922381148
941089001
445230736
273164659
463370101
50244695
2080880396
172171775
71067761
609711321
257050777
30975853
3857090
213425498
1825205761
252233432
173404443
281793614
1047497660
1711583377
1771506744
1947936284
145906600
194162571
1844661280
253105987
1301492181
52602509
2074204220
1816643254
2100070451
2031884020
1230696004
1591154646
166384517
1410248466
718322821
1586095394
500342551
1670275067
970129589
1671707152
1498804467
329513992
766406770
253531573
861533877
534469978
830007788
566113352
86898992
957879197
253455345
519201437
72653022
1836685934
235591118
1980356309
1730171463
1639454667
1908437023
788468817
809781829
260219472
354630914
1573573698
546988487
1149767454
892538795
159611254
360682239
166938743
375811493
1117817148
625447998
1816406980
1296840195
1440427694
443073985
1334702127
337777319
1598342271
18965737
340006006
1009823676
2068604647
1383532788
1289672019
1927199783
1905037008
1653696222
616573914
1066119801
2002367289
395402705
1558336384
1348691898
237695871
287656892
1794693286
1635476789
202754629
1346087116
1405955771
1118504853
179685208
424995939
1237306876
1034905554
1257853363
991279426
1819728515
1598819161
309096953
366629186
1055085195
1798921127
549102732
942428718
82166661
198305714
440448127
521910649
972786111
462383868
648518780
681324816
914200006
931700328
144798305
153592620
1629076237
524341450
503404783
487003871
1984923066
1060783758
92764563
952292329
2144967066
551313923
433719180
727371672
168597398
1532924956
121915814
2013814903
2102693094
109646863
2079632507
1684683416
1041885268
423387226
1351802004
1394324521
1433860315
181437893
153545028
30953957
1766257740
2138911062
879390284
627874376
842499382
1025214183
2042414660
81081115
1789255868
515031754
336807190
537740453
1630561724
979411129
173963707
506275518
1845871173
1850641698
738031841
832197670
35299981
243571973
838348708
1479125038
1670309495
1988840975
1675213965
1479860571
1789616146
1324158764
1092866769
449080974
922819116
1741197468
1987322951
101614433
1548953131
516217791
1335153594
1118598053
1930687195
1608004700
1708191445
1627871420
1214196153
1836236787
2080764139
597490833
494474729
1035859591
1342917853
1172180755
2130481878
1606539920
589889396
1854316872
939557183
73464158
1500916073
393341670
1167967859
1950102353
1377350167
336221530
1935594071
1823427617
8319356
43438182
1900129658
322388750
1489789440
1539731174
1075154729
1739813697
1339186178
2130397771
1092418676
1527938034
17684103
150319003
167603595
1897656426
54735505
1973457629
1445297316
422039748
242289870
81808399
183671754
850709010
1408440410
358914860
1140806517
2146319927
1271791686
664728617
1092814889
424875085
1077760754
2115900292
1473006000
1255035200
180122276
1471142575
897493209
464680921
1138987499
181040017
1365054773
539537570
428979111
1490927012
1590281294
331659986
352106252
592314840
1799659338
571384813
1415604470
1123610233
231815492
720586852
438672981
507894807
776818120
1043110883
360339128
954358069
1866516097
2043853084
1853089221
1533804281
751848034
1835448951
1777608377
409505070
1335579381
466115075
1739240800
1594707620
1651428105
866605680
246100322
2071381297
1842689373
388085265
858883969
1460772388
346905040
1348442139
1515013396
51769011
1225817331
438181037
1045229738
303413159
821107942
809097378
1491234313
79671965
1979398338
761932449
1041852213
286745761
1147084440
1350455942
2102968109
1384348840
676315289
479023656
1271401415
2083747227
1243452712
1688835404
1838291154
1987937285
1022819232
1959354879
698184002
1660275168
746007376
783618400
225702425
1512035018
827107715
451677860
1697801326
1354455139
1969244115
445751460
226041815
1909280352
335915521
412252453
729199743
1571174134
1256084777
1297354211
1631952190
625393432
473449749
1633597481
1123416616
77832838
1943079562
2022939974
582767403
1298782314
856060535
1889492783
1088315707
654575414
1100853986
1652200415
102162759
1069695234
1550459515
1072236219
759787194
1176832051
1530688897
856211401
595551494
7117534
195265869
924964057
1799801414
464357335
103259542
923271342
2058109403
1389071002
264852315
1451164765
1495860660
1490792322
699196062
1764937378
889055600
26132589
1694176485
2062839119
1033135203
1969551409
1763749873
839697354
1251910604
1452015476
1454729924
1033243895
902800548
375927044
1366519164
1861034602
1327781554
1525294584
2143835571
241929615
2044118591
905021806
917030608
1891327709
1244941902
404632958
1416593041
1261817477
1789907782
1401984757
2108748808
1121822089
547947771
842685004
51150362
849767605
2139203678
377511652
790888756
718890296
851045053
1410266161
402859434
881412440
1173142393
1776377198
1331631741
1898304671
1940205096
94215690
1899480701
1063261070
1243997474
998608332
411287530
598768752
1599833040
626931100
766474702
1274007328
1532176501
634286757
1389966928
580107780
1387130503
1557521415
1708288295
121658738
1084914088
1830624649
672114157
1736399922
1786611482
151004501
416290349
462292026
332564479
1498691374
1843754922
408093296
778912833
789172505
1537581751
950859523
352683080
334235455
78551085
359321028
1804977020
903749979
1984305244
475979349
1836444134
1394113822
104710251
1411240999
1136332676
1023785926
996454692
2065325957
1953842624
981546588
565165434
1978576097
360999454
156743956
123805597
1237624219
735903676
2047576217
546879577
753793038
37098088
536653079
1926616391
148695048
1211703502
1396082681
840138390
500098784
1970081335
1212395160
1699237157
1369043943
959782126
1300828136
942852473
271434842
861729042
1288265638
1417367912
91861866
1187682790
43109163
1951696516
1569225604
303015151
1953559966
484656307
549631365
2008168297
167328644
248979355
795418995
572993935
1269776490
2143054272
1350022843
362174372
774226367
380682818
1027767323
732005718
1990702007
1933781862
205334594
1132979925
837920151
896051364
1518242348
52313122
1687907808
294544580
347126004
993338102
267591289
1945264316
1161759789
1546020994
1563050181
311142623
1454562397
