1300
2114710628
1739406177
2057407446
62126103
1041750090
725405965
128635203
320868375
1308560905
458523965
1387127187
898785380
239631446
112297267
839896853
179039063
326700732
1742978987
1274207594
1129714990
1667053704
1071520055
1969647668
1673125139
1134659363
541124427
1808695510
827186347
26426333
2002761185
1424727342
1577849090
1560407621
253973268
906784161
855665185
643512082
1393107760
991019827
830546955
708403540
1486929277
839789999
1535239699
851322219
1359532050
275389126
278047753
959605586
2030849069
714439444
775648795
1485050957
1352718981
2138042678
1736818791
727371220
1504155562
347113392
279233726
2124213006
1492195283
1639313282
1758298411
593315846
329626564
709379601
1030719960
827011896
1179851890
1928684328
387948508
886923190
436221814
1691398195
2040861305
311484459
650658689
109020522
498788053
1521821822
580797622
614142145
1815464043
1600002049
771340288
462472216
1734328740
406129727
1196265632
1900694153
410696527
1040317082
1229618070
1292241005
75154771
166040259
1997368246
1609113618
472459037
710764982
2088464092
955515015
285292439
1246440045
1881917756
1260551222
1899494734
1951912361
1331780075
480274004
1786746709
791408447
464799615
706460156
339176635
1695936688
892138488
22890419
651830523
64451464
1118910607
1920003181
261777596
1064476474
1975839489
1992707808
1547659637
82872282
901687545
299050698
208810549
1882822611
1102179463
1994394177
1791803222
37290626
527394992
734577827
689692476
1654931174
958180627
815346770
409262614
719292600
1510216388
1745858910
1985995449
228092787
1314779171
355335027
1865961053
684676297
1089738065
1042395250
461608165
1848192576
211849330
619530817
1870666169
1333919752
382253503
1247454623
1103936316
1138334335
1796573170
400560054
1156197209
1121143103
935996503
1497423071
133631980
52530466
1966733138
517113532
1345841903
441900552
1912505484
1970229812
1578879660
313816449
816787181
423591487
1972290033
632299845
2063256905
1688336816
1250633778
134880516
1227142685
1016963473
1073390156
376173754
470158363
543426418
941093418
933850936
718557899
1234091977
178425738
1943830482
1292782097
1994405881
240453566
229982618
1410339503
191960206
3089953
1568077918
384801538
542316477
1950672077
1127947242
1180848751
2127728460
1625498565
1077111320
898442817
899631942
1039870623
616824909
532661725
457579481
535162719
1131314927
305933866
344184687
632301420
1051144884
72056698
1562044847
138420291
1372407574
1325471742
1576298775
281435853
1671364883
556595533
1266005256
973735930
1117978820
991851593
1528012026
1094848819
572492786
821566677
1464602075
1884043345
1213784119
695600817
894388346
1949484110
1559203189
170346961
264347707
538053842
1750587354
1094438402
236896436
227461856
1535320666
1613193204
1214741657
556675466
1626628163
24841280
585310996
302042388
1184403717
2138424685
1843224378
825306174
31211620
1340952165
1231658251
1327976390
630657662
1833988096
1700067539
1091691389
461788373
195261580
831501388
851852613
288332137
1937239155
1937192436
503850725
1243895962
1006680552
2022280826
1902800125
1874828057
1082353276
1194035054
639186821
9874600
344440119
977942885
1023355643
804640369
1699131638
1690380881
1490440009
1474437244
637110149
1838019359
1809170712
372841634
399134298
1308258166
885860685
1202174219
893818354
1996911090
278855152
1364269419
1146451833
1668940800
1915390415
203323943
1355931633
2698183
601275715
718346799
352986337
470956421
1259259485
504311082
1552277676
1042259716
2132897878
1204082269
949163552
1316375886
571755831
1095903742
1832623606
1968806501
186361034
236926969
1348721066
1775087822
2005413403
1313807928
1811132690
641827952
538676751
1667965618
252368206
430526914
1037345187
2063521242
425807401
1871881124
979668074
423509171
789925326
1910170095
1033736686
133104404
709315816
1389455141
1112323391
2079176191
184905516
1588469612
1510941152
1439172111
1428631423
660975095
1221876557
402985219
1054495870
906238983
635319736
131380500
1237462001
685182693
959419912
1795090999
1537871870
1708164635
1501231763
2014061740
720122562
749412741
532793958
1405075404
1439544063
1551429575
1526034100
1629318975
1127282657
744867052
1191916095
928168587
1981765122
1737889732
672393679
1123909105
1288370819
1881893063
185099424
1852339572
919216297
1704407125
320578700
645320473
1164741838
1183143096
1669586404
806864130
338448785
1187457067
1657487494
70991826
1717230539
1439166508
1171883851
1314947211
2051753661
2050224708
101142698
871879507
2036004872
865799034
514604800
955271425
391742713
49794402
733536523
1743420057
1659952429
254027311
1141727487
1521046014
2077147255
308579517
794689195
1501158706
1517320609
1515370640
1620463059
107685993
277996632
596696910
1791770573
1800347742
1751168882
2127461087
2012476218
1201503281
196418305
885495933
497372137
628207553
1672512332
1258794414
1164203009
184346296
742643171
1532557240
989684578
266667339
1178457446
1676239104
1420169359
875148233
631428553
239988838
229894153
273182860
1362016469
665697784
1440345560
1417193869
1124217402
612201070
1140712585
251191163
429675463
240405731
1289117242
1468387255
1801544192
579055977
312644761
1211410002
907014092
876232386
1550649660
436811927
1319453509
354119014
1080683902
1304512278
1699873132
1532277956
237130528
2137901142
608183056
1415133815
171779356
1569929815
655044683
1334642654
383182362
984218958
65783163
742967479
1886993068
1375188567
1589075727
985600309
954415249
517650506
16084450
124529750
502496990
264271798
963294128
349794851
69539466
1814037420
1352394485
1469916665
959453924
1995540748
786997112
2090851400
1417619807
758897738
1677691449
433089016
273324445
2054228873
378332684
1703893323
256540325
1517484302
2116306988
1899686193
806383253
590937549
1753655099
660902592
1077547597
372216605
1854255324
1985550423
382566101
1670055195
1675978029
465836721
1446007951
2011573571
951909153
1985493062
1397401651
1051079816
1912081736
377795324
1619440342
2042387764
297340252
2137103929
8276478
1769919852
1065222299
622564791
1296506857
1030853116
990413931
910687018
779013179
687353667
606739078
564837636
1222089651
2097798453
1689631960
303473772
1757882518
1377849269
284670510
1177627537
2140650235
465222300
1580522011
973265854
731738458
1894634097
1574029687
207434649
569389036
1805244368
2128858802
1648301583
921393691
973056274
1863042484
1182842821
726946220
1552800966
1318872190
607143354
1362673628
199156673
1261225757
2116524791
213230770
1761686453
383271964
1854218207
704131109
1682077886
1502382335
1154463708
2062115364
886493303
619118003
1236231945
739603012
1305807867
574779890
1128495503
1098907847
1931540833
632688735
1295986914
825626205
1794946996
132553617
1947597588
445561940
1192890131
598405668
1117794241
640406877
1646580865
329571054
364992419
736828771
1960793035
1326389408
297335290
1360620025
269074733
203540370
15135455
1784185390
1450030146
1502478386
871125435
164153211
75934227
800179390
791789533
1126671755
694194012
1296381035
167538137
1421068959
1852133974
174196885
1599769190
214443983
1777499555
1743149059
290472159
1899936026
984603285
5481505
1657683534
1590433326
264247956
577449170
354075001
195348930
1275365934
1156090933
1098264440
299725597
550292238
769366980
400831192
1662430408
1315673645
390242308
2253193
1210433066
793347670
1302707457
1375038429
1418400572
1278142996
1016377959
1981141275
2124905516
1990041056
403169224
1092951958
1522611977
1211363081
1355125045
1043642899
1208598232
1815184700
1158451852
1720133035
871719942
1113019618
635768069
1884610762
1901440265
947624429
1419291235
1853735222
2110226056
709548362
183697924
1865406952
1898318599
751758301
1946897534
531425781
936610825
1702170616
1920491403
930566675
566804946
1785463976
737145824
223318943
1031551887
743648021
292696012
1015764465
1725065176
257142957
2118286318
695137723
1734831279
601670251
789487638
2136119880
2124662853
1566295544
1036330606
1937495130
623687863
929668206
2109475057
733266995
1616997383
1879436473
115909784
533317529
2142632336
1469674869
1980364296
691450031
652026022
899180363
1657151052
879526804
349295214
1656604594
1272720977
725138709
686915834
2147015262
1017854796
938942647
1014511611
457544698
913292149
1834421978
2144304352
566826081
1924671946
782066465
675346289
816523480
1672606388
1751898926
1539170682
742774324
1779410844
1110901687
1837907867
2137254736
258571254
1823715305
667607283
40344269
790169903
296023797
182265881
1280450108
1454463676
764656291
485464730
365256470
1247036041
1142470063
417741274
1614326408
4584803
1803686262
86352632
1102670400
306179752
482182348
2009593595
129034155
304356727
143653429
250514266
1497896327
1657886638
1799601535
1761698367
472015564
754587507
1947611876
835545770
474518607
1123974822
1439569066
647137382
1513924501
1173005128
2047031778
1144153310
1750055978
551166976
415294448
668010125
1785923420
1998717922
575378839
56111730
433900732
1824640811
2029219938
1684968233
536502764
1069352791
1828461652
1838393803
843593656
2082330357
1153643507
103908887
315157785
729943682
1466842323
1872053771
1995729155
1010002130
1619600398
434069430
1494744314
2062292507
924730812
85766023
1581289166
1569231276
2062613095
1876513333
1156041582
67616040
379825671
228475831
1052598507
1079657871
632454476
2095761527
704987339
614616708
1632328864
895130888
1428417014
178546558
791463492
734654140
1360116570
1045088142
1238626488
1936202589
1435389448
1882968536
962825224
801782297
1544345492
1420091709
2026637690
1026452266
1551012807
1434082721
719218844
155250916
14694395
109975409
789745183
802426562
870280191
352119735
904536633
203141832
510479685
982823198
687404613
270394670
24836385
1358130024
1388049364
1495859318
1352474247
2000734328
780636605
557888073
298031206
1484972990
687264704
1519567713
1207046267
2142196422
1566822389
1931782109
353544357
1236892196
85114134
1946867414
1226550846
1828661384
1490585836
1754983370
1122063105
949255164
371586711
925470306
1493987549
487591239
746603656
1443177022
2010075867
1134060816
1351637824
209600356
974227449
1863563120
1309770500
955183994
49003866
511371455
1913168492
1641138235
2121048252
1718671619
1254950015
689542470
1992280649
996079955
1133225801
236656633
351252212
1819813614
1292767640
1132024573
1922800396
1529008219
1437446502
1000716103
1411036248
158032146
1182581355
1873089628
2024080292
1832908365
332250133
1223315408
674990238
223763117
727861196
3663504
86528493
1203587820
715833144
815346765
688890251
1094320668
1268724324
1319404550
1001067991
1605569836
1591408249
693561491
2070404029
1493788779
1975761726
318430302
507570549
1256252138
262482395
1303030175
55460058
2130234046
818547482
1478466485
1671575858
1926619472
1119614276
1017050585
187552154
1889441842
2029159188
217429004
545590090
36344990
895160603
1133777891
612125745
1181121475
205653127
1392108579
414697599
877463530
256285028
1103404246
644216153
500589415
1931622601
1255161837
746455828
1348390387
1949062887
368837053
1325096886
2133166111
295950689
1061402742
1991196704
933562441
1340540399
117380430
727790600
1990555141
769849328
792175601
1343733376
269119360
1512283990
925274944
193067383
2055017612
2014135821
1460356521
211500831
859003801
1843961755
1403758781
1707203828
1429581289
1082809809
2045728282
1721355585
715377507
1904168940
1344699231
791968195
1838806946
684067052
1269664420
756450844
561474907
725552460
515814021
1289003307
1684478615
991726010
2070027850
1763729616
1412146733
2142933206
1972239983
1648239270
542095982
1986585136
2141673653
1325201227
654023264
902772711
1370792014
1651086322
13696490
2041912589
1689458363
1872055536
726545840
2098613228
144700158
1726617713
274306918
478975081
2095469212
1050974142
2092315248
322456151
1476587949
1915562529
776129485
1617967930
1951312718
573114201
2114200182
77737186
83935603
1631346969
1226537828
1206707223
1738141010
1603702225
518682250
622637443
990459874
1904294708
1640311257
1070827940
1056676361
1531684726
1924368050
2093326839
2061984893
1594549425
803407219
1729337175
763654148
1053303402
9017828
99294292
176297682
1070989282
1612378076
565653446
1433137949
975562518
1439755910
944298701
1976461437
1620471186
78153189
58816153
835449808
894681076
51626492
2116516758
1366574013
126030792
1891772287
1051645671
105781324
1704075701
1275091045
1339935049
262466546
564373408
1464860609
1666665567
894133137
1538388791
1928922589
1379140169
1470334491
2132833246
628427999
1542630035
2094906803
1066751266
683029687
1948852569
1887412111
1662263642
829040598
863954211
996375596
225602213
1215983313
681190726
1870772100
1264549633
1982532956
1372084218
2079648105
1230512407
693658955
2018203900
2060043739
1962887827
880108708
2052329228
726387948
1031075648
1829435466
1221827441
278905734
1097070296
1905903812
2053901972
1973220179
2006959838
1423916751
1424598998
1677079304
1095464297
1822347083
315464369
1843639968
1520601924
1160810335
1922260369
2124326821
1235025407
1110839568
1232699353
1059030428
935799370
1073121147
1672939529
2041597433
382129729
402862682
1881561715
1208183918
86391740
1055200118
227452615
1017148273
589175309
1203038738
1272241935
563584048
1698156836
1973319485
326972783
1401753323
1958773556
577768080
1778786942
827126586
1411792630
611800484
1908798400
221857885
1199059441
84707629
1343480208
117605653
1868751589
1145878714
1420144094
826015902
388068438
363103916
1361758564
1736253996
1811738043
1944852804
139330404
1054890437
789745336
586503815
2003222252
64020514
1882859845
797796331
2118299903
1161314119
50693030
1041401746
210839442
2117902897
619823759
2061439959
77125321
81849708
906222504
1189800880
1862348951
2096603102
1932070904
1176769366
1805140268
737769895
1406430566
1142923247
2132678489
728821290
