500
2067331303
1626447062
1090894708
1494393709
2072994417
376245367
1021749981
538959025
816123629
588484442
1422875146
694580589
130492567
373686590
337123974
1640271320
1136104903
677533283
1939480127
1098477373
1148150682
430419880
1174816288
2010031250
577517556
1131460160
678393813
1395907238
283233279
625295495
653360206
643729566
742944301
107232704
2038261225
203317001
820087977
1468459808
1425309491
280461888
250300228
1472089857
1222295629
1890814103
1885080167
443285081
34196957
1245332372
102707276
1802971013
250445487
1327714389
1491840072
838789094
1777527512
990998363
1676524605
1491789690
452133100
168338629
1838982007
1876638943
813802764
688923005
1697999958
639146604
640308980
462483897
24359704
1950728551
79912902
1430419200
2000779217
1085488918
639666403
1368762287
1563883703
89551005
93215203
1051727505
853775455
2105855779
1788796689
1663550567
150516682
615810271
66123543
986756954
1905245471
1453541303
867903946
537746206
769920484
744783740
1610810984
875735475
16383080
1089974442
210373017
447814503
617341689
1529360716
1553533848
2144558929
431370650
295118131
1458779885
1292098298
1710983349
1492173284
1717143088
1504310046
1566169799
191749018
354929341
1490033610
784963385
1541584989
1790196260
954446012
1084218393
1304177962
490374568
603952505
1366077584
913048135
2067494724
1280482648
1712211854
2078645924
56236282
827505789
1133660477
921435402
434069976
260964104
228468129
387049361
657288547
906644090
540503922
1634565290
713767306
155510037
1575304432
572521180
1892805781
218285675
1900254142
737334435
648323885
1665314720
1799477709
1214975508
1778108287
1203899441
895832230
97771396
1324150497
749050029
25728789
1608622758
2142781451
1039586492
917582643
313394872
944005472
919026260
1421092207
1055820946
1498541953
468336232
1719829015
560351999
802126657
492247211
1561793516
2125724397
1356271569
274945139
320734794
129846309
318652752
707209331
1133483963
1645772936
968999628
1518114630
1805046567
720720206
1475708016
1697273770
1648186317
975575687
1111644759
401310868
1718947284
503992416
584722885
1092949359
2117673404
1077623290
1537974429
1413095127
1067365823
1576793761
1686008437
1972361739
2127485143
2123221571
914431919
2037544470
1644325974
1420406958
519127968
908832498
112793249
2139110032
2124900952
1656499987
830750029
1791013294
208629483
415807109
1943996181
474514649
607543957
1902906337
1236035170
289143892
87488966
431928439
1779706822
1667839498
493716301
621114340
1704468379
1257663008
549217795
1335334262
760882349
796686025
776611661
1454242633
1168925402
1590604910
784464208
2121004920
807696387
651235910
1648349492
1486023536
126530604
2061335246
1154549141
1534177608
1511938543
2086240043
76706856
1505807103
80210403
826100846
1016410311
1899780935
737309870
1785521925
64142120
250406307
1826944180
1457827718
530169176
892327626
76853462
2145005232
1291604393
1085330496
1862903509
1829906831
485020025
2124731855
1821244640
2009923075
1253452491
2142766264
1744927936
1573537495
1158463300
809460787
1808405911
1963247626
1429522951
1600078355
687498666
1944560411
1760775639
66547301
241651133
417190624
2134805302
927349859
193301036
389869773
405995373
173230675
1560827441
246169610
1288825327
206770512
660215157
1967718956
1530026775
223624840
757597769
1139348393
2146290187
1638388475
509213802
1593626615
1706111889
664079192
1307517710
632372584
1207680901
1376391433
324585130
1142129194
506720248
1733065
906766290
1544986611
1079793295
1916559402
2381125
1417443381
1993397103
995474439
1997344277
465770721
1251302216
482992707
1062185966
1884770426
870270310
1373193602
1522210143
1181583722
1889673745
1740885557
1044363301
788656146
1560877360
490668751
788040571
849403254
468045711
619771924
1811552746
1706593282
893245007
197200251
1688245301
324342812
222273587
1827625226
422963960
910667721
906494060
184817702
1172894047
400181161
583086289
1439143785
506365780
1313883735
717512583
1519656693
684051267
2090186134
394708539
359829166
985158964
530424214
674973553
378717864
567244809
1695598170
171021661
1892734842
1159171276
2047705767
1025236996
1796733358
1546273785
2010781086
914623346
2006208298
1545142377
260710827
1473867168
12872416
1525692781
1421376037
1855985025
765174012
1894573250
177616437
2120915118
1392910050
144501055
498077179
6777155
1648348318
490969194
2146107002
342537544
1083110217
419115479
1801008664
1400753127
370388742
1512860713
598231071
203230274
1182606952
1645545562
621390456
745364290
1872071339
1278634739
1251375106
2127700538
1991630919
1889877850
1431273130
560780531
1599246043
2035491203
1610256896
1227816896
1509013904
1015762981
859711712
1833426595
872177606
1559979843
410796263
1742109216
234570865
29434376
957188824
1827229347
2129698621
1863722351
1251860163
1895070240
278893554
1649594928
1082849517
872903407
1236431784
1377902405
1967553815
657147137
1204864109
366509065
1037845299
1165121970
1020662053
2098969227
484305888
1113768999
2004517644
183632209
1360313456
461642053
2027831423
1437845157
1199227646
721014002
1971885704
2135216543
119292604
1295194220
25946089
1328825713
10643609
64579801
211773036
846967522
1114130221
1011242336
1008702049
1119236832
1830492857
2146049430
503743357
2026408174
1678169614
1496035128
554498118
