800
1989651646
1395206094
1043499687
1365241893
1996660653
1968065717
2109272951
1483577880
530113188
1474149356
1638360963
1481934238
2125469270
751965549
93393806
203568446
2010211340
1482813962
1645811840
1119993122
316209223
2007992246
2137484031
2040097760
657622357
1370527055
1803761924
1201486336
382454938
1443862335
683399284
396821238
1182151026
619135955
1147747529
1510311036
529552332
895045352
644675136
39004119
686862691
270628584
1845278621
1472565636
724193545
912644203
1482646404
1397160356
1583641644
874875630
979739893
2143964142
1310609816
147227847
92736288
241897579
1901582102
2137245554
632074549
285875001
1807250578
1134351340
1020423161
322438400
107801944
1992779550
1573355600
308177861
764752719
1149533510
1735909698
590936543
557533315
1960419202
105313939
1674524602
250358170
1024423737
690285131
775955082
1932247049
397847024
1680310317
1506840000
1880939712
928251619
1250914998
885869374
953563597
911526461
1044601342
1123162706
1191019711
2047648071
183048637
824598917
1247900031
1436374905
1592186912
1484828196
543937419
1422541253
1421114162
396491886
593805605
903332853
1124511676
983156724
1201650956
2092442516
1920759521
514057161
1187768534
820421950
597179764
942742242
130039618
1114763341
2146269403
516659311
54318752
1104591777
629919307
1132992432
473574056
158056785
1943060722
2077547667
1014984472
775944984
485025663
328692730
72935821
158082725
1063889753
648690589
2120701052
1777898034
1871482430
317371013
245450907
43528139
531953786
1764331923
1035972458
1838805702
1141477280
1550691152
275660313
747729701
1560941742
1276810321
1270412964
1482152493
1227540889
648811386
1582281527
1227232863
1436442769
131553879
542684983
1437161511
43479397
503514386
967527063
1662178846
1332377773
270983988
1080777625
1598281850
655973645
1313113961
136259888
1633095215
770801171
1808375819
595064122
333981972
1023756855
1548556068
1227275890
932888974
1214930274
674757313
506856232
2072085435
1095050993
1879780780
1585548143
472294001
1019942847
1511186087
1980054209
823563492
1166301522
1333316016
1541139312
1273895392
1010174620
986070947
1642549153
185369788
301860736
1258747666
842652713
86724744
1833514709
333292390
1568389944
2050751962
2003656732
1006327440
732153162
17642907
550472214
1217046600
1383957778
2019046977
497017168
1967105664
1268072544
1425508258
894707168
1843236324
1027803971
2116548437
992584176
656624124
1219355027
1138023569
639084530
36683010
281004460
437298491
1119590573
1452200251
1948516008
670738739
1642557944
1950371768
1049109090
1601390408
849077314
673808828
58292210
1042237767
643232250
1250072766
1733764517
123441199
1388319730
1609621014
1358069641
971114545
1004202452
1528736813
1486248365
989914520
1309241016
365047282
1196319209
744826906
256292850
623110009
459768561
546924547
857947014
1062602283
1296190885
1702488637
1160486515
2070771945
2041605164
1660877727
159582757
1345179822
624302970
400463638
60427250
1371072539
2108206567
212225934
1191901676
1341346914
1438848477
688817699
1321525975
477011340
275347223
778560930
315490917
1741307358
1333051852
891561591
1963377070
1402759955
2080330891
1788550009
1635138405
118728214
608937574
1867318689
650726292
1235358571
897448287
486748469
399320273
1612946333
1166152912
659544246
1993240394
638571201
1939212059
2014204529
2145775204
493398507
1544745050
1554285493
526102479
1966532133
908907664
266771938
2104082566
1334141381
1887598097
1738416630
147287158
1558975478
58079105
1809132866
226886499
886825227
912852457
1629949382
770189434
654062400
1058032502
1450646974
1056745292
453728900
1883236694
294578321
451269395
1909634250
530659892
1162122982
1859546300
987733610
2146442266
1323999990
1659703353
2010262060
1735852883
1340724312
909585446
254976460
1487082523
1401324724
155483957
2111753732
615073038
1341271043
366222981
1195378448
643139951
887764114
2051277826
429591652
1564279625
1631917951
193733804
350922150
531381775
1139720355
1353584280
534121051
734687325
469056336
1587679099
930353717
378193528
1046914535
1139466988
732704163
1898230915
2145480474
253290539
1126573611
2079084788
1524095146
1000726836
1322886628
1602467360
715638164
1957836776
1181649049
729705964
1455934553
625790355
465498945
1135600158
275420324
974016557
216806709
1937627172
1343847223
1206982866
1503096639
279966407
266829163
7246377
1626277168
1834302578
1375563488
1930110739
1398920385
1383643439
1516270629
412727275
1273575121
1534984591
502515745
77568336
1375389520
1277092917
1205258234
1566710475
1985148240
1629687946
1499481824
1665569874
1911118791
638240995
1343761219
1548614876
1736433982
134585509
1747997231
680855762
626892849
816720565
18725849
417452002
98998218
690219813
1561526216
1483209726
1390486435
1614545539
1799162348
1460436546
1482308636
1822563155
130227526
563203838
557416052
1172457503
464200066
2033562168
683015591
896855719
1239627481
1147766532
553441815
1795537165
1574015402
510533087
1215996329
1833865435
2062262227
1539053021
609777860
318742780
469070900
1296155592
1474169368
1162698677
1135246084
1688182929
898186849
131965369
1471182431
397164211
265076209
535606062
2044051990
27838777
1015429002
916683575
1388044392
1152321865
794653093
2025301252
607079895
369227092
73212480
2140066661
546151847
738838085
1295421168
1044240830
1874517572
1961137899
1891693945
1054670534
2034713834
278169833
1835383783
852117340
2122719870
32797697
1414162732
848480185
1182211973
1706826764
1546216580
140246604
411222178
1056763640
2011856547
29767249
36385421
211831614
1848394126
207679771
1727159868
1670401535
68094110
1240095059
550913450
894708072
1722999021
1471331443
48539551
990446386
469316098
916262298
1585900545
817912438
1681599914
391474954
1061640269
627897748
465963002
1215743421
1743817683
531061180
1410201600
578310619
923288385
934463369
162070525
257708732
2009490982
189514479
222461250
842575829
1204378174
401154065
1792573680
1020439517
552116097
339253808
1404301288
799448619
1101444604
1371533808
1286367995
315930133
501434273
61576001
594083698
747357204
881761984
2146681901
1919852300
1403718847
507470110
740383330
1156407424
997466872
1672188909
1192950327
945653651
2001062286
707127619
629398490
1260213517
2071518804
123753377
1045764860
1549836255
177753061
1423237541
293243865
987968495
1280115680
643162984
39590414
2096036898
1031209372
375805414
878489317
1030156627
1057772404
1847302141
1333239587
1051185807
1131884076
1164535158
1329963447
1563403811
2018248379
332995783
517098933
689766792
1280357355
1221413454
1204494560
1857493278
1475189183
1704099049
1672547747
1800378591
2017581780
983458313
1238733163
1693402451
1530106618
1417554480
621564631
1482580455
1291131146
1410675967
807028782
1916396398
1301826081
1626146239
1342924147
216426131
1332271876
460816175
532140653
1985081626
2095493688
1883531258
1071753587
1301641704
123292420
1816868610
1668562243
1504131396
1159012179
898246673
395175754
1332658350
1353456074
307992243
857562648
380361687
1751257119
1963107398
704353096
977352744
2136884722
1343234834
864754294
1368643009
1211299261
190892734
1292244520
1439710997
2054415453
1217770603
465809345
2131134825
859110077
1091051449
333321340
1915624765
308930540
1717140961
197262353
977421811
490720287
299943682
223393543
1002998566
2007624151
1985353185
1096664313
187813881
897212679
842894344
1114698427
1269250871
1434448185
1353874979
2010513563
2096359585
1866580703
961800347
1378013350
1683775600
907164498
120793909
1585257717
89446186
844223769
2043022796
638105080
1814509318
1943733164
838667439
856115316
1572466482
112205067
817818713
1565699046
1422429285
488918013
321557968
737851680
234822027
819497593
1411398471
703571971
1099515657
1308992459
1773323369
2143417805
163994688
1387020051
1749189028
2090914779
1542647471
627306773
1814178230
1960844558
1622762159
1168266935
1707547839
2087638269
1740256251
426981258
61207006
130493808
574424340
45789059
1476151766
1711346990
1180399799
272261527
2145971306
1389383110
890687703
213037463
2085825637
257362540
988370921
1083770627
474125291
81139060
59019406
1895569203
1265096712
1818459899
1586310609
5191345
1320687077
1391514397
2084951018
334869682
1947948675
285857921
1446617008
1132936351
2035243865
1909773855
152532913
484851852
1899999629
1291674065
2047812581
845245327
909381608
1129494062
992030180
1983454084
39188851
503484675
1056082389
1493296180
388934339
75078216
232064438
1987909746
1876839879
1427263712
1389724205
