4400
1161319373
127121694
532977657
1337007512
188761527
355462812
1694008238
1054288843
1912071817
934935766
1145007657
1983482553
63639833
823223599
794334975
1446511772
307340967
2032409363
1327892399
287344398
1039219006
132372635
110535373
1505590153
900840829
712620596
15448552
1304356627
262030625
1647911823
943926297
1636782788
1814741450
988998569
896469812
1413839947
221761099
963235937
37997479
2005126524
594379127
2043229222
1671821725
1614191949
1388726240
1360994413
1891661569
1648506842
1363330922
1140495210
15483666
173125137
148883386
1735332805
837994320
504852238
1342645646
1222544538
1953738304
74491770
433376528
1141535225
475480549
1409051114
1906883430
1041050949
1733710257
668442527
731843029
251449739
1136697481
1062125540
1839660789
2065176319
1573575597
1450594701
319957476
2004787318
432871588
314257878
1855226924
362120721
637197150
1335600569
349084520
1398352698
910009402
215626129
597345526
905796024
1224410932
949696912
1752585864
2136778262
61819152
217999890
1518332287
2111315032
1248167499
971302803
312714562
1768436703
758538562
414533483
1185845380
2009074677
588658686
823021445
1243737157
1283714876
1230758652
1652129516
968857115
699670789
59308888
407789094
1021866493
1200419078
1593616538
35100436
839245022
37558200
173668238
1676334455
693577431
385047063
9091152
793014061
1134302602
2028238528
996664439
907531376
1614114292
1510627801
1513131247
1860552681
7636761
1518180534
605573464
1774804806
1676862458
1818900208
794189069
1133300517
602592854
1505800829
960359984
351725465
2041194525
2078562155
1678336874
295867337
1717030483
481811632
455135919
1120981844
543531810
596199426
1321543419
130463131
2099718211
528358108
203998953
1181222467
52842710
1950401846
790545105
2078262740
1810846635
1691378558
111774440
642214223
439125551
1936966108
1171402246
1297998529
1795898868
217098344
2119245596
1098871267
1342356198
944271433
716276757
2100247507
1211505252
190504660
2042104760
1856219940
516575365
1878018631
485903360
1273403729
1168714507
1405879905
1351854353
1966751040
977951500
831002672
712294906
1318315281
473663413
1998271099
2064279571
1646097741
2067818495
705296840
707861780
181318053
1694754328
1214550322
2125076777
1464814974
1618167761
1221684709
651614578
1249035061
1325163117
1124496418
629159302
398390623
436720727
892426931
1972502211
2005833369
623396585
166746072
1272194548
796940652
865581535
1973163293
1439328615
1896081883
1237046241
2026105769
822315915
955624346
294272718
1356687652
373363024
1750746169
1791363041
1598560983
1476429731
1600842308
372181937
300327553
1544508126
2034466338
1423730502
531501820
603063199
1604544990
1662710588
1991021451
1208497741
1263683908
1749599510
136858910
2104883384
1725520652
1262926394
848797148
1459337319
778221572
1429801435
1616090472
1829091540
1353667637
711974725
218479129
2036076994
1110754883
1668349071
1123160952
922498459
1687410846
1983603656
1147043865
2126839595
1505288441
704514656
2088259881
633227458
1394008237
2107282106
2117676793
300222870
1787719126
997002897
1189889135
1317338246
1404133890
1794230593
756331677
558419458
2033472551
1795299928
1536579020
1028248258
1669257060
1031880418
1948366433
831014308
309036088
1869757703
1929668890
341118458
1164494952
244305203
832477348
894832068
38502246
1201622146
1809769729
1273886799
71586338
383236021
2017822455
670085088
428400689
1708502136
1896856573
1588407373
1466019503
146109512
1615625089
1182132588
1903026718
1175197325
398160603
1324407988
1779285284
1939370664
947341460
1687680009
1057286657
866476705
227289587
301145115
646285808
87418123
1069260419
2033503694
1710558671
590630708
265200830
218244442
1155257978
486377365
804722085
525303899
462462053
616646671
65098186
1901765491
2119213337
1179674702
37172472
1743481249
177579522
319958954
695554739
1663302049
1704635863
1308209116
1964210818
2034861115
136348610
1148462724
2132902959
2014218987
77794605
1198090370
2107204566
403156541
173039688
562516784
298288718
974389988
3319143
1982940951
1800041799
1453453799
824032982
646752837
256558055
2061081834
571586885
809726574
665600647
1205194217
1373832205
1941288641
353991548
1681157281
1243181350
1836272416
434796151
812088626
370605518
821453185
1393018354
1380951512
1723294312
1488467101
1460329109
1422474756
1572432617
702069213
989634496
603251782
895686490
1471306658
1731420174
522492876
905020283
634567789
368111782
1299608555
730175364
485588937
142747387
2051388796
1415479409
564010261
1992332083
448502029
139653027
2038282789
2012710499
1575519735
664413242
772934939
592272689
753850296
806730155
1109542552
1760695543
686304474
762135033
1493107725
745809768
1615740021
292332670
1023036005
1941745605
97531211
1597392492
613189560
223598091
1721607068
1962539971
733978014
1672381376
911204127
620871432
832107433
1248223317
45810133
939864402
660312539
1834816656
1108305367
1607787206
1637564982
686544954
1909763022
311321366
557431663
1969243359
627525948
1001003376
1418122023
925332333
784440987
693363862
2128394331
807952104
1014601028
429884375
1194407156
2112787011
1543227108
1279903341
1681193166
57023366
1194142260
47678551
1991895973
1409927318
1086081552
1644387873
1631160133
830778172
42664914
881542686
1299462641
1810359559
1706675494
546229977
1463996503
2008399087
1945993916
1976517965
1037232187
1411578280
2114502061
1413648426
178743967
1729070973
586265345
126474204
1339428190
1129800561
1755158806
352122717
1964695201
1631375424
492475813
521909265
91936279
667734649
921777385
1784004193
223244167
1094644787
1133930264
2084207055
1521306976
326193651
1162282750
2135002337
1481892473
1489104581
2016798782
1249720856
1161569397
1017532515
286616856
631734063
960644665
176317287
1881515453
521862803
961444398
1818208143
437253464
174632633
329038936
1782948861
2142847210
56316589
1457235004
1377084353
978560402
442087981
1962622947
1793309099
1629009618
473483874
77919706
1443040502
37045340
950947201
443903698
1122200831
277850317
531991416
1563527335
574893539
1144102848
123120037
1179603079
1344818436
2067702855
1751241787
1917584536
993254601
494917252
567225526
2053643969
1664268543
1554934463
395609106
193095424
531202769
1741004588
1256315311
1273695606
2054284768
1204107787
1456841750
606587998
159589397
544051296
769253607
616698534
371714342
2006848455
1761275367
223884906
117598230
1914661120
1940465683
1732947609
1834991250
616695324
1534481579
947803499
1165730164
752506933
209703295
147632961
1819627797
994276025
1213631586
1322995664
97965484
422659272
777372864
1462963533
95388422
1849382918
964268688
1519421973
1398982023
858330703
686176000
1049004845
2087466436
1160288334
1567700294
1705733777
897185074
2033777629
1335702035
44737898
1935561191
1605452274
1587125327
330511904
880391027
468497665
1509367015
31213294
643681965
1279645583
1289867288
1513664422
713761385
2057886104
986858486
879924358
1481227059
1848022970
717636169
484968429
2025734038
2047942934
254959672
1046590774
494683398
256558424
1308448239
295473737
1492577107
1620093774
1693851679
117414439
1263583540
1521086250
1683351314
1895206823
623636708
92555411
972992391
1804256971
1966846972
459749505
222810841
401799061
209194821
1065795724
877215476
1089673278
2146752578
1029611605
414613317
1594179452
1316814904
509549536
863669287
2036633124
1932732627
731138578
459629538
187900590
899186792
487647910
2086431305
1645482557
1383786170
1225114854
698257733
1571973932
678123567
411995536
1590511930
231620637
1702732510
1616729292
680212719
1720236249
1261593183
2005761287
1453440555
549989792
2022458544
117913870
1186870711
1588414806
1232180632
268210666
1207438223
1379021572
1033573190
271119752
1282446151
1848426750
7408380
1989954792
394111133
403485272
374848638
1274714700
334501622
1657729488
1661732615
87629641
2133248522
297721799
802250093
1879182181
448775810
2076091486
257032643
67613171
534243770
1710197184
2016578120
615532755
1005220234
246636255
779726247
44248618
1887522321
1746919668
386750105
1424013071
1141323849
1797074474
1470496952
221087077
1261212483
2055749582
817454244
2075813482
795874350
2144496826
1308441577
168933611
2021405251
1085731639
1564722708
1299405721
53108675
1740606332
311554960
753410693
974981533
1467023841
1534153619
930469610
1359044398
572053837
1654527697
184335350
1957291032
1716843788
676488422
1416076673
391300844
1519274855
1519384578
2113365752
964756089
2143264731
1139343707
278085713
1292715285
1174488297
376001769
556152194
285975051
1668474708
190897847
1530094683
174131450
943480617
1206935026
1441378783
100107771
1484688150
827943512
1629489814
1587694230
925708719
1530052352
1539515993
300055942
1927998585
2093076586
1834866775
64869199
1881151990
1641719558
679798015
737668610
967169884
382141608
739204959
1084196320
327025582
500551685
1294241883
1509972323
1093749078
1347668335
742941910
1751836121
999043243
600737536
1404003113
1147332333
1871985246
1738717367
490941057
191209429
581828888
771142784
585136198
1838738087
1041065038
1986153238
1668789875
95687100
229161646
1470424005
332993118
1301507690
1829243798
1357570237
1108679245
1057477283
1852396015
440617795
108717140
831699092
1054000711
1057409164
1969011748
182467237
1674326298
68211967
1625577882
1626330292
1838695642
382486781
979344976
972876553
1525088414
1093936461
110025986
660085685
823794135
1644799801
1620944618
226645558
911503078
799057011
1938760265
83540908
1219330468
1455632313
570878096
1548765042
129303
1447920943
1215786159
1697136511
502934381
188956218
501148055
1527409583
1241493857
943640016
861657065
1541674835
888864717
1849443626
1929505988
391305322
47319412
467689361
1115201476
182984886
1036052980
729601703
369899779
1454806229
566597591
2134048499
1291479010
1855598020
1014472398
1169533866
534995244
701243521
801432032
290151278
1047037074
1936952918
1546413523
1305586738
1898023997
604241137
1362109195
698554277
825311650
1415223028
550953032
1080031129
652393820
1219179557
355931309
1438372219
1691888530
1651386768
1294193119
831515638
2104761291
1570759085
1865725525
898902439
1011242626
1992506630
1887561701
272576193
1566915373
1949809141
1586304472
2137967718
280798988
1855219009
837845643
1754903829
1870357242
416846488
1770854107
594245825
1172838859
845372372
202406752
785107478
872863425
969075295
801913718
661784848
731384721
1754039998
1324805814
977672399
974790247
1972269330
2022730657
1945074363
1503035665
332169598
1547829868
974369605
857951719
567840730
1102298591
1776612904
1377988417
2117575812
837791432
180492938
1063734586
2057629868
1938570758
986240825
1468793701
1898155510
2021033568
1985693424
1876893818
183502581
2119546595
448378000
24308426
1518512141
1755348370
116502403
435630104
2129893104
1167948049
92497924
1042717312
540128054
2108142370
876499730
967872606
815611480
1580213007
1861621448
212375653
28789813
135608230
1422966533
1050954203
1589050229
1124690398
1460615431
1540407745
150304066
1440863796
1532041259
1080598862
524400216
1170595928
1517593077
454268023
709696992
1146674081
139731521
920149911
1031915397
521584495
2009171961
694842988
1421060679
809295680
1497450592
1924929943
1413316963
599240375
1646627981
1860042096
1379564625
1487833691
483042462
861239349
346928871
1114016565
1507181691
221394901
2038987329
1767202827
896993304
1431077024
1252017246
257765475
584040305
875885486
1355126848
4884010
851313441
931060855
1313642241
1103970327
1382977643
1177421706
1652055861
608537644
154529137
305209556
878327166
668854736
1280431458
418486705
617968867
1066087381
1381231937
488773450
748242779
900445020
1729544089
1075079386
1946232054
1411266866
473825462
16778629
535633224
1942634679
1365449521
1824658337
1069737811
1035082266
1915683918
817886597
1038661974
835197957
1875007397
263545118
757787017
1977605800
1710013478
1733754127
1251825271
20217188
198479766
164792332
212440682
1864163663
47176532
643139141
488304813
497488731
1297059967
1474525144
622402885
989042276
853412865
837064497
1596116294
105499169
357688148
1173757821
1949891383
1342067833
1047918556
648354361
1049363142
761566305
1955058642
1457305167
622559738
1680088063
789401282
1710302629
1624899710
1114321652
346192185
743441406
486891694
1872191459
2105594075
889144379
159717158
990706809
228638069
1546889204
524233621
219598132
343299202
191347863
57999469
1606854110
1063937530
1065116178
676914156
200282758
1330696127
764139853
2116904768
1081477753
1748835067
1731746354
1096777761
675588471
1043750761
1331638667
791441362
359658292
1349218381
70871089
730100728
2115017971
396906450
471003222
670777030
832036741
65924188
769743942
1689728980
1802719860
1613571047
522394831
1903198953
1241107696
843452683
344999622
632345020
918180245
1888263766
726000159
480574246
2003173123
1832084300
1278525396
435248237
1823345618
589154392
2075973629
437911651
1989068666
515535642
2071867430
841977939
195077416
279378582
1820871076
1200753662
1260932624
788390770
1546721336
297421347
801028938
1699734700
1174175487
1159413930
176838819
1919513335
421353650
927732917
354561641
1982174645
943260626
1103884945
844370827
414122701
909539978
567324419
1680271476
1605403504
1124200426
280047217
261216463
1964351359
1330509508
1369216472
1552000491
370971378
1719349113
1987003022
1524955335
412780789
435125876
647400166
328776964
1869815998
424004244
1075070495
1311605254
1449408942
920601340
1003691241
446621271
1348929496
545205630
1402773864
406194457
1795649460
2142911824
19017672
15729778
1144171199
102920370
178886179
853635181
522073095
490239817
1930331328
1194323027
1745353572
172728491
1206503118
1079685433
1571873487
1385255530
1909408228
2007706751
848462387
199034459
1471397678
868655665
1458647920
176279691
1470855822
947508850
1074489057
84307498
1280474142
704102547
1741111309
1383390029
256882480
1273251044
1801418944
1479438686
646181773
1990457210
514887297
273517769
177569085
327804275
484914636
1237171390
984194265
178022437
1450252110
1599305521
440194957
1254752051
1462817598
592206182
1663760365
2005348929
2132168240
549514412
1192746449
1290697698
710690140
481359110
814356078
1973107550
1305225791
1819494300
1831353619
1536732938
1451837293
1198663897
1739203263
1876817637
738471202
775762550
2033106778
2045779567
98002021
1494860379
1053288583
996355819
1584295038
1549463519
1227674558
286476800
645398010
1357515579
1772379299
1041156977
2084870201
1401463449
1347950247
843740124
223499466
359993688
627123404
1767414339
1869022205
87725412
1056954772
1803315149
700027120
1184231017
344924152
227678176
1439411739
1148683086
249867017
1113932901
850708836
541855941
1542385258
707671730
1019168882
500490135
1954668220
185549321
1448676493
1794671240
274954575
2139825833
1316503426
1192566064
1439241554
1846377259
330655672
360526307
647396146
1186864867
712754053
1390933964
114279650
318289007
131133226
901658944
885983043
333521875
1096077181
1967962766
753844401
61744266
372950725
1275406206
2004488822
123916356
740110671
1159104883
1221836941
2094021786
1974216959
1170622142
686094904
316153158
408457825
118663108
134539775
618325
1228697627
1548215842
1554648481
902834670
10583897
793821641
508974921
479263262
245832847
195797128
793711836
925500269
178810690
1695363919
131178570
41004001
1243864757
2128192788
982898833
2137812223
50646339
1975341184
865034620
353545874
2018549171
1825439446
1593748330
1486858328
257425129
1136504200
939705497
1367493944
1856864274
63429898
318566531
2015968453
1329753359
1562535617
1362561231
2097331639
1932194590
517659485
140354717
1462353951
1152027620
120154289
159320545
811132851
1934209873
576866543
408937767
2111610411
2077614687
718190621
219597159
1952263469
1665979527
2077651424
117405942
108650744
198447897
788707663
1228338557
1145975326
1845348788
1636033989
1307662317
1008334950
666624803
1828878754
387608909
1785046188
1031957683
245678223
1070740212
1511752416
423248694
189920704
1400233467
1261372684
1170540193
1482420814
1946614827
277550264
485709540
735601439
1658921133
1411411369
418273218
403867444
198143763
302841917
959806723
2040428170
1135799419
1643469578
1852940102
129429361
17471394
264838681
1199462281
1118743967
1842235740
323711982
623551460
1281247111
1328372702
668505333
156357483
1788319187
1625431087
469848295
688765668
197632044
1726677503
1790288316
1088630983
571479204
1637527380
1305953504
1156174179
155272658
2098182620
1009606457
1712327433
1883090962
105200150
718415161
146567925
1718618406
1695360093
1951633067
808280213
974968272
1399154850
1977618563
219665035
1148749691
1203297134
1157128007
1294375609
344662980
1220338940
1446983834
2082132572
571109766
649919070
136328779
1047434828
1299427372
1598348642
1109829721
1752894337
1926091939
1027253569
1006466851
1950526266
949834043
412716565
87100802
455136920
213017124
1847497121
283921297
1606398980
1822090561
1616365484
1460240364
534074063
664844103
279416312
233859841
1414076218
1012767445
535590986
383404306
2038591213
1275962833
194972090
1882514338
818007428
1508456596
89535314
1610460403
109375623
753892174
1338219942
168681766
1763142522
782918924
492353757
1282453862
1032879237
160778605
1642435580
100431275
681519211
367980327
27426380
1502078688
195403491
1407200841
1161129797
305422729
1707403001
1174410787
2070165107
57028497
999936729
2002689011
910455795
421780206
1603026061
1415500003
450517214
1270187941
1873906241
1036623998
1194798899
1266505302
493058609
1638012577
1682483783
2215394
1439446747
1835281979
229244767
1615023740
701019056
427239124
1390920897
890604229
1587695866
1572627345
851942357
257297337
1614858270
1396953303
306487166
154712373
1620402183
1599001352
1443994982
1795386662
1193306472
1072348278
1855067719
1714523645
781320945
1921764206
1398474175
1561898960
229057857
825340216
476869325
321339403
1266939785
1790877557
477415379
737556131
1726770125
659152643
412021578
226939069
47981273
961998347
1997295518
203772614
438212794
1895441923
2147177320
1015665419
1319672025
1041492554
255592982
1659898787
1083439717
1256939062
1628656592
872363180
331261124
412197700
1867378091
2121983652
1244519178
177643484
639910482
1523975443
1551290631
397954158
221249954
669036437
9275197
22383393
1508147674
1776958889
1518006008
59606297
1041950364
332414914
1637570323
1679069389
644027001
1469287016
405151581
501719236
15359525
1445742445
1239397799
606550399
250157420
1685459221
1643567575
1451421504
799527651
489493537
120465774
1170107780
88959229
504707576
278066476
1324942406
1220993277
411327053
203578307
1619050045
456788121
1269331664
2078125926
1796865975
546561318
285408255
485433640
381987959
803454142
1504840740
2141173172
1244124588
1800691121
1430311294
1845461287
1877799197
447975218
2027411532
440478727
628332115
815382983
1069969738
1290387165
577160629
1935824594
1149115345
1310045756
819770885
1480964566
993589274
204758993
2043292522
939933582
1705263434
230325821
967988483
566284104
1225248854
174929199
630993878
831672903
1183032710
470171128
1618380811
1977806018
790395651
1293050657
1563641960
390593915
191913844
1745569271
1778622392
604890683
286021436
1204644118
1698525990
295345185
628885488
229344810
1150513349
989462609
1498180060
142616892
594060766
1560608523
1935311448
1128174989
2099813447
1303673101
1994860061
547615010
212664883
1834021750
84460468
482982444
31053569
357568430
338965834
1148879275
1522082450
298896452
917871498
759820632
763310750
2143784033
185745168
949032574
352346425
990570788
2003598180
781186870
960586712
1553090735
2065871039
1175809616
434839648
576143115
805453506
2016300906
1351289981
2003482310
109545029
243061618
1957237421
871292972
1589900201
771312786
601620985
298248856
1503859066
922559218
1814397608
1005421497
476553691
781785153
1996396011
1266884762
1113178600
72865032
1469946638
1992625573
1589580615
1789770623
1193205293
725501684
995487274
527893820
1700310680
1168316393
1840028731
1829053989
1162083493
384336999
1875745332
1532787171
537034858
1732802730
517595835
2086877009
28010375
755220812
1548369996
1961012476
522685345
903007179
212903799
1599849821
1149645054
253112015
1358076177
1691341545
1867729803
167246357
487951537
1790879063
815288059
1305399100
970351339
2092622828
1582334800
70500722
1281679188
588624834
1815733299
1197211191
834415292
658678514
2014021253
476527846
1362189816
1505025180
758810441
1752430630
66130740
1142334973
546734305
2020240586
1296367992
1306272289
606505632
1620009757
1637522803
944922222
1473232383
705674862
1617151183
2053875321
1668171071
2044057016
789213268
1806311596
1395257814
353997837
290483566
1487516264
2129615360
1698455556
1838424356
183118937
974553145
1570884934
563302980
10141276
1080033295
1800803137
1717893961
138916835
1905378686
1601392364
8594672
795572481
1830570604
307661241
1524484133
1912857975
55664026
1322617514
839891155
1550635350
970289269
1774612109
518952796
1474359696
1293184259
1128925109
500091800
622984268
681776483
1282016869
569673356
401151081
1150675063
213641635
1523240196
2027978415
771133747
148485873
177834404
185048378
1017175127
1403091509
747874062
209859668
418395938
21794467
708194934
703854117
935769408
613396274
101811638
1051285467
1536597824
1930743232
741701925
1659808933
1966573685
666875005
110731033
890669891
1869606251
911109427
100303880
2026928453
71064162
1694921293
96795466
462479339
855447948
1715447544
1271426895
1676363729
1255368894
348001933
1653161225
215997890
1016543249
48987739
791418210
1295859395
200175699
505519132
1779656845
1314360362
1060028696
1012287403
191354642
1551222829
433256104
60445331
1256500440
645298632
1030543634
939274374
73491150
827103522
18649434
494888772
682699315
924173338
1740019865
1090111390
1553038743
11188676
417410506
600271995
92322773
1672159151
563237980
1936098410
1182124632
1847954755
74930645
657187126
1418837709
1813831857
1257170146
325144598
369398297
1514920508
1398704984
977189424
729668091
78119388
164425605
1615793304
1453493228
2118439443
197748799
720496845
639682270
1398287674
1892298024
1422597356
1780131186
1296111955
206179976
1292952522
834738385
1536279614
2131669756
1674177889
1964493340
876466171
1361075419
1982607118
335217957
3008311
370948625
1668119415
2107681581
1889114343
1235892529
1802953555
569191389
1688763767
570386434
1980489077
1075153027
1442554370
175495734
571881175
1009213024
367017354
1348671109
1642580787
1596979254
2081205378
1215696451
1382221014
1138452671
48805230
1392876300
1746609492
864333273
1820464361
702055566
2124240237
1573902608
1852723709
1242566500
1261665701
520569730
167434834
419304348
764536353
2006239061
556558019
315595189
1442881359
1762656708
137275203
1712652886
967946659
595238378
1173698382
1464906684
1393890914
1197713080
1844369851
601182215
890992540
2144002356
2009857411
1532785628
91797542
1488793268
964266506
1272904705
51856563
2109929354
714142493
592958529
1393371877
1968807067
1604228230
1463438691
1736702695
2094068172
918509584
830798693
1898212949
1510326434
2117509148
393878527
1823922518
1318212231
1891466330
908493813
63529681
1378746925
980166331
1023416081
541918264
1477760708
1413400192
788841587
1077563961
628106738
1666612682
383979109
1198460119
618216874
1815592063
315955105
1125480291
758060781
291954140
955726349
1258715539
1612189704
1071909730
1157833888
1790412388
380153474
455567954
1417183730
1013272052
1221093751
761171743
777791074
642528365
1980595195
1473001931
802604584
1927254731
1424539428
978016951
1998337005
1242611594
1864010903
1209425450
1243883251
1658248674
1485416578
51626179
2128447698
424179516
1471493172
1577643067
1453673615
1857542691
622503827
288643776
1323945045
1449346023
1493750870
1005585464
1560522657
308924322
897118113
18682180
1668110867
1238773617
866559212
1664735515
1788993753
1773153189
457191169
2302997
1208781199
1344662605
1797749725
1805760799
1636946058
838731864
31282550
1258631624
609941187
530800225
1037014311
2066552308
296556573
138130732
1004756283
1971404933
1958005144
375005942
1823759139
1467648974
1750024210
1123958445
1864503955
1669121381
1274674702
11605989
2028219981
149088936
590481863
1773205176
335469528
2084482213
447458389
1765598361
437267620
669793547
317437587
1764817915
479166819
1077633413
401297578
574914865
1396177698
227463412
428822405
1180353148
938931750
166909605
148640648
1501020042
701992007
1053572963
837742205
789158657
1183063791
1650494819
1122374033
643289602
605481235
202929319
1811940493
1778990132
856857179
1904058058
1700504400
600953975
1383856246
2098509805
1793172448
1182353686
103647622
861192803
1728095616
1166758829
1235109667
1092400008
285525590
1260575248
661936035
975722314
871612795
962647500
274518225
2099608862
653694372
104858877
1640071702
1714056074
947499935
1167483333
655738530
1869520222
1766634534
2117428269
1586716695
457622641
1428854192
876218430
1818253294
25499590
171148269
1673371553
1832315676
494855745
1493247168
2084071907
1137212009
18379687
1394503527
1174860870
171214540
1549278350
1036782113
2023965176
51163611
1478607609
857354523
692239450
998164737
366707152
58794930
514452357
1247664110
1021094530
641801088
2553512
1977827785
1504184312
653445803
1120136113
203482277
1913809656
47276427
685887486
1614627565
345407331
1348934953
495810610
682800671
1345775488
1483038192
771696961
1760209031
1836032169
1989231932
1624637467
581818474
1876406002
768465845
734011763
1107468579
1530139249
1382858869
1298182990
271732237
1843200695
168713735
1516542981
2026796282
2104914715
544909649
1507265353
229594986
1646059395
1425762316
1575406068
2097434178
1598513154
1273036338
460149373
380582666
1086326140
1006290178
464040208
205783644
1832091028
1072425293
1085877287
1227165150
2130247544
1734725851
1989391476
374724434
114524031
1014040904
255466796
935098947
1938631588
1829617304
1915362379
1319849563
879636544
697612494
1947472644
262900127
196068238
207741512
1560976886
1067575967
690780689
124868287
1484516589
1988520612
212788051
1622669291
1130750939
1409808579
1516203403
908103105
173408925
613759714
988975726
1446406985
166073724
1801672882
341330695
1923521831
696692058
1613483404
1590545347
1306566776
831020928
762987380
357730709
88055851
712298276
511931399
1067549966
2101689293
1692957681
1906185321
1458560947
1032771035
507403180
781633027
1305589535
911108482
259930529
775426441
1321618080
2033183151
287235931
1920952615
1410098726
1672750705
1598882963
85471863
243275572
287980389
1871185845
1272305971
677554465
647005870
830828022
554035478
1275980052
717629081
40643464
2140352557
1974710894
563478369
177779747
957540691
2053817111
138693321
859493108
1978986037
1441388396
510111035
1514031792
774893936
997330701
368497748
1745829518
1524810091
361339064
1502846287
1810588127
1468240341
323462731
272417562
1754329248
1129729579
420653507
1638864016
71069605
839054481
1708251370
1054814987
1543910551
474281697
2092104093
370464857
1271969458
1204594256
1724216867
1649452229
286828192
1200333887
650885612
1908766178
1209519861
1137008066
1153684695
256787614
1607187536
1801227517
633890820
1860799223
1116810640
1173799868
2013977137
1432564496
371543113
414121404
1372050387
1870007538
519941280
758135551
1027015468
751684847
529976
221323666
1251420323
930255271
1090720669
711567472
1687645042
1212609225
985680650
1966852459
176092447
627152610
1103208134
308820870
1049875984
120279513
616699085
843592921
1717711458
1967835832
1440450492
35992921
228898083
1686547149
1511661202
1248319686
1940868472
2061980447
1684966717
175550787
106770959
1602296625
1309678752
1161701625
1822633443
1601181328
1870625538
930770148
101135578
2041472001
846943305
1526488785
1264467670
260965163
240628253
1749192667
1213295882
129970928
2101945390
2044674618
1951102484
636245887
1515499678
189035474
76503395
823421247
2092272595
1185869986
1750686927
1055713874
1319737699
1946774722
2064338828
448029933
179680252
1556129418
394598242
1107194399
999472440
513904843
451576919
1512195990
269776514
838501789
204959022
1293209063
226173236
1431863268
153293770
1821851426
666953332
593059366
1207161023
247680168
1217660933
1294740586
1896089825
253611453
1389287409
1316517523
1238984692
2071524710
962492791
1837474493
651126252
1947144574
1302947922
2090554149
1467355958
1784598411
2057751045
397660454
1155935296
1920076955
922191284
62488254
1080784541
1180183100
292693012
1655197903
201745510
1807543703
1488091115
571232721
1969619248
530900237
2136870497
1601580040
1864050117
1148737284
65955656
2023668564
1793455372
178632609
1274148155
454207475
1394515797
1816438687
265610715
1767835706
1616539519
1480751581
627225075
836242290
730734245
297878023
743536186
1026730852
1141797117
1416784711
1497895677
1766483890
1005590798
1054201192
1492128889
378275448
208135400
1466334221
96756640
1688100834
1726755416
970826890
1886240214
1426206787
2130225695
366318668
60683542
679604645
326452652
674549453
1501231251
778747534
2111937091
1022024743
701146318
1118256206
1350921680
245864270
221273063
1643482367
336040563
106300462
720201157
160516486
2146175960
1816374711
1135941732
164267253
412777068
285052073
1833289772
153277757
1890439263
1275819336
932675545
799630993
1651395986
1792216658
1569816858
1349457170
1903608687
1242254837
274173119
1762365322
598090233
1481212343
1566569153
1967948074
60705684
676387694
614689559
1598538789
640758077
99452909
223851762
1110023114
2000500442
809782681
1690697706
1211627142
1100603304
1889513973
1408113629
581155075
1490403904
1021552793
1573351718
1944129319
44483885
1894828204
554746205
56608588
957194825
1784679496
1707060853
865907765
491631735
1981814174
255921210
2040862516
1996098110
127729017
567998430
2135233129
1635304271
490449402
581023812
658121561
1434301508
101821491
915433214
1558357145
186471115
1893902099
108420834
1862490232
1144580643
1150041405
311064152
794557257
1713706823
1042908878
1234501104
786685303
1686867163
827789591
1690405325
816285104
1588142023
186671865
977895649
1398823772
1932073946
1614810253
1850242595
2080331983
905895669
1534803202
573261864
964937048
1589558824
1359077554
4917642
748091358
890712595
266094406
1113895293
1938169983
1948994088
1116688993
381588245
894639131
1420782049
1279273945
283942661
615861402
684281051
264274715
541354745
906198302
1943294540
1913410748
1462894900
1226820305
726340237
836909014
599685735
849254482
1429682743
1514091641
1924750506
1568769785
61386443
631710213
336970783
822049182
1003813735
474123678
405558155
2079497882
715129888
251340693
1119022029
1638236805
527369053
1306507910
425405693
567814638
558288024
406366652
19447271
402010996
290871812
1221981754
1320181047
1939276466
825139332
692047469
579909771
1988162054
168340275
580035434
1687555547
1921551648
496697398
854575030
756650666
1405407941
2015317257
579572999
1833805124
967933858
776559271
1803688802
742900858
2079875074
152062308
599479907
934891385
1975167604
474682880
2017979369
879234823
341008879
1145136441
1841263252
194479344
1823195171
158439376
558448494
1202980036
73049970
820848653
840482037
196121558
166206804
1254902906
1262897273
1839763790
1772997867
1599726883
2047711515
511059737
49123545
1857597297
345681268
1829667134
987170159
1306706585
1907245673
1570033399
1230316385
117724056
293785882
959777314
1570562515
1112719802
477828309
754419889
513138756
1604381367
1145248268
1121866553
357964098
1343342329
539808818
968705739
1040817259
1785351635
229718940
2103311405
1304383717
1671668136
1914631268
1101035712
833863472
1216251101
1923054716
141141594
1725096977
1274614986
1406919092
592483159
105515517
2041040686
850001895
253459374
1176677429
1511185914
726353971
1480431715
855597145
1515760419
1290145133
212252643
305383627
1333181949
1661099068
408264385
697339830
951705145
787699771
1195257681
475817922
1945534707
523641467
137648770
588453897
1766489320
1794066377
1907152800
497257713
1263076908
869250908
1917101283
1577448253
1670509287
1892302849
69226381
186833415
49629143
1747097495
726926431
572808501
258214726
1736370327
2091214613
1718245207
1359962920
885319720
1662530544
2121964573
188151794
1655403880
1473685250
241580746
474456344
1208598074
1093053598
1446824013
1410029999
1359801986
842848664
893825330
1707834563
1033725541
1323183050
1893700667
1466321214
542930982
585208349
1072276623
226012549
365145719
1321352295
1643320334
400383346
856595129
2140386520
1934001552
685911242
414722907
1103674984
1027573493
750040310
1685359182
1532886821
1952191282
1168588781
1924170452
2065264380
732175648
84868506
2009034690
800034846
1059070462
261914355
1962979913
1119842323
355975704
1999600574
1852157873
1085697827
1492214986
1934023981
148985790
667734289
892068445
1145967479
1651126978
1835799870
587937055
1965601040
5765297
1114642020
200357163
1501384591
554020355
1003746366
1367038408
375438326
297880430
1182515659
1142850533
908225096
1647438479
300679034
723112011
1058747051
1786609138
1725946312
1050243555
8344826
429329809
734999270
1459786765
1196737803
1698594402
714437169
444679353
1892597636
2103107620
2139757639
470902439
1450157529
276317001
1937519615
760982510
1534206416
2136086466
1596023294
383752177
1914344210
1366496006
397010268
231807
1118945868
353607231
1229605774
180604279
889839117
276810874
229372192
81377521
2022620875
1265490151
2035632560
307481436
1174565647
2060332512
1278930963
1538775213
2032604151
1102967254
1724546667
333986740
1203167578
107290234
501231448
405082256
1177265635
1235820203
87573692
2124576390
435577731
79492354
1225603442
508353260
736642987
129493437
884193440
1953778303
1689118541
813416687
220552785
1261947986
2019410789
290683137
1938505622
631882712
87758194
1121161525
351877813
1019632392
1290658478
614782692
27987890
1114961163
378624450
1023589672
523518035
770549745
1394177483
920009162
1177794696
117161741
1823533920
846605413
1027358352
2075542959
1020288100
892750917
1740810996
107452557
2079315043
892553
688056652
125632794
416517408
1975350518
669827180
2037864070
1150614093
2097279822
1380540973
1257613623
598285798
1937055368
845857797
1964176384
2068129076
1374515856
1674952560
309319517
1570917323
323027018
813169082
224483964
1187121362
1115034699
555390102
1910355587
1316192929
1300915445
283289191
165685464
192629692
1444530330
483424869
689753183
2128504306
961377197
357472439
1862106292
1567723448
1822211995
1761711804
1275117612
1357764571
352876550
1428795324
1102297562
1357609400
1788457424
17245282
580920258
2135163347
168634669
114451483
161960353
41728474
1253320627
1308163007
1449343694
737828017
112456411
2138066780
910593096
1323242265
2146222551
1175394715
542425946
127121405
737229954
2046735444
728452964
1394435024
899121411
1198860414
1295301898
947929725
1791799858
1443432130
1509877595
1838198147
427036184
1863321543
197997180
1270059578
238717866
513373176
1763692090
405740724
2087191013
1270174735
436797349
382512228
232183053
1238985122
340358184
346886359
911945144
1851059979
88906485
340790569
637712004
1105469283
50202570
49292520
1505092296
2006222729
1385225497
1651748859
1373879364
1732976011
2121416145
441726650
1661024843
1667047805
46123135
754783989
1673862908
1573700960
163256527
1581412214
824794611
1926929860
131289616
1790006297
408619765
331143608
16626063
1184516887
853659463
896353010
1597384853
1993805794
560457931
345966159
69271299
1953276157
1437315060
1359823863
635862305
793416262
1145283974
1467181003
293707379
730377068
1660815837
1252018566
450546417
1604569667
1220868621
1496650893
1428658898
1767575586
403707657
784398605
606641952
1643009483
353153875
1946854265
1358837134
295626682
1690667422
460881192
191717696
2104724049
1924332190
61387983
579710502
1231078909
1581044646
1265241583
1173953200
739671025
433495291
124156446
1253509688
953401759
293564325
1659926565
1027292932
247596606
1049515054
310656395
2079448395
209222928
47458367
1605215694
737244227
2036913066
2101087635
2065951514
327946565
773205303
1177771941
722216500
1150835214
521627228
574763719
1483970369
40611403
1308992071
1029527823
1882371517
1973310083
110632608
1771762079
9046062
164799054
1968066497
672300811
1978254720
1071139297
271140072
1926333533
1450523791
1352960372
2031440975
1391307934
1559430251
867728964
1959071740
1172142216
1492841636
1974367743
1205764458
1365275892
1129506299
1237796907
1199287852
1700788408
42678748
1668331684
689923068
1330735951
1829514000
1792926239
559893723
180556541
719644234
1240115135
665078723
651979493
852322725
480456850
1082269812
1220215211
988556695
1122527265
2135380972
112516989
386962648
1724549751
42364035
1890153390
590554234
1163048152
108620438
363465802
36471966
630489263
1128303626
929223512
632572018
738240066
740120857
533550440
1171816032
504473129
1206581390
903188412
591333536
881556468
1110756274
2042267293
681688279
1218926650
2137805571
34825065
1024871657
2057593594
1843354132
1719802806
1506998068
1716946403
3107794
1027382741
994115178
342638217
892047044
1823836415
1313729117
356808878
1275939313
315451902
1208782714
340619345
1127870419
655721090
651616252
956668970
46740424
1171068679
826377054
1423417292
456263120
1029850366
1616000781
724190707
1268692701
140468390
2139747972
320701106
310994159
1372445843
779348907
1217232289
1583460255
2050471505
1418340037
2081727677
186430555
1334865383
23142148
266716521
883970580
1248756640
539687620
1903636466
94025285
656309745
1455660926
639099137
196554954
423131248
1570146941
1789375600
1153519668
612448606
382693487
885759700
2131183067
1442828430
677815958
1981214827
1508676248
743488826
1572491901
935501559
620624461
1985977403
444948892
2141952050
326615303
1271946905
841304862
1836129257
893333128
42010475
54498983
548150829
1701862035
682422962
1224224076
1062777358
1640055228
324706972
671707673
1571453722
85663954
2094864071
388964665
379922464
720050767
2136058417
1601501525
1458697570
264970499
1797486783
303704951
831207138
390344170
297619085
1994035975
267840060
898284360
414391742
512669328
770265407
1463191923
1238105238
1932758833
306746447
1485521
410364850
1334516155
497708088
2103629960
1028302076
1571204673
1350882518
1856704018
1416867984
885793105
426428152
335965734
1540228247
1816570535
1305344704
1059221123
1105127974
433362692
1709093510
2012433539
1857940623
2005057364
776113131
1558628611
1279168169
904317310
1618696880
26881262
1388481044
1288253539
1962347348
238327092
71144548
1836061823
132222119
614893410
118730350
249287528
1408352927
405786081
1050343824
1701210367
344621090
1319934937
1328158454
1951831788
313035192
843774278
1874595013
1226298676
909549353
1835628643
1129493836
1424493153
796954190
1098920069
811644054
1122765850
715017512
622134045
1285814040
364635821
13638743
1943807938
2012854199
1217916417
31764633
1598423213
685051455
630691204
971138537
1960523418
958465291
2067992713
88897860
2062032159
846674032
1495841335
1484606247
320364361
749992889
2082424326
1420732843
96727946
1242630122
403028084
526983813
1338922948
940552853
905062002
1865637391
135861798
1553705673
1793080824
1652195460
1890226338
2062500093
1007720026
2077005073
181016152
602026877
459917480
144572307
1282555402
829163061
2135707612
1173550908
546999411
1564663842
912928871
1214646372
720985820
916451823
961767899
52731738
1526669334
1397908364
1619537319
1134205418
820757775
342477715
251781294
363192915
855609397
920726596
239329884
1179324702
1877483054
752057070
170204573
553916215
246069844
1675799885
1336107290
232911071
1399650952
697978862
724664063
1692032784
731685810
1320592691
1127917
481995405
1125635508
2119781005
1936318601
1918397781
1461092414
1985242943
1257041466
1052337504
1924537921
1775592183
1744380662
1896566570
2083044132
1473782493
357408752
56936160
2024291892
49008924
779989952
1198011445
812580635
2146577098
2104914619
302103250
1662427683
2107790771
59184710
463025680
132005133
1991786183
1081943771
1546730118
611893846
1960411381
1803905638
1091313810
405059069
1649988205
1990368735
1401951780
1341008323
622918531
514520415
1195587981
874250614
1563448621
920478483
1725479790
1038712545
623758960
1346349400
2120747278
130881151
465599241
1377186224
721878659
1370327828
1215474227
300330453
1713381717
1569084096
520717288
1989574422
889053660
941376183
2019176430
861267820
455337586
1954775963
1338344403
740884808
1211063630
408407435
1889745109
520060918
2014795464
1906830592
2131077829
963393425
516302737
1320521357
1801395720
1412263410
1042600712
315249334
1756466537
584512080
802258245
1786981204
1762787554
1057947049
970581469
1829961428
1953000391
334420758
2012408111
1193121024
1635062527
1329092588
2026245071
518769427
289700522
590412893
1762528244
953814989
1230691805
1293159145
1146846184
2114070560
687876814
19679702
1165649038
1715550994
2050329346
247894588
915533612
1775969762
1191014573
1129195685
1261901859
102504706
666840263
1292099045
1556834512
192510844
800001427
450950790
866171367
1523783510
809764073
2018958281
2105212397
1788186273
1155782220
1757188857
740889400
1671370417
873385330
257621600
890084888
1625783512
863239177
1042867650
210824052
1544319662
7798959
375899598
1049942702
335749709
114316376
2071095472
790876194
1112541796
2064720129
1898858156
1555279725
1044783786
1593024588
1555082774
1869995307
1022248946
1501626606
2127082332
2001553936
794292321
624285068
1698621852
1948484700
1479813169
309201681
2025579183
578146941
213636394
1015113214
979793873
135484743
872563594
337218022
896194854
1663382163
2062875125
1231718192
498820815
1740228234
1516885381
1830219966
243028032
640409255
2008837798
1319664393
1470823823
115276810
396084406
866525731
1269972632
2112462108
1305031269
2054215627
45892614
1936101408
1269410426
405780870
313745288
1531334158
715799398
557109141
1208126398
429480824
1318640581
795038223
2085010500
376222728
2134015720
37779572
1027733230
1316043863
524775558
544722709
260125353
1002912758
1928788362
314316095
893780237
610721697
899894232
68002813
56950207
834585695
1398716137
730815489
1927939779
792823850
1890788286
1613962330
1198734710
1807443475
113564034
380026825
1330892248
2070468293
955353492
1309320201
1940881263
2129083453
741122939
404404044
65015084
490246863
259649981
1972571880
1620395493
221457422
805797257
800654732
1749087430
1557557553
1653062534
739369235
1199542462
454929598
1049427962
1869611361
357479865
587849036
533150216
564106831
1812096067
79400852
472185291
1662770710
2097809976
1804976291
486062807
710273848
1857442432
1719846957
207845771
641069804
676380116
563366600
258313926
1335894997
167117414
1851208795
269931675
1676018553
1791243479
1783937434
1789334017
1982682312
420329455
693724017
1659350932
502630130
2103571707
54206625
524268439
84191963
1784470595
49766340
1091241515
925167937
273558789
1998729734
1367735754
440119908
2095678911
1237284134
495334224
1566767706
72367309
264177104
1096916528
2043584643
1776680933
779418029
293927161
275113461
478231896
126280254
995781938
52075089
1520980826
1374098880
1833011202
556190690
413960401
546767715
192509544
427424942
194235782
369724355
1929283831
650043596
1222787672
1696490525
175898798
209888503
2088012155
114262045
1687364367
86424765
1253826153
1976140986
2111346200
744896614
248313594
1330135451
738788534
1113039902
1087548026
1789932521
588647248
1458859183
1922392854
1333661870
130837346
105828210
1961383217
1799706296
1593084095
1774145353
1642954806
127330493
1122905150
1114813332
1967224401
1103671283
686330241
635538920
1279257970
750208587
569883321
484067628
1571952293
1320855679
1801981001
837205654
827834204
1546055877
1288778218
1542870323
484194380
1624381450
831081067
106276622
216532823
20431208
507075578
790409368
639655518
368315290
443814016
828147122
1392860252
577661843
1632614913
1349882042
549459216
162369200
723820164
2115983501
504455678
1785545942
632327302
483053243
1152547274
900690647
922793765
740828650
1318605093
1629555883
1923275484
1572417579
900383494
147593131
935241888
58279044
2107670577
1773122809
1104706446
583249529
1288751215
1492595530
220091402
834773743
1105979913
967387565
1245715610
633913189
1638632116
1959237997
1022637496
2100498358
1756084012
502929589
1130973838
1465490612
1119730645
955974725
1812360441
2038071775
1646642380
35699254
1778022811
1332972634
777275070
779869170
1748747348
190472263
1120677322
1310955666
767102085
2132486204
1007081340
1432944339
1016904060
661047860
1497813388
1338660854
295919079
525969059
1198154597
1637845355
1738966325
1482940106
2045697339
60325672
1721550581
2048664081
209039564
1296473645
1819288436
969278811
1077695055
839532195
690726941
1232396466
1175969642
1172123119
388062042
852768125
648384547
1972582701
1791586535
163486999
1065414555
407486318
1832634022
1592540850
1970330381
1574915007
1329899572
992071163
1755073314
1617704879
1647696672
795414710
687334399
81089879
1186264011
788262408
507333945
1622253988
149418250
1940587406
266162625
165412638
1283530913
497599579
1987955037
103413457
441142230
331489053
28592055
132154430
334965467
1630383084
30315763
1033889320
1242243610
1782211402
781839985
983529991
720782755
1363598329
289017409
1580375373
23569866
1233785050
675347473
665819216
992666445
1565962161
844670127
233934844
954928058
1503784861
1693399843
1070497948
844938596
548859527
829907131
620380059
1232114682
438278224
485299257
217024107
978246772
1307317258
309357523
865600546
754815405
1973533555
48698375
562853899
145858592
1832556567
280336584
1877332884
1206678289
1925081575
2009167139
498623802
799459222
186529325
1460464561
1869744608
1927924134
790322327
2052957926
1047816230
928479347
321074775
1065296232
828649869
507728352
1898462245
869389795
197553452
1763461079
866235579
200816655
497339016
118029208
1023076892
546468856
1511127716
1421296183
1188751701
672790232
1032262535
377483583
2026751870
1997389697
1932720417
941617841
1576562827
616592968
309645557
610771175
1302330769
205081839
1541045023
308374474
711824093
1035511722
253498798
1955644358
276284932
378637572
1236108725
1242189604
574262449
1512627690
1470040692
1749444042
549892735
1342920233
2124797803
1873728895
1536284368
405492868
222672444
2080960110
1215296634
393702260
1580511581
1157420724
1012887054
337295515
171034114
1243293646
1240507880
1373111656
816291523
1356976571
976362292
1007726538
294933820
1784760227
1764364486
1814583737
693058758
1765995649
117881705
538337668
417707235
672265917
1531836278
2115379932
1676149534
986129561
662013900
1334246912
