2800
1177271651
2005664442
1836910888
1434008956
73837333
1572392305
96442025
291164145
1383501627
1016635386
402396624
610136716
1867843462
1406049568
629058025
378837581
542575252
480836669
1078506202
2005115243
1554436400
977837176
790043443
1002921923
1001965907
823059006
202124977
1260063490
404000674
1557322429
1810233339
223600354
1240134338
746498097
264906677
637603207
1930558637
2094413425
2077262294
1937864545
270533928
55064334
143971459
1333799950
1618922541
348808579
641300040
2078847479
963615803
870454141
191056913
411309819
2115597343
874118338
1926780760
1922025538
1088043548
1749443717
1451871479
2025796449
3405011
1008236607
1190310602
456732068
63901430
1218575578
299107909
1614947447
338337864
1720337115
1668770526
2070156786
565428507
2010472982
1774280517
1040535872
1847386942
507428558
1081867594
1165950616
1827550492
1380439303
308494101
1541697331
1449659345
1379683733
1654377711
365704695
1374704989
663509432
1583174907
1351354280
727978694
201217952
1723426781
1366844273
952490662
1196998377
914874483
1742275076
1809998619
826627229
547475638
409145258
94639097
1515104004
1588853033
36317834
2129568112
2046350087
1225901602
1511599228
2096868873
521572131
336713453
186890840
223442150
1117487314
1469909766
1048681657
1871477823
1145886716
834214277
1214570480
1632980698
64041782
1157082690
851164249
855326529
935382159
668143860
1622099666
1632449041
1467411928
304173768
179300510
191459079
1669704722
837223745
469802912
1499298880
332196958
284325858
1204946819
1250885769
1901441010
1489534691
2099128451
1762045213
624076993
176931046
899027149
148254633
1288115508
1822920161
1964127288
150089166
1861543080
2571573
739677373
2096711184
1020470261
1136857860
287027859
1031871099
464367835
1657516065
1768768720
379740993
221198122
708642498
596621591
714934467
1706456266
1046600138
306019332
546129314
1610073426
261145117
137169376
1565184258
2881346
1957412224
166774347
1319833864
1613588425
506152311
1147247773
1065309449
1761896109
1151200183
1931831395
1019746240
763618065
161841679
1677862282
1253460308
213344155
2056964079
1221519500
36938259
2047028899
2138344
317955760
768277566
1140323997
1175442108
545822259
518633080
1912241581
1262766945
340184733
982720003
1409334975
1358229559
1184502096
650043746
650462663
1298068221
1464193347
263948712
972149475
1437446339
70112213
789446089
1424115727
656939206
183738346
325520329
700505157
265066786
3782668
594017345
2111609016
1923389098
813537465
1930373992
1228610509
70806012
1268351446
1170582501
1854318322
531424863
1293878944
2099704133
1335456074
1026779130
1222338048
1052475854
1778861344
513108391
2079763081
1224716498
1378247609
918856692
1077842623
1110401283
1379447065
628667009
1078870467
1097846534
645277960
1476608789
274970407
1829790517
1171888949
2091109166
416550701
1186696123
1655746229
1975764618
204442459
546348902
1292906323
1587838430
1950769738
1010812885
611164384
2066174941
912218303
1063318389
1287593043
410623143
1209081982
1985924986
1721922366
1955396577
726630824
1366215393
422353996
912607842
693979981
489627700
1327654930
1499792579
695470636
849602514
544963703
702628235
1762822725
946614812
2083559763
291909569
1224941238
287844838
1165370574
1966415100
1397404082
959004357
2057568180
1369768681
324115747
530929500
590061887
154050343
1387743967
1975913185
756906836
235737092
1247911066
844917
299804626
561773442
1484332139
749055059
214948684
1539063105
1361245502
190823251
1707516530
203955470
149533224
1109873595
1280959928
1086327991
1155909651
989332630
2274780
1756950221
1305928926
241242989
87187433
229958786
2021590949
399830707
1797179896
191865924
246440483
790407207
942020209
2110216054
564068233
879261335
1493864870
1361772807
1864840580
1922449573
157803748
2039966658
685366363
1432825549
2137166657
1349230730
348081894
259868117
1085455891
2038293575
753021885
236587151
1714106403
1945779875
332598224
2125931198
905819013
598968256
1769311357
884087473
1679666321
732954417
1149812326
1801718848
1933704838
1658480941
1383786192
857631360
539441185
2145433092
1614427800
1302710816
1943209760
1365847934
1406354347
1491317633
280622455
1944530805
1741572288
1688763772
164129904
1987599861
1180446077
1920347890
292553252
1146320768
1938052813
1684892080
301599970
1886493616
1252278144
177560693
1199603582
758850243
749852616
1272429747
1057885678
1243675754
1506913861
1512688028
763795755
86742461
1374805920
2004571649
1679352851
1453868902
2101006198
186964589
1058705051
423513249
1179035570
632131501
1196383002
282345620
1026597304
316838083
1555872238
1456415923
1269634586
1079510434
625647085
441708411
2004571410
143480043
546478216
1867817571
698500710
1628266045
761151102
391243809
1846071881
2080619732
2088096535
1121598193
538644766
601887092
1602239967
1122996900
2118992806
1908430024
433407287
2107415397
661492710
2105225669
1413682183
958559039
299211899
1212376947
333972865
1967649047
497858995
1761424342
392280262
309555759
2022449429
1803470147
1152544261
1918382349
569754181
1645524485
1566419565
236987325
2100227781
1522765079
2103256041
840655160
2117061323
1071597938
2091841147
656281749
611878028
632419249
576593721
232120018
532501872
621426855
856048005
276823384
662325736
615189449
1140044565
1401464795
1067438482
1505054959
1595985843
901591804
1504253890
1363447496
1802606108
2094637584
2056070018
60270958
2007927763
2069546515
1260109876
1128178636
1977608636
278782840
964111636
1357278011
667553803
477552665
393975340
1987815470
1953252016
461765121
1795511443
1249745317
427994522
565577157
1915155984
511309604
724349095
1282159671
780144130
566942350
385381549
236085457
537251153
1808773789
1723123375
1623517275
816734827
1861893460
1250573564
2114782842
797975113
1210616333
16556733
766557360
455440341
1944388551
110472427
364986406
1602657465
759530348
236582380
842068028
378149199
407005649
491340355
978965444
1155337528
1535033995
1229655191
1056809285
4472627
1939500418
1896372707
862472991
1616311743
1413960109
2060703238
1618876147
337942298
1501206262
98645978
1889418222
1951797607
489875694
791473435
1466107972
1786514250
2087501930
2090143517
1349029982
190503987
1878898326
939826936
207807553
1260735435
1546640985
2142374336
1676463743
1068964700
471213864
261223644
194517538
1979733296
1404225279
1262440856
1290297548
1962042693
2116594998
1455012433
872505676
559937889
995162979
393942662
1911676306
1398843778
304974179
1183155896
1738801460
250177474
869363260
1328191660
1704742776
1986705607
1148752574
225231860
684726672
929412130
1319586857
435957321
2096921860
1577634979
1179319776
821016442
822536693
772104211
1744094292
1669025177
839921929
1408176144
1248273993
738494882
771955274
2073420251
651153389
655790953
243761833
351020795
774264023
584469996
1902314166
1378430253
944306727
1773652951
2070944934
788117164
865110279
609618690
2138370826
430914197
2041850003
1768815071
1916962414
612298040
284573730
303940289
161840070
1979813863
1723032180
732520516
735144719
88410630
982269443
1730509339
17806646
115394627
1065589131
847874116
161145384
1302193589
1787384901
902447322
229607329
1113856944
2081124736
1102924437
368817962
2084338121
205925023
1437022792
1454765032
1784342274
1076627589
997512923
398766542
1866426664
1323239181
1505797332
679434965
1025520899
634633824
1038466002
1437720005
955090828
1138202044
125886880
615236837
576734447
1364393310
1239478158
1178850138
1017405926
239120605
654802283
1222191988
877663071
1685258602
1526388521
142278158
75024003
1189095572
625620980
947896167
634839543
80650590
2042973935
569697890
1611222194
1507494802
545786813
1450193465
640270184
1240274299
1889251854
518748308
2097339522
1113517656
395196075
1517550784
39391230
127844448
1803608875
1352027402
1238841301
685028235
340738579
797944116
1699746933
152827641
1804555188
107868266
321224951
134960131
1246497255
124197017
918975241
1902495765
377162878
1053895509
1817494479
502015692
1095681405
792972527
967032644
359187624
178632018
1804356212
333479222
204351740
1157107506
1396518911
710213959
1147258902
4496729
113403600
601301853
764134833
1906175162
2080562112
1033125618
319078182
538493505
1421389164
2131406099
1140497980
1459410542
868803191
2228957
1575317953
406378929
1325639578
192092850
1147490821
1228587121
1591088680
938534021
1470253388
393041864
1435927158
1782775241
610748114
414982513
1949585783
121835854
391190836
2006874135
1647597418
2116944062
780824635
155908980
1661124225
842650422
1001252709
2144617757
449016878
811691753
25630720
17818560
283779113
123148558
1468773291
1179164830
1057137253
78560642
2131076686
131926680
2117277987
191954826
2080850013
1527466873
237006787
761795132
241330453
1330332504
1006531665
697784325
1425791262
62385541
1622439489
1869532142
938695785
472452246
18836624
1198207246
1815747721
1891507738
1402643435
1190398700
1028649683
163289053
1243084036
1047027240
1208009448
1958439761
3179254
1567307881
1931140271
1062326784
280428784
1520500833
959932114
1718051424
1584693643
19828384
1087230140
1353280262
1205390271
527109528
1307266269
1972475895
226966094
1867882839
1258771283
564518398
1741234410
847239366
2089692103
1538371478
1594801033
1614669082
1826258863
1171880162
2009572324
1846385183
1014428828
1888052191
570150966
1732589412
1151389288
1952474369
556669112
976942869
1613011458
1264094954
1227966176
1446406002
953016056
1217244909
2025368327
1855752725
633526667
958607720
713898631
1961344253
2034581026
669666846
1248868057
471624292
309396042
1888058280
852777596
2106294601
565325702
1174809855
1421250619
1070839094
1288355236
196203680
184496485
1848805051
1096905880
1587229115
2129972112
2136347629
1261623080
1891951380
1265200880
1610657888
756880594
1585595605
946570506
787432844
1247806586
1903924252
2036543075
882080490
529147369
1408916140
1269115215
38970951
548121894
171910210
732184446
169509890
1284019161
515996237
319438037
1748809543
581088105
1230710701
1377922492
111284831
739567694
2021639676
454534259
830908115
1834498862
113348829
1036241103
722443729
1630278551
235176725
1589046552
1143724105
184185465
887142882
612494543
2119194466
1093743559
30745124
1782092693
985754738
103373185
856386500
2119911911
20558133
542465372
1351501561
1366314237
1893714107
546278135
703784692
934636552
2073814677
662790845
798412818
91442881
486416386
20775717
447933078
1436238725
1392935895
406953031
514121605
913872398
943716990
1329850586
1760541991
1214147867
1002368611
53719285
76866178
240857222
347389120
1293374610
1216754769
1226471637
879291662
360078706
1343396084
809403346
579416419
690755937
390970530
1050293155
1558261611
1100692701
882122272
164926829
78319545
1482394745
1265394244
1176432226
1489622641
681218061
1009184935
583422838
895386613
1854426293
1052563430
478791182
239664166
1195968116
110033400
918412199
457553851
168102745
1069973464
1147595628
830028700
214926626
775394945
110281848
257579485
104682479
1892119296
1700457434
755775756
514125813
1802935933
1830314920
1951999486
1243632669
491817472
24246400
413084131
780791815
782330954
1678645271
538930437
651010844
1324573777
1020342041
222387374
1728494959
158590584
1169264624
2004524320
1526991629
159543406
340386004
1219281160
317384101
1615431127
930288090
1021954464
1876053928
929231896
2135874429
800092065
1146033411
2074631874
1246479524
852570783
1124726549
1852904483
432779496
1615671913
1603853669
849225950
2100688678
1369427409
871633221
1442176138
308150075
604245085
251690747
107955799
1850173530
1919339880
113770667
372197487
963688459
852935029
1125691434
672648424
653102934
1851992432
862208405
1508526585
767125966
1467637562
81290585
2002351
265020270
1408837222
1942565513
179229312
1117226688
624673739
2108070178
1899633710
951854019
1906433653
114678873
268294816
1557507433
269887218
971510878
776460170
1097900080
390776987
1002879341
2049010118
575467598
1467719945
1250899351
471134728
1329102821
245842171
2062974715
554606292
2028609022
1414509540
170768892
1467578601
476449561
1794380003
543220673
1608103797
1905592613
1519637133
1778943130
407198819
1305932087
1890383600
476539174
893130963
1534710015
2135288008
1269655146
1233090645
1528730227
1974742660
1868046952
833377984
1546922143
854647768
193652534
1333173032
1976715002
980154521
875986125
998784168
157064955
1097808379
17435623
337940185
2088216273
1547838108
256247785
1372640512
536340295
1734308449
1487544461
308486119
630510187
573411233
1960262980
368603402
373825881
1305128431
1285455538
947070656
794999419
60669888
1557547199
88256894
1686118492
1551707676
1617843691
441814678
10577724
1784436829
396087382
1781960148
14201838
1938873677
1679193246
209083730
1192116664
1340123967
411024353
782392667
730329165
1017763814
590155364
1596570811
1073502897
1989492833
716045718
1454497152
1192916238
1684337329
1149732337
326828302
2005840645
529488952
616389026
227949532
430880342
746079162
2128753461
30257721
1796506639
1027115077
1334324922
1279269972
1938965562
1728424520
1728720068
181441218
453478112
1131027299
1422343402
1118544507
1472271144
194991808
1007226695
188917973
959200486
1434108339
703491896
1279162475
1657193316
914248413
903005555
1795835170
1062483855
851313663
197894708
1471666230
1283582419
40569085
2062897130
1075711043
1531076744
1643499702
1063742711
1261605437
21583545
1305988322
30051804
499121445
1009861018
1010172651
1822943275
213456521
1861443338
464348050
1101792307
1217034870
1853574256
398060363
120944471
2011921403
1111434200
1615432386
950576710
667898222
300229419
1932252965
1512148867
691505307
1897912829
724533774
1782357327
1825096429
1460264927
568236422
1791983656
656587185
241832632
1038782809
462098634
136088235
1349082310
427364855
127875790
304499620
56820515
1084396002
832171614
640739230
1134066737
563328365
1994005263
597508623
1806814485
1692563109
906998204
181642177
1192456396
1170740767
1516351163
1682206496
1882375635
1729155818
653470821
1152588875
422708497
179464990
2090892675
583826661
489471756
2132435856
1441615561
1361660283
1019077550
107288759
1530712524
1392374835
1349013156
1892587074
999091933
1759037079
128638870
483276872
1678606196
502219972
2074678911
208540268
1124896904
1302059619
1886469043
1083121833
2026941636
197971463
403246242
267075520
857353864
306544243
109703976
952495445
1847892555
1337124330
1186317125
2036125659
2015428864
1957980003
579666248
206112555
1514302025
1578754580
999272596
2065843397
882198199
45616499
2054269295
1389669378
670755256
374611611
774600496
1647999552
465701963
1648866174
1718664931
1286240000
41244432
1738409795
766848357
1598827731
999879832
898330510
1124658569
1092806795
1311779666
2051022560
1412802088
1122009678
2047082624
859255570
2091188474
1152445832
63168905
88278876
1975105540
1565495671
708400957
733467207
1902390495
651651238
1625800424
422939003
131827248
1390340696
1049693639
1404177669
1971606943
1754315157
70818436
1216650539
506316665
1418862098
995946434
1280546222
1726895919
1000883371
675390983
904229395
2013859604
1311590132
792872556
32905778
1550077333
730201095
1380398258
827422297
1010504782
971608163
362127726
429149021
483515769
803989113
1767081002
739532609
521665163
1784397527
658021980
1167123783
725515024
170240021
1241875576
1819029969
1332582791
990689223
1048162614
2052044549
1407300392
1831471640
195141447
154880341
651740404
943983158
309717959
455125780
1188655718
288260793
1256489124
1447846111
972854360
1854174683
779929211
1476185756
1828867547
1932311903
1863835328
162044532
85699506
842691504
703981319
345332298
1131530801
551166669
2112438770
41912066
294880033
1344060922
1162406406
1362409906
705864891
294740096
847432790
975253233
280604393
918476764
809970158
770806719
836967069
749597062
744882910
126490977
144385833
1238734256
1586988894
1085526572
391459149
1037673889
713593785
2114016517
1327337572
799909145
1856254195
378251826
894500393
936126945
1731403760
1330151245
805471046
156505271
1200253800
1490723785
1566109404
1174179992
1226965568
970837276
978113586
636541957
848058868
785293927
558895414
1304746226
1047009286
735056354
1367858235
1641243716
1417987440
330230861
996301565
527923068
898861059
1654966587
1064353791
28381013
199025960
2054894377
1619980804
937876867
1234471863
1892687035
578926828
2056634427
1468278375
928816012
1783919810
316604931
1424373321
826207660
903830507
923165498
191493323
1198048553
1677672774
789637327
1081687431
1366482086
254272126
164984248
922321321
792122150
672775664
66071225
48283888
984633589
245658040
522817118
1108839651
1220965206
1518248251
1241677238
1681986122
1119781182
1583113074
1547035794
1696738356
2033772259
730675620
371277114
998276504
750353179
2089454936
1042602292
1081250738
1725696569
1895806525
1747775820
2033848447
578169754
1844742390
1756659211
2011225388
1745312950
1088646514
1840437165
1962042291
1861772907
1420033145
889527901
1456066852
55249075
1530078849
1493461688
286154991
1652223733
1199694300
823772651
555134440
2037443593
1318281347
1296099840
1779174645
1753841493
1733545760
545966625
1439100847
1909432204
1689295551
2144395959
1702710837
2024591522
1302019830
787108250
1199315286
24084238
46111864
1339274850
356824379
707306442
299292529
609934178
260537166
1702998420
1251982648
872359026
60048595
1397475382
1101378357
215468134
2147089539
1772695893
1763650715
2138099905
472791498
1020404839
1212983523
1655693944
1496703497
311808881
501299798
502385894
124244848
299417185
1646105451
1823597615
662869753
1165054063
694591066
137109288
1802377912
1424212820
1480628668
545980848
1294103583
1151224820
1840758897
1347570484
676113114
1115066109
1633646263
2044162083
1567263072
2051628143
774963450
1203296693
1127643437
700298427
598917505
1449455056
224158678
692851663
2062614521
1575084124
1435540831
1674249938
1961964964
136792586
507631420
1021445912
1953031655
2038073861
1950292267
837000922
346094211
1834937666
1187693868
263181796
864987952
734699287
598974523
1801446756
1028320099
2138136918
1059906916
580662222
1127309468
1058409608
222191702
60660248
152035401
1760811168
885362208
1543171857
921663154
1081109672
1243662727
277076990
1176499410
1399306092
163412802
126482642
206505591
1166184195
954357279
437858472
2006175990
1026103911
1697552162
1874881992
578296024
1321336870
1902596635
464227749
1596453016
1208967145
944488928
149921183
890302166
1184534963
206152721
1057644272
207219755
289386252
2097846824
1186337554
1723615702
1040835231
301175955
2052231112
224903129
1118928967
315573345
1413782511
129610496
657253995
100439613
1489801960
2125534204
786769177
1033515890
133517664
1697104931
1849650863
591924635
1465674175
1425704277
1733054526
1815605234
179609519
224947879
1905111381
2103843272
1560522034
1595075667
1575263503
166912256
1270631923
371672149
2027409854
1538677711
2012583123
458925543
1115953404
1078399926
2032174760
276938467
1822910554
1120714433
666697643
497867516
1817692550
756548357
1437523784
2010220673
773261953
1083719647
485784588
1646971015
1075066372
837312662
1688166501
127451979
260821882
801879691
1997557471
157878229
592965373
546560940
60263965
84955493
249621092
1191746677
683310300
444519987
767563100
705358344
729771753
685251892
293932218
1749800185
1262539023
125263099
1747903453
328240948
816354615
1967743290
50992167
1159493139
1234495090
1352989081
180631018
1459234073
2059871741
1709895678
1453752320
201101215
1801334389
1129743855
1242042554
1920017276
1295835463
75988003
204012759
1939600238
1755183628
1886298051
1673996724
1278666928
1479944989
275112139
2027809727
407698923
1315275072
391966971
1008824318
787120368
1796804977
69429502
887548792
1077632319
488500012
1643739022
2068485085
47214166
1086739980
1722816359
763649941
988076475
685921746
1841417639
1014795851
144470398
2116842983
1944907727
2094070032
810819086
1684790991
1056469467
2124163614
2050838764
464302319
1231830274
1198472628
1419607743
1594862156
1512443426
655329884
371892555
298979827
1674828568
11079815
337494647
1582230602
1618788712
122074069
968134042
1104836431
1499561248
360790505
1828383307
460910377
731735621
1970672708
1322622650
848402954
1578170171
523693884
1248262476
1306467561
88005490
688065183
1913029528
1509824227
1038386459
1572559491
1445248125
1243285108
926370768
723676865
1418975656
1281389879
433001138
1519985594
1422824200
518417385
1348957838
1277762076
2146825239
1225011072
1405125680
885913433
1096758904
939869342
453506739
772697696
1051370591
1029880781
911474134
907415366
2088534599
801228449
1624804275
346087270
252772878
1998099178
77605863
1915337332
67386406
393899952
967926002
1273788856
617034492
1563179243
1051298547
1349313780
1197136880
532810821
1089885632
357788299
487207635
690439414
116830096
9478104
1291604825
680640552
778847790
735611137
714578830
948005198
902205067
2057742739
2110707287
1645022763
1861243332
270261467
496069966
786266952
1181271227
1260844426
179807064
1180164140
2039555201
1820927720
1273222731
1100512142
1798823663
191313012
15845952
1425969020
1032470163
37251492
2125265637
623549860
884318858
117726114
1101460948
409988121
631323644
788557852
690404725
886722707
1481200768
784215614
826946167
503924092
1298472177
1027298991
1301448337
222381558
1126171280
423937035
322221730
691302918
617582102
1304236776
346492154
1914927886
1169082818
1920471598
637840194
169334681
1590177745
1283193724
1006640513
2014855149
1146560531
1503228632
893252437
542667377
654958310
7032809
537944840
176504777
2041387777
1324297564
1957491626
846061253
1005190151
1728561497
1175793381
107710781
1994373247
1901723118
436951958
1644715921
679588940
739637645
1787576314
1116116378
784541350
1818009190
1231481897
638117536
2075740328
773006285
950766555
2101170615
2013072248
387272075
147472612
1384848763
2025150043
534213753
1868236208
1222976826
315804947
1688819403
262641503
1468099675
1562779246
2011869365
1479567208
785840900
1595529717
1721932664
1720030955
2120417928
2046348930
2114631439
351074412
1641433424
248115389
1103042923
1802377677
258727658
2062207064
1734608676
1744656068
2018121992
1102145446
364016602
1872688014
1726928686
1501489443
301746652
1014709844
1187516096
382432712
2019130121
1123859026
590979043
399823638
265214198
1378963764
326201763
1605925311
1155511481
566726206
864736609
2145530874
1377519462
304144284
2057450587
1121469148
525787911
420602216
815399553
1133383121
1701177705
805941160
2104622187
948328428
759205363
377045125
120695223
2049834700
1319787589
1567868466
1384589993
1878540357
596216370
2007046642
492522498
400918847
977276496
1924869523
834396949
1212009291
1786216879
233801251
983396905
459758465
1290847999
312327795
1930761398
702765158
940079983
722210876
466334606
1318623315
130100961
1825236906
2039185822
766910287
558130121
1788902653
988331818
378936844
1324046335
1677030977
36095768
489322417
1124111361
232493872
1939497629
1872482291
1149977819
2078760306
267019648
2028216681
1117084289
1563812924
1286574836
1364057213
1199403429
337083909
1293207736
1373670530
117801726
620270409
1329099813
1474561786
116349883
323055580
1513115335
1640177948
722984405
17178077
1940939198
783740515
992086209
1216301010
594956828
1858307895
1222822151
1281696547
1304032703
1487885895
870224049
1717920234
1963208505
666759032
1598666668
688729430
1055723967
320302541
219980751
480257999
643976743
1155881511
837597588
880113599
423028320
793647313
2052789165
1955846412
1440557653
1503125521
604636140
493205578
961280882
1608267432
959077173
897471462
1278237150
1674901971
785480024
1871243070
1101805473
359394173
1533617689
882564161
1090754047
1171638391
866791627
155321999
1052305649
673310463
968022353
365421722
1488569232
1984388262
183107394
1346562690
475843741
702065934
2122324785
556717255
1410464285
1403453370
1333722694
1499791781
1975916178
1572724257
1517902588
1919800223
169512047
658537157
134943919
1480858715
1739749985
1909554833
310073598
1707314592
1693847624
72245096
1844543094
1260074275
768422548
919027330
936226430
1203568002
972187379
1337741027
852907132
2002991380
1939802250
852083408
2064340583
1810183193
1970390098
1561019111
1158681860
1806946030
1636850990
195030010
708654177
1861689413
858109945
752342367
864758671
1533419419
243085343
1689525979
178691429
152131373
2065445899
2038597543
1906276478
1215929927
509290649
1836944435
1589894984
1953225714
2082379299
1585056813
1532483891
272289919
1987157137
2093709646
150653259
219146240
1004711730
111643876
2058072176
254547243
262379857
896698157
1534931889
1846653641
1435355786
1853682745
774532630
816868905
256633631
1356593952
1172146131
1892432325
2131343205
1713714244
1905858330
1593329408
1865098574
1274480343
819283984
312412376
766234532
542543788
687983958
1739603345
484944597
1393299305
2025691172
1705902521
1387135142
977723636
1857378376
166848925
429896966
1760687855
389661917
1361257557
1207554674
1229054667
79604784
32941352
1108172087
1713726176
747883542
91379412
633696400
442595404
709390924
118248562
129802960
205653368
961209529
689909062
1501737312
1894249540
896831837
1347169724
64189773
173925510
2018772717
1652863527
1990205162
800875006
1915073779
1418953047
1810610880
1858511428
1787589635
52375012
1503395253
2055785544
1715131923
440304066
293558406
580961541
1138638459
953675570
1441355156
2063238888
1002226280
186977217
879115046
736690000
177656167
1238569606
1193736621
379876695
830317879
1633250816
283532881
307722125
1500477907
2134854352
2116587576
33772280
313167488
1630089573
836097138
1671762075
1422388605
61319392
575773253
1025768371
1439628234
887087373
793694089
1941090516
59953892
424109102
1069710479
644592453
600465252
1590415895
578136239
353536924
1551125089
752853384
1524074101
1879207382
657959148
1443163030
919660489
645097435
2006086918
1770994800
24771197
1683953474
617008418
41250579
1639140414
1903028370
1972895003
304909930
1925387932
108387363
2097696190
1822736423
1748489255
1999885653
1281924526
77674213
359734206
973631637
1479197071
365177944
2085602600
1738629456
1242016674
1808262074
363746769
1083726065
1546280183
209564524
1499640807
523269201
1043373205
1145837673
581575670
2004562470
1844607171
1929695099
1761643526
676196774
1528925959
2030827370
1686372523
1670445223
502340530
1256799271
405117052
1553006991
2115490590
2071726190
1661503753
924602800
10256629
2066464742
630229772
1649694654
805204329
1552744914
901809657
507302336
1399496980
622129893
1370129634
1664187404
1322169477
177442755
1976693464
1049314941
1857731031
2085488489
2021727818
2011042563
1881321351
2024938758
171116130
1985477797
623957526
1992004140
1045589670
1709909183
762955473
340040173
112147173
134941158
1359173023
1218073052
388699210
1810261430
716126170
214844724
1983796499
2116457367
1874490768
1096677089
303447236
2019393132
1193451839
317289393
153971997
879433599
1289869366
1037167735
1885318402
1212371879
168987349
1387878495
1067054666
312324868
1546390713
66854787
828885199
154619404
2057891155
241028201
1220462380
628124740
59250603
2101462837
1535744782
1009689247
876198626
1558779623
1871913272
1644984650
900266629
1666067626
1788009944
889166461
657680058
844608800
222017782
12486683
1568619519
339440532
1817051733
860805821
390163666
1963598552
432913961
2068121334
992243729
1652384027
1939749122
828288128
119593645
88121645
333702159
1530948613
1924710237
1426990388
716011891
624969099
1655101121
991494194
394618983
625311273
766668857
1818042705
1823246821
283578153
1467558131
2140038535
484383851
1292999608
1327459720
545239486
1873086555
1570631476
1828241836
1157305641
2001628255
1063322499
1532547057
1831072805
652046726
526290779
199115492
1134311767
1295935392
770120768
1403544744
1606783175
642722196
2089461143
1174964131
2123868698
1633077475
1776860502
1717581419
1017414157
1873707849
377961425
1325214769
906212778
628948417
972584318
1944327371
1862130743
830785836
1874458734
899356036
175171796
807874276
928306166
153427111
419861945
551306343
1802003861
259979826
913692096
1283541073
1600696356
269434859
942165844
905856397
603535801
1721362874
1656544692
2112094455
636318138
375967141
1912609727
885206054
1947705204
1501156481
957609722
1864229639
1949259809
732166667
1050626056
150236938
792231293
2126779551
2063496864
1712214991
569623350
1981965891
1150165749
524329944
637648511
1013052577
4773919
1947376595
344029859
1080731911
1527825873
54626210
856922441
1658796261
572425233
1002761853
1347090108
1590678991
1194187720
722732690
749984059
2105189937
924949062
1150120555
1773840186
1846215984
1744267884
2030191588
937108809
1734904545
1694808043
1954892131
1637956752
189193478
647338249
465543639
421808375
1455900302
740737215
1764464735
432402192
1176311897
512981348
364300781
1075673921
767938940
833660543
124555159
773375822
755371804
317575005
1407825070
1769711680
41698593
1823813839
997880311
520545708
1958362776
1684265089
1558426102
1420801883
1844864169
2060633548
16293295
1500564278
1527107827
1569330456
1077768343
694015033
1391469521
14102901
1811453034
1220714592
93201877
1226772290
255002227
1228322585
1824796514
468020746
189334148
1068400279
1024022923
1730290471
1187772550
1790110647
386692540
127757253
479643604
604550819
90689032
1965836101
873808752
2033195636
1584704993
1036376404
719322846
1782979098
862958098
512414775
2062377495
1458589575
188670099
1945627397
1337525689
219955648
1078626702
1218202727
132273988
1031488368
1979313896
2077041604
1877181803
1304680394
998552958
1341072562
1436660859
417440394
384441293
705633354
1807186463
693951818
1543437320
1789037587
242917962
1516393929
1621332713
