4700
904870263
606334908
2132753715
353109104
1164731116
2004134354
949238714
1854898912
2015905089
780899655
808074841
1152306749
1769709965
749801250
1165283439
1914049684
92178702
1636214241
1196453352
1350476827
648118108
1076668036
1640204483
1815673262
904963239
1920266328
841095139
38836739
1715071023
1904480584
1144827246
129675695
275726935
409053823
1803818093
1965063483
1237186200
1947802649
2133489517
334920013
32759360
137066899
2020282143
246504312
1391180458
1966327367
1312905186
252301791
668569320
1790867895
704172188
1113590833
91226867
209013491
874397740
762317483
33017044
1977632295
1098613967
1302837174
1720853492
1327310828
333900150
529516370
16726673
1879966127
852427863
1054367643
1600241763
1587553836
327949615
1975159025
93875404
132930947
1637882809
914318941
635867432
1796301280
858651964
589182380
79999677
130654913
1444008855
1946294223
1909599550
1105023576
639781661
1076404493
637590789
229751049
88389795
1575629054
1630785931
559338001
438087838
1289556776
1336543008
278146885
1782588445
1449420694
296626584
697706054
955844590
1402720788
908353066
452740058
1270710956
1282470644
313464405
1663698950
1369940747
1826334708
574876033
1138420635
727031248
440800078
1965651807
1947904732
884708450
1146449125
1131893431
232971032
2056250031
1633982990
1565586056
1002358200
1897592344
1612811720
37006690
1979092397
1381214921
886993292
450345788
769825469
1028731607
172463286
1730690924
422071824
154895233
38741403
1814977374
1707146960
2047036669
1564455106
1269123185
2060205541
625637066
1241934510
826637002
156131996
1510352742
333856363
668519109
320626212
1166234166
1457825549
1917954012
894818607
1553386752
1566658312
1933464183
1861129929
1071771581
1181317477
1058086496
1256726848
1714731223
360198453
735493528
1224523447
1345748307
1366573572
185831731
379366551
1688083910
1641871455
950076586
624862280
1415759178
1714858538
1266937951
1780787129
174993242
1424491994
2077557347
383128769
846820851
1138306055
989082256
1622147716
1323133071
1447399213
157301562
2030888134
624912804
1750178676
1202396256
648312924
2116277595
840247140
371500519
65337311
1267658525
1089186980
1358170368
1025939201
1191008464
1325090579
1417245546
1153058951
1998393528
771980734
2012262668
1374996531
1372583709
732222234
309188282
594997448
1461771639
175250760
1751970774
1679054828
234101731
1681696306
239979753
1020867014
995930137
120329114
506764892
231767521
27190057
542316482
367584638
2051767112
1275688958
1267853720
1265316870
1821074650
149840176
1773634694
622528895
1875801309
857997279
1794290053
610645589
1054945860
278391276
214161002
1477919943
678757529
1402746724
1606455008
1971743950
1906118504
2025347562
1117391944
636783825
703748079
1256618506
1559707149
127577396
1946169402
1816550821
97763900
2013038945
398060478
426694414
1714724036
2000331592
1272634287
430356939
304331087
1379687539
2117178176
1852725820
1057173982
1135286555
32994345
1491243775
795435000
1641507310
1853194726
866276214
1641460972
2042707600
525827899
1811920409
146168209
1704730603
858673502
358981266
1329239832
2135454212
331525421
637198337
1875248856
89833209
116984498
1672211350
632457870
594151406
2116542930
1692665369
224857381
1283334411
1424043559
1214187185
315427467
949424764
1867529200
1805425991
525787071
476480266
728546094
1872633934
1307042668
477375099
1600396636
1203233569
68109863
184961904
716847146
1583289504
1831254702
843527771
784478996
268248370
1963320775
1111544561
1446034087
1408349335
85694178
1952920324
715685230
1745619191
1876805787
344665221
1380052864
853871716
597780490
1630403503
774854552
1436734492
1862985194
458157385
918430320
231648559
1449692856
669782317
404127714
335983768
845654609
1401877575
1044006534
343143377
229991702
442393283
1843666958
839780428
2017230653
1296970451
990379463
1037390130
1271973384
119936493
617993363
1733076382
658068329
574125095
1514119529
731615905
833263147
1103252939
690206016
753017450
165749416
135079410
1566329301
1667705203
422464171
1015805001
1544903969
1181359392
1541897719
1934368718
317314708
444691165
231305776
959676639
1634267702
126780555
167777110
1587833719
1992619537
1886388409
329530391
876659091
881601915
1119608579
614479343
1805978860
40709651
350871624
1309409617
1343529492
505897823
1836553068
640837147
825215505
1441325951
1974395868
898616231
602731707
1115327273
651702370
1295767875
741208858
29057623
817948928
776920660
1936341397
554452887
1822405916
1794376219
1728522792
1517086080
662643183
1861827857
1930913513
2116742699
1803016379
651040817
207236069
1579458411
790846626
1224881531
1584640374
1321177001
1993364018
1467261018
964138665
1423229302
2065779645
42263980
1140741005
1592983571
1423909154
834073736
85897985
1937277939
2112343391
307938662
197416434
203742836
725800185
770231258
1325153292
1793338996
478426148
786705714
1559254895
179608774
2026296660
607371855
208348753
1789337585
833064702
1073929911
651973892
1344047242
684304868
1079697783
1727490291
1082119658
2089676849
1690733807
841314813
1507774985
1824866949
225454003
555926842
1558312342
944224060
1565221824
1044496187
700749010
679034718
2046562427
1441500686
621695774
937744036
1229623446
1343751194
1877925752
1563899970
1427577961
1200976209
456980810
67247603
1272760662
1981384249
2067381221
550569401
1693800874
305413633
89731863
372801658
1156502915
1717424385
678508305
1286146018
1466165954
913878612
1523552611
1861115208
1894258078
2067824209
685271245
828665689
1824034853
289353088
1642984765
1644873803
1594035029
855703026
411204703
1002407076
1572024013
1952489942
89495051
386584847
1322770769
1994677714
2097002525
386134188
483481835
893727528
167709389
1492700008
630780767
240718351
1691387223
2040595499
865326632
632886175
1850757513
1925551916
1266767568
1117568175
4749458
1751515149
473312007
193152914
1522849595
1954801786
1643471233
1466168902
739989898
1558076811
408428872
1262382395
749174814
1577422701
1658139345
486806842
106572546
1531975136
622415754
452167001
1130278795
1264238664
1501641457
10417644
1177957103
618392181
1294377451
821475930
1489653730
1605589930
101761980
516997972
790102591
1379904690
960094568
59123970
1295244057
1260533247
1530558316
2103426585
394820902
1136297516
2139831330
1303029894
1867538838
1740791790
1735322079
812516656
476832519
1922252974
1387580860
769298840
1758761783
180252252
1503993915
1336761831
957273647
1354796559
1351099937
1390315366
404408059
1169801748
1918441532
1075116853
478503960
53694538
1364579138
1266171749
1062929179
1964757052
1362907385
1989756553
886836599
1665327474
942073768
759908565
301270157
398289378
806900447
2019927883
144363015
1404787695
1684570949
1736955171
1212958690
209192084
996357941
2098744094
387589375
370008570
92887805
903315497
45486270
1914110304
1493577876
931130754
405412849
1814226411
822689961
1208752037
1677291811
103478846
1305875056
1767612586
327897171
1934520995
997895118
1393582927
1809929086
2134832237
1379785134
110924877
1757018727
1155953369
1962295438
1603988830
979402775
2129646106
1184576568
1286200961
2139813219
150665554
159406163
1260571059
63416077
1483043051
1473054911
1378239418
2048575530
1202751724
1709214155
261512926
512583602
128845584
74711008
867696094
1619962888
1706843364
560672940
106179871
858281975
1450927783
325388940
575833493
1596429834
1484959872
222098818
2061866728
914034030
1254245891
734915377
931289477
1327971807
1045890865
694703778
33270024
2001871997
465274754
1602993487
339396198
1661413084
660501597
1620389577
690872870
661932174
164069864
406027649
1856351994
1853990600
2073289580
177356370
872086353
1757691017
364070830
2001506703
1400198178
1659694883
175005764
1448653462
982232916
116712010
870313886
1513967738
2134383902
946345036
1890148047
1543613889
515343194
642728611
936107184
1382648306
1412325148
475665913
548340509
925749202
1808502463
1342871029
1417545192
33754954
287450427
1573054050
2049206551
710851859
1435714277
1689668386
777207441
1846295257
230750489
803107800
2098720027
1807918999
723727214
490082520
447577558
1980528610
1626843713
2073669354
1162965841
1542575673
837148072
1657789494
1241851706
1106692863
1976571529
408523684
440709257
119418110
2104127917
1724641813
953963065
381835650
860942768
1687433595
2453805
1899279629
2020972889
36105743
1679037050
573895323
2078248370
1455141449
1453187569
1299260607
1943289963
97897222
1562623995
1851758034
1755554411
1056662447
833017816
1642293154
795893058
1142680307
2058501725
1296890954
1164777037
306626125
956438437
2003248699
1915205690
997400298
34686430
761405475
1906034079
926576056
2060885663
1452101182
1692709739
1803923237
1176152710
1727055067
1787382485
1833916545
1039067687
1912052305
91820956
2092589833
1475323120
863764035
1676985972
115321087
1654622
2124814957
632997719
47352081
102373691
523156066
1928374081
1316869076
1831465904
1521925096
191016793
1125777096
110092283
1694779291
1876062729
270377285
991933668
1125568702
1697474162
111753435
1209535995
1176690089
1403292115
1586443464
2011812059
2024183842
1774062049
557402921
127024126
216540569
1973024647
1305220270
1968209180
357484246
348324012
1963585741
1704972002
203931956
755249816
2056663638
528424904
1904741916
383566871
1549374380
1496268767
186373028
2085283892
1474884241
716216036
450143399
751216527
15684890
2070504403
780634454
157664175
1522283817
612204769
2074857095
843161757
1245123959
1233171509
260808548
1213740772
1016683758
357336119
1968661651
1698762425
711949337
417502867
1353510075
1546600779
763516957
2120521445
1279483100
1842971609
862584758
441099352
562882704
1392589027
1839900554
555829247
1732203132
1601276892
2069687781
1748497192
1104425937
24089005
1736599477
466159088
36834729
129266838
2051503045
1027890390
869212269
1646962055
43210777
142960556
348064803
2143753843
677881134
249415507
1866217810
2113371336
128967452
1794995284
1298008148
339647382
1178764547
1759603882
80530067
12031411
250881600
1494346450
560234977
945375306
1455295942
110699300
1121413497
1072868556
270072500
1799064208
310461856
1492730668
1942829236
1167762683
196901993
392332478
1301871629
554392277
1781134726
65101078
1177421325
789108802
779928308
536915447
1931972980
105706243
1266323639
2008275040
146376158
1941379126
838983042
1712738171
1610216687
88785644
470219572
1362309693
533061240
1471052513
597218853
1657663011
895630363
1924422205
1679722082
709159322
1830442480
697637748
421439377
499594587
1648123633
2141630627
1728149753
523650970
687167751
41377952
928957916
2066529773
61686081
1582722655
1401460237
1321412472
681870375
712197536
757310947
1523308357
330545602
98317145
230598291
157204157
456043081
516268465
863585825
1286491911
2114689549
564322268
837550152
71197874
1687150041
1438216128
1134671369
1068906685
1407366940
1492638807
294915655
78011191
1611102279
2096699278
1396415990
784053740
1994387688
993878303
182769790
402167264
1912087095
247575686
119195530
1890369142
872168096
1027522319
991464454
218464960
1910102874
980967010
1834132878
1882122363
1722655429
1411819184
742982471
52351440
347996779
1025601786
1861409767
792932339
1558469219
1519874278
1060457962
57425157
551902639
1715065866
1240844212
460046078
1415167576
207972047
830027797
956453089
1390944757
628245463
65078989
1456715284
162618907
91425106
1085723606
2084254637
2096102314
499947611
1704460429
989393801
1911293022
1345280448
187826098
97611244
142874100
1520111071
820014441
2035801104
1454161719
808853920
1851650006
1044165200
593961837
1658948922
1612242665
1587094090
768599947
1972517443
1138537785
1037084016
484773
127464058
1621182357
1556188934
617884091
1159845213
2104542692
840803963
838907238
1767134869
1484096300
551799165
2023066833
1654441055
1080067445
2098435634
1328581233
1372083759
662298254
416554565
1373272934
683458958
1087097894
40280042
500958155
498358842
1962516429
1834895583
2134035184
2080880346
1030975393
934674623
946335606
330162132
970427915
360528580
78169110
616302084
477285011
737464404
790811333
609075232
1475377539
1192551217
432286324
475976065
1231766706
1519699954
1352725011
809465956
1865401240
699267006
1314866497
2070692834
362928917
1056115495
1630165208
280130104
1087760047
1337179188
785245793
1403639615
2056169430
1015476245
700113276
1051544316
292617865
447990346
1607889638
1671077545
1063152077
273860180
1729379820
365108302
436686803
1327487514
1258089306
798329963
568724906
538353659
1096941289
1319814203
955502717
1007782289
329249522
754826118
1132999899
465901868
351247458
1849175120
854896483
2073044201
761780286
1276950329
982302083
96084046
1953529263
87528187
1961614588
1876455066
210214106
1293861453
1214925821
1446231447
1834614997
1034605098
1725010442
1109813021
139459981
1823547393
1434570848
244112286
919569207
1374201890
5822833
1199641769
680819314
348281852
1925976379
817499923
329279789
706609086
1875252803
1342721138
912416332
1575260542
1106850111
797466244
1339565685
2091988707
1131908467
88373500
143247254
1305588764
1149384905
203295526
1650476454
1845979350
648014977
469263186
611888927
1603393416
841784608
1966954466
1530163406
1277932530
1639109254
1039465092
1810362858
29587453
394250416
1556697543
1722316993
584614721
1862489973
812587980
802838282
1468383510
481075950
403478589
1312841135
73586185
336892990
1532451465
560830803
679794433
1969690835
1061299320
2140821157
67602253
270281542
1983105033
956133003
212344378
439460812
551555596
1105910328
2115671625
272027664
1056685076
1276678017
2145551048
194695968
1025795748
1653253530
1788374654
969854677
1064672310
717734009
715440508
2146226906
1583602213
1092011415
379137896
1001690482
1167500363
1017567321
1265741452
2077160394
43687497
1134730691
1093006540
1986607717
1399107162
911198619
1309966108
1985557680
1790912295
1534849340
938483315
1813710315
1792670307
530033002
1022955447
1226426563
1146548949
1661004211
812292160
1221851306
977991348
52279426
1495674219
1284284618
30233010
1023942746
969220646
1935299844
1305347951
1068264098
1163517333
562360889
369896946
1046127964
1145673873
927147539
170217307
334261851
1355261192
1208532962
1742132288
163579930
1520122775
951502933
1437234859
485078457
234410390
1142841833
1902558026
656170770
1230501819
40333607
1941730398
535461294
38715514
822873384
550128545
1042304997
295415189
507098959
925848878
404248171
1520903982
1133075429
763734127
2097878866
585464207
1226775159
1346241566
544942890
832723886
1533203848
938833561
1409192191
2027879635
1923255137
444469770
1925597807
336305066
1695512134
653501739
1298481155
1501930497
1487336552
1867873904
1400335837
266556752
1807235101
1480471953
1810519732
271970426
802668609
561151611
1674035622
982216347
1546754355
1478492933
377732550
572047124
1766548361
1707427263
1911483906
982879657
426190244
1960545073
990780949
410161460
1171776353
242994565
3677660
28533052
582549105
576173494
1878714031
492098683
127491688
478125539
1533609747
55109460
751526267
1116642392
2106611339
1194404355
841651255
1274385561
955970237
1411430094
759706128
121524949
1463517972
265203737
1779395986
1614785897
1973798200
1069696668
2048032875
1096527699
762601793
320948222
600933451
335596179
750585359
2146055435
1013715516
315036135
1622396206
1384308675
1934535536
832732181
14608277
1654952338
411888061
381889794
1039897013
1489942945
1807316759
2027735189
242569103
1267278644
170708649
900582614
225472806
1004450739
550225043
364901461
545840817
479834381
377411079
2021302245
461778149
401248318
2041266736
230705609
1617295637
859982477
337570211
1349517058
87919975
1095318906
637532055
658760209
1486081416
1174114135
1769033917
1738912983
804547148
152313387
633130268
1882352527
1134386757
252638880
1106523937
784713306
1967632928
288117011
1947866295
671544167
1059883185
1358764179
1526937234
2089761352
730297106
1277294814
104993110
1910746330
469175577
1627780298
680320309
865788432
1396498867
1702724714
1848606401
1395112132
587044614
72563563
842675888
48374001
1380082284
1860892389
306059870
587656867
1218233634
205821031
696800220
1971827765
1156419649
1321676646
166537774
799253521
1710240071
1046341673
1498665521
643988348
231425492
210710854
1347683768
2099934323
822573127
878159600
794191059
197804118
1819124786
934374377
482909560
594545046
1282228775
13701429
1075207109
1881570926
63708236
1161888506
1379402480
1854989055
1719683623
86278042
1170746471
1270819793
1488287164
1628116424
363917576
118693675
18769545
81636035
983693536
1414496391
1892931386
1317931165
1017140118
101335528
438407337
592573409
1327569068
920305311
1522716411
374524691
1665126289
2042428750
221179173
400206767
482451504
272824951
129456632
1546133806
464931611
2135751143
660067217
87120692
363325804
1495392806
2134502475
1522527092
1181381989
903912961
84727465
7212018
1371282166
425952947
359823756
556690880
1141329668
1875826269
1927466101
1948749552
2042081474
1478697545
1820752925
1321965782
1370665304
642571617
698996217
741721622
816120825
1548345824
696843616
704008456
2146817732
1411253295
1582720841
1989536387
2085671596
1919921310
1702665823
238663457
1423434593
2076539319
1044139979
1710282350
1294846024
209578751
48733893
1314156561
1235905542
1035604684
270254552
1648577355
1714029891
798249118
813295015
1185016934
1963458217
52171517
1384143593
1411922762
83273532
1152361024
21301512
2087039383
1367648831
1634530096
1341270973
1464144040
1262571659
9600992
587617847
1182310502
831555408
2076781360
1098432518
5764459
157266262
930097834
1526913372
467156636
286015253
1176762525
938485428
1667767289
720178806
282676812
301295092
1150811405
353342438
788866764
615512574
647497429
635029990
812304514
1468964571
1236566474
711059875
1414060026
2047108792
236572848
1819077392
129921374
1711734148
541650508
1394920731
123816926
2079929704
231044105
45590019
639492767
1313004270
749086807
1412463555
94021775
2046218591
215028765
2012931138
2054635729
352876288
1506550226
312634661
1759560273
1236357465
673923987
612289664
471073228
700973299
566567143
303945992
1971774356
2078899852
1610042810
744245827
1318172211
1064672986
56821693
608059599
160535699
1669324331
1017871743
1740150387
362598472
804615664
31366295
2042361560
302146575
660191220
407987908
1894956789
1290628361
848933644
1792594371
1707255408
178630299
932716318
1483222190
960704226
1493572384
1311936890
1061031436
1140448399
753035069
513866108
82365135
609039971
624206664
254829560
998994913
297766567
302767784
1182402660
1223449859
1260557010
1129631911
710384782
469117506
1796514758
766872587
1794502801
158623540
658044563
567621728
1418122207
1492427838
1002142701
612947118
288571737
1591024953
97620300
1820197301
940495455
950659136
352876628
605869052
2095938897
1564584786
1146263436
1283042836
270309191
833804839
954499816
5251840
1008738891
955940246
1980943164
1545593023
313876657
1003847889
176265006
2057609687
24883534
1922926703
873923403
1124214736
1908716568
1259491313
893471172
941440455
640464436
1478004855
2000794566
247120552
1539073582
1368878784
2051887167
169720565
1265946718
1186820613
2104784323
2096982904
71738079
1159070029
895617382
1322023736
882227678
989358630
1512280026
191503841
1569322119
1140420405
1229653256
1299596920
294539324
1512594863
1926987068
1101127789
1249856865
385920090
1150389304
326374171
321494005
1125720389
1211659889
1243450171
853151440
1807319260
786245865
1980943715
1088411836
295682668
198179149
239505560
16912526
1146998966
260451973
2113740736
688487760
567856679
596398267
710001943
849324638
965928038
1574584700
547830510
602162065
1065916920
1526340732
761014128
1144633936
1250603113
731045638
1279040896
32125084
236817204
587717006
977905733
1617276464
403119417
2046682685
1787812934
502963357
366239584
1622633025
1038480021
1527352012
113200969
1247288911
529295958
1809136289
41841828
1799462397
247935852
556790774
1705439191
433701016
665477266
996614524
1080692836
2049685763
1802691019
1710109836
1419211642
435486405
1524909639
157930065
1139583203
1674509569
1799653179
1960593106
1205560122
356944908
2024724708
1439973858
1745824835
751972537
378963616
849271732
622568561
297280749
24302544
412999714
1893484684
152381403
2058151432
1946379215
372162652
1616189043
34125944
223584244
1573958729
244206410
769791178
1949177501
1313483847
1800455988
1438029489
771686171
1491957226
2056921391
1486206158
1381628519
504730137
851394271
53466183
1440681748
787229670
171758802
2002608618
531295559
1394611983
142585413
2031547690
611548148
1561679152
97893982
720861729
630303734
2134353191
1004074811
243360663
1499043080
1631099025
1086647107
176154007
759290434
1679962730
88618165
1274886036
24859958
407309568
1837278761
208068228
817498989
1614350521
587285213
563675028
1846569455
403669420
1185480361
984201596
2111687095
1483083340
916539078
1315801057
233913341
278709695
762270114
114142410
1948360269
1006833055
345192198
1579787063
1639708474
1639313555
2115490058
840735018
625547725
1595604137
1436967712
1092612647
1665897174
822127000
2060389341
1587794277
1102502874
126699119
458685354
592882648
1493227723
1833267350
1300067953
2104812153
1489935130
697504116
390634103
1192846539
761097854
1263920402
1091236310
1856527157
367603032
1881573487
108186155
1200412786
57728094
1762987798
1922323630
1201837278
1113231243
1305223745
1887407855
1204072404
1620547033
1663149720
1527968401
1411021452
1963584970
1916660296
467398138
853232175
1678508467
1235377062
838214685
107106798
2015079267
561563485
1190819151
1368098084
617185684
11804292
1227804431
728924756
221080277
145474800
1464321161
432833611
1849784965
955934592
590147211
1463180658
1487148374
1300847204
1313936394
1022327125
878861462
1288797991
592386660
496690974
1552671610
880456515
1973206407
415198169
930130627
1856161331
1497632737
1289723162
193619236
1513420659
1370801083
1344471580
1882325884
886766910
132004249
2108243810
476219659
489722432
216226384
1874872350
2095720462
805473510
668546698
1834391626
1720362308
1937931318
706834074
589461460
1739195668
1467469457
1192321911
924271621
810843877
160923841
1891053204
518111738
1047575083
961237815
1152213557
541358322
1999065656
642877583
554602848
72160428
362717736
2042506246
179937624
1283182464
1514920517
1896275901
590864305
588637363
758799074
1323446890
95806665
1308363393
1892309452
1440972441
2141207236
494793914
294112664
1155289028
982830562
650370690
1926931024
1697403345
309994828
327622046
795948545
927516156
2074960546
1861401277
1063656603
702841357
173542127
430249495
1967270860
205616739
1562285675
1961594857
1713098855
341097500
1652082910
1601256301
942975310
1569073981
690278794
1270454590
2123787433
888436952
692466838
182475006
927994854
1548148235
887192010
1547117557
890523576
607470966
59090357
1819963303
874136689
1544552822
370440627
762730370
356617885
330304248
2092596255
1360297809
966430379
291030859
1514653953
954989976
999554485
624187067
1429907850
1435258232
1244580181
808675886
2146235629
1054624113
901331018
1144627751
510998602
1090923908
1286755994
933196915
300721992
797548857
2056694090
1580374747
367711241
170707363
829893503
1442711745
1713909587
1571120277
39555654
1984064082
1331188079
1274210735
1737545908
1932012005
527239526
1317189015
656741439
819199638
1586706038
240597929
1525780765
212271801
861562608
478888062
380909222
328421791
1368932832
1739201503
1406743430
814624281
1421391500
7734114
1035333928
1447604494
1800139858
450190465
806769033
58195754
1120086992
901781210
891105765
1091962734
795678346
1998982714
244922358
1579403588
501434245
250049872
1510925813
882254573
1882800927
1578649457
634975912
792078276
39739346
770163523
1491075613
408813062
776170941
1940188409
495610060
1838892544
1232414615
1970870215
329615754
207619905
989620915
496073059
1680424054
134948796
1903507212
1737540507
1826002783
1504799044
778926076
373409301
416479958
1580200116
1295815598
1168382347
511731016
1060197088
1621410910
2005651930
1106514007
1877879942
1001338791
1731016502
1720472639
1452424962
928249770
1108183500
692507826
256841587
1201576621
1525795700
1889006708
1850031286
941669236
92574051
1436848716
26011034
816003428
126607326
98503945
1422341950
1881620872
1856506460
992513839
465636105
2103975364
531931090
733455430
835730825
1630457226
520379333
1512379444
129270833
1474848402
1590763806
2032142263
702860148
1158691846
1398340535
627733812
2102533533
337563612
574696315
199152654
684265586
399411836
2096641481
677386605
1564130269
1638349565
334495919
632618184
1331050464
2028035981
313062430
91194203
956015515
1221735956
984032476
438424812
556904965
338793313
2106230448
88168481
1969668574
866813089
1688413757
1429804644
786856593
1665644249
645557158
256665722
1401746283
1668065091
15361245
1678436959
417358197
925670380
1216092012
70694905
1289375103
1391485880
468048735
119402725
1741247230
461102636
1285733509
310936924
1322542439
646204557
1404823042
2004568475
1455988578
1126721979
335352689
1043419794
49977467
1773881876
955059131
650943127
1277444945
1332937777
872620795
1935600802
1867011087
2074878217
800244970
1661737376
1556360930
1637012524
1241909168
489059265
1540972008
706935756
111166658
1715901330
1461161816
126871896
706854086
1484743516
170924985
474280336
386220125
2062513171
1910248696
886031529
1311826754
2081462642
1788730199
1294307059
1670559388
2101792311
1531395264
382984261
155355745
1297047529
474815176
1993235792
1237432537
575759360
85039141
917124884
605157275
1534096218
611176452
1849191275
2054959742
216182451
702813154
2005912913
654339580
413862729
1761849754
280483123
243773700
1496901301
682049924
591739025
907081583
1783489287
467041667
56183647
724708386
1739262837
1916051059
1419061030
57027463
136724573
1644446340
615619645
1270926747
1323887494
1709825028
814540998
2093086755
599325819
615884582
832518831
1679866169
2118986927
429795371
2129065541
2022140218
1875741624
393490964
1031653184
827970815
952193971
695825551
1378318687
1186885844
1087046983
547525208
1045141364
742625647
817089692
1278066473
267048209
714714918
510077978
1888937616
222379450
855355483
765456972
135420386
1239821707
1627273909
1059550589
869729870
1549472171
496963159
1135089486
94450453
2014965815
2022532999
104075869
1828112483
1096071245
314862042
1170312417
467016961
1152801589
1605406904
1006433937
580406423
378973045
272182133
988982132
1391466006
976356875
757522055
1513152812
772686349
311804466
1015033385
1059248778
974426327
1142057341
1200951342
1669751891
387985561
371505322
898795189
1476172059
206879697
317089587
815219287
1607921015
158384048
1379383332
828525597
1717666999
1100270098
334680616
1473558559
889965739
268828559
93970263
1688166284
2096128614
1205156435
1292957226
2056626939
895303134
1668526057
857000324
1144927305
69019205
1096687525
222240947
878373327
1533243222
925337881
1351227282
1447073724
878377928
1145858406
40052609
83358326
1283033886
307725078
259979059
1715501396
249056528
939600558
1690235517
816736334
1509080592
1628577349
2140777305
305967795
491572077
217244439
144114142
2127299892
1503739911
166767469
1804669958
1143459785
1633253320
727762402
1183512375
2068469940
1311726694
1961595635
1896756909
1287181904
2080025035
359138075
1260395853
2146472210
2009758109
265330051
1946142043
1946029690
898373654
1492848183
2113794110
1769423444
94380162
2094742570
769632139
1949420045
786358470
238741364
1365025991
2100178536
1085081133
938397604
963281364
1934699973
601985287
1051878040
1780855082
597954061
677253617
519237963
457784805
804583334
1213869325
838037481
826692748
1020286844
428041930
1775352405
1747751609
904677518
1731344411
1008100278
2125733763
1916733242
940927645
1050151957
1222282248
253323997
215268536
1251688036
782465908
197027870
1951125025
775411667
1018041078
84974414
622744640
204272804
292565703
1796135651
596022780
107767660
453539252
670617867
358559706
801552127
1186462095
1930731164
1166614807
88122506
1949626241
1865319658
2062491413
1471887952
874968213
1057724449
780612093
448225543
306065655
1747483148
1456707826
2099117945
1752580515
775756570
1854142000
85303031
2050353032
136218038
251118484
537828198
1528594479
1756868681
1854082686
877582407
1852720624
1425168237
1299610681
1097203584
422598743
562618274
1544263286
18040647
304450546
970604691
1719033628
1111867626
268239687
2063136376
461188362
1677733527
1864601233
2085485785
219664320
1711890773
1170789332
289984614
431422582
2037522474
1036599252
1706392046
1073021178
1394185708
1900920169
1349623695
1972421017
1048135440
1880241880
1448714222
1974729780
253857940
6544638
1499902922
430298338
326086108
537409514
370612407
841656957
321275655
1046347788
1532576500
2129801665
816940905
573095124
1465063503
1284823962
872397642
1788358138
1702769031
1891729107
1509390002
473725883
11674917
1331449506
1001669461
800599736
1440078267
1248859521
1020450502
555806820
1913708473
2045950463
808833367
203428758
695587840
1199442662
114033411
1912857539
423545418
222155533
1677802397
1544732356
315932406
510932633
1604492993
630256602
1257968061
722818602
220169345
1443523639
1519912785
1058749400
338681237
361831275
1957909642
827526876
1057563308
1774270468
795062264
746885257
1584057025
326908670
1535405038
418701289
1139493055
309045317
690755988
191202880
1460572740
75276190
1023226528
30460707
1909403050
1285895128
1686752135
491016536
1029883920
627346386
1176718856
861600206
941839376
9357958
982465271
16191788
1638248437
1461042999
1966732583
2063451015
1109840698
1352621486
966824761
821352601
513312235
1943731823
449493410
1887680472
716611128
1571186547
600669577
1475917141
1856882320
1312004969
1315983058
1226024223
1576848500
813724441
1462561244
880195621
1230599707
428932342
1273188972
20881543
1703010605
436053313
616224133
1667431774
352544987
495331098
1288246319
1184894703
2065699857
2038055841
976753844
181056460
438012831
870925092
331636245
697281519
1599641778
2057911508
1670125856
2092901857
63974162
845621085
2101885929
1063621269
260761324
2064691411
136887037
185778488
451296270
581418
179094528
2110801038
411960020
1740142748
1760559173
1684545065
120824704
925578046
2080759459
935113479
1647035437
59420212
1125901758
1930627154
71007922
1416114435
758910511
1146111602
1878925148
652621005
480781648
1447790210
359426774
317895603
182925073
2020926946
875457694
685981980
515768339
775086768
1719717146
920906438
325806082
997654522
815181865
1120526400
44172364
321565167
612440835
637199282
2027397596
523604533
1120199413
1580892460
899929904
821943364
1005068930
1330516072
403087199
73675100
392182105
1586002816
2022701923
509322513
141119728
40816723
427924855
1935610186
1634757676
365336584
1596168744
690270904
584645720
1988032452
816128884
1913720057
302448753
906336493
872565416
1879709348
431401643
1639471263
227003061
1064021600
1825214240
793035029
1705892402
1107187153
14244366
568740136
908265030
2096183032
1977879942
177495280
1090524230
1543008160
1690159278
374418844
457042958
1859167960
1439569127
1927956952
1571195523
1032382287
1308015859
1805385368
1570372500
454280589
1871063713
1009286730
1092639839
1824574123
557796680
974377519
1474422377
811542956
94373971
1490391503
1555955732
569031426
1219438739
1995531198
567957640
1019494664
1790632815
1325876566
723716427
1939207298
848354583
1493998459
1632944183
1562728557
1507374615
1560218239
1372189237
997414584
1381638687
1904350929
1566840131
766223319
857179624
502828188
1258939123
210004967
1883643455
1489678452
1750311472
1674528344
2035068208
531249041
1025407434
857502237
873574649
1891960800
1423952682
443636263
218243607
2029502645
1118933865
1462985150
2002368833
1546717740
1261491932
2022176919
1096138413
307670611
157749828
2039150327
203120304
1813870815
1914156535
2061255226
121276817
1885659162
1256892169
606451874
1138120841
1674015642
17615626
1230661220
194772258
1899042415
1157601455
1183842579
600913563
325844502
1869656845
544451618
1155747931
213220132
1964149754
1450902911
1392486503
1787529658
361696550
1997699369
207535574
1225009482
2077051913
1831460399
1846199810
1109359878
870531693
698374757
707703
849720511
757895680
976260828
234575717
1061272483
1964985897
312347657
155031391
1235858028
1905773970
1141181972
1845894280
1321610786
527730050
424509745
78910875
1944666339
1014688706
249712058
1023022516
1514556020
1235116130
1592650819
679568024
620466079
2095194227
1652376204
1188088644
1998494546
137314343
1393149656
1684014555
207382186
211266859
118222008
1122014661
1876838628
664746164
391567687
417675938
977580012
1111730640
1914593101
858842587
682139757
664590258
1000883095
571881725
1270152746
1796066361
2076821681
1634765851
2131270716
1277160818
2054325306
1373600832
1311905079
272707756
1420130872
638452072
1706453948
951997463
1046577542
384699595
733180445
225583441
354021501
1173466875
483326806
717404089
1501597806
745195107
256103158
463855181
1585568495
1398420869
117275895
109403839
1987345681
1326948681
1389608675
368862796
647832712
509261504
1008136011
210170299
1816630033
340720107
649989757
1549548999
1708522284
1635457955
430417483
718095176
1028105352
526702689
1132360466
1486895005
14145526
1996119531
837997346
2130843683
695604068
300562873
370802553
1254571128
1710786299
53661440
434375668
1037299555
1560926244
861033988
2008657731
547754801
1995648852
547381467
913494993
1410910722
1669565139
1819929242
553054067
1033578790
2004179901
973663534
1240998794
909308662
668166701
1401978905
693773768
918837586
1493041566
1598455279
569766013
1916258176
1779524722
618902403
59455967
674673982
1552845175
20157791
1708176724
962101084
860298969
621575731
112466788
1740131352
581818181
557413770
653982185
890041272
1875639737
150895995
898976828
2038166411
1648185821
553674996
1930615646
478177357
2025008226
544815758
332162664
1264521118
513796949
2126645779
1215402826
515920577
1959503267
526086944
2043454973
1529436598
1437804716
1790806903
1840054602
1445798750
431110943
39346408
2013884284
206481910
1041902177
1112408049
1284190633
430771163
1970642388
730792322
2043861187
296926831
1314567116
488808994
283633063
539019342
156001644
1937989424
2019832093
1877934918
1699492698
957947247
1812732900
177891088
501029212
184145829
782534715
1016748809
207145677
825873568
2096601120
165023915
1503147895
708076888
1578710931
1595074039
1813010174
206973716
2115791654
1937035119
1101282626
705816131
1435134353
927582888
730691479
1338559494
2030861024
997808190
1843113827
1133471000
165257655
789642734
321689551
1658319663
1620642418
1720111459
1482498348
1378574399
831145104
1516964462
1796535774
792310759
300171768
694262871
1361919366
363532921
1937514444
1801247048
773040854
188367397
1558492852
171056064
1047187022
264354405
1498935909
1572960650
1229501270
436484531
1423635263
2013887739
1905575006
974775120
1445852288
1604315209
1093007042
1854596733
1228472059
1831370504
2053259224
1900063715
1371954970
444782846
876630005
1570147460
1736173223
1351105427
2142017483
284364640
1227093056
575831319
1416795235
192065620
645350457
1797582329
1189831407
1582116189
884508600
1848658950
248683863
1639865865
999474811
1703590908
851607162
2086375662
80446911
1607781304
989351525
970879520
2054797677
1646558491
555882231
1200519646
613579763
2112837570
1242996524
680649118
532450957
1758233500
829993035
344925079
343646557
638052928
241607085
1999110280
652501980
2015322910
460795191
1861684761
1277844841
442688370
1399098219
1993919595
1819839737
823179797
1592186839
342443323
883282295
1885786415
526302439
2059350473
2088114758
826407046
890333420
143501579
725180267
67385369
383175117
1693799949
230252988
1352345913
1278939408
1047410122
495399602
882858573
439648464
1397939782
1255769550
379959383
1974370153
1941326800
1867302798
1341915320
1447752678
407713758
687210158
1546206342
249227924
2052323151
2052682675
799752697
539983957
1283055695
754327909
764034735
235149303
1291532539
423030132
763054770
350410203
1697819949
532326462
577438171
990143556
1795902824
1292096733
862529035
357302270
1557926994
1371617827
2131643053
1017170836
408286578
788544146
1268024631
1459973404
424506211
783938542
335292531
1122955473
1028177455
2118920358
884311825
1652291242
1557878947
26144517
1885912192
927802845
1140344897
978856528
529826054
1994385771
780388919
1767754290
467468868
2053927974
1854771526
1518850983
1510196953
1818758455
1169985000
534982924
732010327
1491903476
1133853291
1401309745
1272672698
1298574507
644051565
1373136074
678134558
2131379366
1286656251
986500215
1249323421
2125504062
961582655
1774371674
1489698632
1407104263
69867167
2027633126
1731587106
1876314788
1309323260
1303728063
618414114
1152527026
1843939564
446864227
2105267604
1806612116
303912497
813972130
1740258168
685750885
2017946028
1923197678
1689642921
1102350638
714164209
921332040
590573905
113991766
1632732920
1513315125
1256182478
548738311
1007072271
1361116742
708883474
577374049
2094662309
59728004
1544273196
458317788
1307673039
1231610177
1992159264
1574670853
1476057864
1828501589
2070678381
1859201622
360159303
671500043
2128933887
345432402
1450439287
632696987
1918838808
1153955956
1416701694
758004146
2131376235
967302629
107763473
889254168
436030382
1208752469
420146501
1097211904
1276880884
562003805
118852563
334824034
598230338
92253899
1250591448
1557481096
1667327918
2144719956
2125516559
1249367592
1159545259
824948379
263495519
101213792
201367165
1109265107
1014391730
1609093017
747148318
137171140
995451559
682044927
2126527894
252475278
1121900713
1879034402
1092320624
670271748
191536379
614189298
680511516
1403952842
382619873
1415422834
1420031340
1397939679
661657094
372008955
1011882919
1721056198
1344392188
1934541154
178680143
1038469503
1783486072
2005321909
1751005065
1771063509
136211629
1681890236
1501146295
373491749
610823754
1547550289
610272678
847054660
1648542392
979583630
702837074
662987371
575880758
658028762
735256968
598083563
200937845
1712056284
968711920
178238301
1688518353
999640390
1507696967
2083861075
800168131
1026909704
101495653
1175780
359450809
1224392247
987815092
1228393857
2010111073
1539426645
556798767
710685934
1741479139
1944027891
1213085212
1068795728
1577970761
736614019
2038452276
30589883
775056468
977326071
1664999818
1750301908
598912093
122917815
888746668
2050888958
330506214
357310220
1111993762
622346835
1865424126
24694852
1717780828
1926093664
84615502
2021308161
656263920
967699217
732078634
194489474
8358067
685640963
1975345550
1855927232
1349096407
516231596
1722961024
1123230197
196436819
101575390
1305862692
895815287
1013601578
151248824
156639406
1505332046
1120027166
1109985545
1825438925
1472341283
1893078536
738727339
1744396113
723463192
1525380100
1902270168
1309846356
1742357323
477912920
1643844528
1182977260
724220266
1546776101
929113747
2074922820
416590130
120259596
3661963
213777105
45343012
235410348
2006988295
462125855
421762164
1683286460
1099117202
128355797
1209258647
487161362
2073998776
66074730
767412184
1023070064
1314223790
873826059
1695008184
1043645589
660820315
1669157323
784995089
1163269869
196532605
793807845
1514505221
874988776
1959868356
694557066
641522459
314936286
2033012260
167456240
826404910
987425443
240067398
2051093007
1894228497
1182542835
104634246
1508520579
212438438
2120611798
20996328
503109111
1652199196
1634856679
1744326522
123263859
1745553706
1631374398
550492393
1937055760
217577068
370577160
388492885
1912614470
926138528
1987423740
1368200900
372003617
1813635494
205934667
1065145489
714095929
901663520
881758530
375083258
44376644
1428789069
738248999
140136698
487288368
1465057477
87351414
1462923532
635369615
734602006
593603020
1068476902
679723866
1763345100
1989100540
2050104327
1685340475
2083446189
2086372517
258221227
1085940486
350372725
1921608314
126269886
1171959656
995292449
917804725
97848771
1444913080
376639065
10604676
815824096
272991997
227472523
2059767444
1508229314
1622720466
328830987
918128898
859597866
1101652795
338643938
427447540
1931587697
174245407
660659817
493225245
817850517
1919221773
1651955915
773117195
1584426592
351992188
1358889025
1816451974
845362817
1308918105
1519676804
1446102045
2010887179
954723478
385054117
584159652
850757018
1857075982
1393187248
344942905
837249297
1485096627
1322762136
574448381
619247687
129562924
84406768
320234928
50048224
82741966
442624110
214501534
309865641
1807861793
1681201157
413433158
559996399
1890803830
1243155308
1327530580
127583113
454376507
544195347
655973787
1447928178
216259314
1983634770
1480121796
655124703
647313864
838567655
1445291581
1351019567
755384766
1046033274
607125230
1571150757
1406123416
1889737971
526020866
2131888571
778819722
1075481807
1588488101
1313339035
246752324
1447816033
1878956665
477668623
1063790410
1975556368
21692401
781760173
1433432815
763071929
1965099049
857657344
48906693
1288814950
1919999522
1829913819
1793171003
206527592
913355426
53152764
1828196408
1702539207
1229393505
417594449
1010422628
476443994
877997145
1384140993
1418434155
186701743
2065324915
606434389
104447958
1346028295
1573480848
1330255374
1465007384
380042576
1456018832
953910874
1720834226
1181975983
1383631152
1301961255
1271797864
182697492
1387322255
2035242930
635741082
1000331851
94149599
1218030261
509161737
1539971266
1369334380
607608930
652934677
183157535
1981770861
801713263
361417650
1891890476
591346913
892498919
121267669
1581133605
1350387709
685155089
444510447
314485772
613786667
974440565
506282204
1314423599
1860814270
243431875
1098806759
376016774
82722680
898039721
644687086
1398022306
1278643895
353880681
1871496127
858157710
1406659609
125251132
2124357696
102821431
503064209
485910146
424845137
388772225
480085353
1943790502
229769553
1399840705
1787081403
1538186796
938390045
1767586251
1942072604
4797222
2001641003
1620082219
251183780
607160554
807833974
155455947
2063373001
14138074
1827282241
46165915
1246632050
914984300
142214920
2111824160
3914879
1289595781
133840278
1231879960
24670173
532212086
1788369014
595261662
2082721273
872010170
969645409
1004971275
291260092
1376942494
213356386
1230068293
1419006284
1810930852
2105148414
184979180
587441531
1052049890
1062060564
257769736
1739423437
1339762480
411740170
390473512
378857017
1485977022
2074892838
1960290499
64488634
1764245166
1453881566
1271438767
965442894
159956757
1878875685
669701908
290377605
1525640195
1292002666
1859546941
481476986
1108363095
623032407
1192682000
1370149343
1746271028
1372300649
675999097
2120397586
1811381984
2063040213
1690843480
972082298
1824916236
1952317441
510904277
1568589086
682894700
1467169912
1033907612
195106327
1136094657
1652430130
702714428
1773577287
1673859490
86980559
837777514
1900635014
801833180
1195484226
1085296161
629735383
1638283647
1573764008
853722307
51941428
41378954
1343739291
1504899560
780685484
332839378
2093178640
1944139474
938763489
1468542031
611549347
673509724
1080140339
443604645
1459768512
1352463257
1737580924
1588518673
1016559051
809419955
656759260
2077502329
872909909
2018879759
571245289
1264975441
604292422
1430417982
1968307965
987849300
617236690
248321810
1099369757
598085387
1410008970
561583257
1914766160
340298946
890051001
325948850
977555855
1173135691
1929028813
681731054
1419086522
1265173428
865159797
2132975303
1305049151
521492577
1685659112
89537900
2144154365
256079443
229384925
694375715
1702840016
679801450
930567030
299379565
353557522
536736762
1522413224
619646108
2035673554
1730564296
508153448
484240720
1345548378
2105143865
1410106848
1690030606
116046633
1136230435
1029900212
2059534262
1117039530
125589083
360453220
429323190
1034947363
888455197
1026535539
1941382225
562947326
401046662
598663838
1492617428
613869688
1408732026
731183599
794421754
2088948799
1065828429
1409506438
1031993791
498788253
328179702
1502666106
1581462624
1329618055
1844380667
1391827677
1371768824
1284500255
1926235849
24929430
33998066
85676660
1827256575
627223019
898684472
51506141
595205172
577761458
1411694981
558974152
939255878
556651140
246050845
2054602991
1018730331
491357150
1819098568
1630225594
1484241311
2043142528
1963217553
1004660560
850170536
1070925731
1733673470
1281535273
245562405
488140735
725971901
1033521753
1800180625
177641047
1824576387
1212672983
812592569
1028205064
335039096
1497500415
1763021541
498516411
397901178
1647003572
1178829747
66263565
1944934195
1603291455
604898404
1502665800
1603589981
629647937
240710238
187559084
844081957
772598349
1234886398
1600340041
1126403602
1919903621
791164164
1493252960
1726705943
1263428084
1000776861
1050777638
372075516
1757086997
23713420
968348684
656831593
775518741
1201302080
996746939
1912397799
477758130
2049456292
1972699132
573221392
1958943385
766042296
982978157
1766884989
1747296873
1566809114
2120994075
1019394001
1857294731
820730617
39501
1077981437
1360375964
29894826
1368937808
2103999645
15653703
147904443
189629778
144109024
314002261
234223046
1792739026
956668044
95906295
744425609
2146714260
588747032
84257509
937103724
1150675852
283505938
1853681204
264591954
618153282
1178417986
851765813
782207267
32240149
1918651495
195403369
214039790
671762657
1256612508
335465849
2007200072
2135045235
1754837508
2128379723
1314450249
1932171475
527751641
21072809
655289707
631456136
825301714
2086743029
945615783
2095929525
1642027306
337679785
2087991374
2105828329
601613364
534355203
1665843070
608226336
1093994021
1232559755
201567194
493677156
500981039
958788005
1693833931
1100324661
1729297214
1508778817
1020381403
822046715
1101090242
364263251
1049083233
986262998
1233899413
1564521279
78593921
1961173904
2065006382
1793208550
1750127098
103926799
1711349839
1824995322
1779627833
605753437
1495417729
633544768
334200347
692915731
91166478
432077984
1955993088
1931568572
1826881089
84905182
1563503298
1603276922
1252651733
736180026
1417808275
1435287285
2131799033
24710207
1115769899
903462772
1796050816
1016975198
703630955
1786342303
202402314
688654933
1557817688
117907408
304017054
1673537223
1946007624
207665072
390594428
840012032
1883579543
1714001458
278904356
1236787648
1351350783
550515389
102065121
703795360
219235125
585052057
395567547
338669165
1427778962
1686304888
1392396434
1151346470
442807770
877455565
1605958103
1097075932
1764465675
274528588
160472902
1895196935
1117560850
2000353042
1039133723
649861006
717358511
1405632809
460661695
1990928512
1509974223
1272123271
1159228273
1730431747
90810841
1089749120
1060364799
37174928
2017892821
1065398190
903774166
1437289968
1146572513
1735857089
690667442
591712612
493631564
259220724
486149715
1491122415
135809673
2043726680
255198016
1646206555
1516076096
1883444455
543187173
58056503
676628874
2052109317
126540981
816070641
368115995
657868145
468168517
916493672
706910122
199007891
1933831360
456718185
649381122
564814895
1306305934
1119877863
325953502
588916717
1159712133
1044280320
437072345
1461587761
1946807619
449003772
65903679
1954152732
351377922
613030712
556147736
1650285745
1504818536
1322414793
472976922
463812444
272856718
1398755344
1010168686
1582310106
1996044675
582565404
1530484110
416054226
2024478844
1751858333
1553103599
854212593
1648773823
882096757
992514662
1616473097
5262889
1312987191
1444421765
515760777
1947129588
1211969961
1971434263
1501682070
1965393817
736194755
409132397
1773130047
496660855
1811998611
2004516134
1211961868
1263688993
1403843139
1213810148
1296937681
322296474
1259135521
786404808
1058744147
927996133
376909565
1921618302
1061574178
173574073
572961197
2013956271
1434335035
674774497
2131027667
785949309
1787034115
1815882583
1797404771
359256367
2125837282
314904599
445993053
771952305
1130927612
2103852372
1939501741
958062890
2122034034
495197431
317448136
1232086762
1135354025
446923359
862732011
1226189402
391385169
1589297792
2119962598
1305935599
2052905441
1274385515
1467164121
644687075
793641127
2088548532
1784097119
1496675830
1015124234
233990800
352854600
1612339379
1202130760
527734738
1157368515
1150893541
1658711477
1377165559
2059561236
1508074528
1137740453
1222533560
1781068181
842720346
559462278
1451573526
318386513
265094464
475448770
1010043230
948912199
2020268391
612638310
365218068
1284340726
1050747175
975855484
1292630708
860440721
1104181471
1103626878
786379957
1046928494
1510394814
1456179927
27894460
1416761733
1534791980
648952762
1182745768
2051424279
1487687716
1574393557
448788422
1430200485
1229253690
332456522
24856287
1129035386
2130917651
1819735832
820380029
1344029074
1493718778
1340774083
1498586580
482621740
1896765322
724634323
943546341
1095323118
220637549
529058178
723339790
1169716197
1942080616
1587340677
1523242258
175764882
1457606285
769655605
23949461
1438485709
1718947696
729274113
973130591
1039631999
956615904
1933716595
966976427
1334307718
484898685
714896138
1207688950
365212817
191221207
1169610247
1160817365
499122841
1649656351
157014445
150037687
457400904
934290877
1614119240
1733593756
244913650
236789003
314113699
760214213
601647061
1745345649
1291970330
1874889913
44696614
847522827
503706215
353495141
1730763697
1073493126
1068122300
313952220
596118977
234197664
2137205019
1824650763
320887441
1481421831
187142030
521512972
379821406
124222292
916505401
884057344
1656868587
1442851858
10478822
1926887027
1088884663
508141446
956421471
585228340
1539848613
357417112
592095922
781050152
1335327637
1451708437
1382133759
1880980267
2010774002
14151967
1039592037
1210958695
1526168096
1226538239
976955450
1086700234
