3600
634563178
634826722
681270652
338661223
1115666491
436436026
560043148
746073159
195198706
559286256
193127285
1503534210
2027870941
347286233
307254997
366502292
540577670
773814272
1328461654
2139683108
1643123242
2117382668
625850211
1999459736
752245715
280594182
1228843336
2001575410
2146485137
1465685253
1842593183
209434219
811983156
1890825876
1943062950
613617845
13399697
616601181
1108776160
1099580335
1091920656
2002488228
403812489
1967615093
2087296210
2080751393
1012257956
1762153909
745878345
633574982
1567540905
336554267
2142788093
549480530
1393543237
711353896
2056747469
1520204222
703237285
900195278
419646473
963002707
76986236
920688581
414317653
543159285
1611850495
565798717
973230838
1154636086
847785532
1983594127
264365834
2085480108
655971038
933081723
1680824559
417015226
1772504099
2075223891
1269929016
381378149
160257274
1335312931
870128172
1383762992
1922229640
865427522
394286091
892574337
1463327359
2029705226
2123361585
1074260177
669850226
1512259771
317469993
518723107
1453151394
902497015
1494780538
1845761727
777015127
1812295909
102616078
604278571
1922465048
1950721752
2045826168
519534756
1253416011
1628123745
399899470
539496006
815406313
652444816
207265812
383909942
867634770
563161090
178109421
1894510613
1545442787
2068431489
683703371
1119696349
1513418164
1193008436
1165485266
2022697842
1939597765
1353544708
1188592136
1687175547
1172113270
1487163158
211088136
1703549718
62784140
774447492
503903354
211153460
1108604027
1393980258
1854460364
392561759
1025833453
428101770
143612112
1207223824
935354804
1853997417
176333416
427139042
827744802
1324157874
501804650
227078739
813193341
813414786
1946584187
1272209867
1128959372
2049141465
1493016289
289434452
529565129
2083810548
413752640
1933328512
2015155803
831986423
1049411041
1183378520
764248944
1891436049
743350492
137150056
1952311067
334947865
408670542
2052063274
1651973829
100683989
1080563889
1038348432
310903372
145898316
2041010351
219482259
730702233
2028814760
1253551371
1504282443
521489151
1139586871
1632998992
1972192843
1491147152
928218792
1256419
317445577
1723337656
1315154678
1852528199
1415176534
1330290859
468838109
128586094
1420745460
1664417652
1908778310
994227923
22016172
1262986455
1798773307
726487010
1489848333
1935645086
167508421
335802434
450003629
825700474
557056483
1228478424
898337340
716721425
1541818725
1558191451
1069458606
125383089
1094736002
1809883125
368890136
1697437046
839387632
479068798
1013541635
1458553618
2010198427
205253797
1975130071
1803189813
531107443
1065932414
321911195
1315074811
2130805144
588749081
1483418746
347237102
1793199924
1217464876
1763281582
625183802
1447863896
1306959337
362920070
1902108453
1042952574
1122963710
2131458191
1515674979
2113597113
1804999309
1904625723
751863571
1640140725
1794647910
1000430
180191654
113255064
904076238
1524060976
1895743099
1570947473
559226201
220896504
1037838347
1712065366
2075288906
1186612192
966646113
72442776
1569397674
256469698
581786551
529332977
1089091707
1121878131
583560259
120561557
1950772818
2008667149
1525566425
1952732425
676207824
1987211670
1607504766
1421259946
635914926
934954473
280007674
1754076665
735881238
1785367355
649214791
556236454
164665494
1469676814
852329344
250895206
1211057650
295326894
2091346033
439090973
184072701
904432941
1421567558
751037465
1599864981
689926195
1885241262
1709892591
1245467320
389998880
1313131550
1683931073
936986592
698262285
1850904018
772608202
1525879060
1326476042
1470222515
948930523
467909199
567467537
2076545001
389359153
1850111305
1779784691
2121491527
1483290080
1038478322
1928217755
1155316495
627640790
566925760
1657043966
1881182984
1146717609
643968856
122500524
173982796
770535046
1171847980
140446282
907398475
2095940406
266231049
1006326528
462694731
387144752
271400924
1628360158
543567698
197661735
894540764
1435142596
684291963
1182250977
1329856694
1872108471
995019176
1464500012
932456568
2025593371
1525912627
1043647480
1392218288
1695670556
1276897571
1366225910
1582374340
1065066291
1022756198
159764358
1593230529
1733142902
1911578265
844436315
419052861
581703537
587938028
962359043
457292828
875145206
653182627
251688797
1144894882
289860756
1557056726
1365791824
397977564
177389197
2118439599
1019820810
1484647561
760019726
510252854
638627261
380670867
1636599461
462983079
301892335
1170949468
1191811755
761343492
1272952577
1935813800
365779072
5746406
876282885
1642064275
1327998597
2105913354
1491091856
412519141
1449939889
1802030614
1156287775
1822265573
404259959
176589667
1483553597
471201774
958490277
666812001
1552387569
1334659450
1598893501
1520797425
1911764717
861452167
2123847467
1179504061
1694211797
1558265559
918632074
923617662
1663300932
1442435100
793758233
1608715696
63310331
1920500563
123197022
1179230566
236710861
40620415
1503218520
459119717
1682264613
90494703
76214207
1432473182
2079968415
963616247
1494701586
1422519280
1387838376
980578345
166467622
1007994564
1416106009
1691169254
811359331
1642007132
947049422
1345438614
2063048876
1756856931
1788377682
2110680080
487968705
274590195
700315839
1057180516
1572445452
1077231771
540124601
1744557247
793389272
450013488
1441980986
329601199
147123288
514969715
2125367602
345728799
1277750986
1882708616
1245784208
683913732
1560035489
1699600869
128975089
594630589
619495572
1258015938
397004236
67742819
598550345
562898052
1556108877
1430445491
1246714885
870830801
212583636
993370918
1232933080
2061426767
2131281843
1151007289
621782570
761891643
1394768227
1705961273
1319655571
851963190
125374642
2035368059
1007268638
1673406799
1658214609
1058897910
1695763771
607068988
1474359783
189963773
1348521458
1585429564
1497323855
1065612024
1420638352
1313577662
1702607172
690758159
2017165597
1343518524
1727627830
224070549
1587898275
397734906
1567476146
1993852574
9543105
1065351617
594244584
1311744957
2012361309
370515825
62137147
1498101543
2123121932
1763088192
924774483
2051173182
1403651059
1191126490
1292233475
1665702346
418901606
1385340849
1833656833
2007609296
1437491864
1180725242
1411904357
938563193
843608224
789292694
1561486575
1635067343
640219041
790498933
1798456318
1469767493
1001327039
1330629620
2062437869
2136190791
1046124536
1917616741
692560151
1801812068
432170725
2065630114
47362940
305865929
1732004605
294421771
1967068267
1142227097
590916654
801660505
1266611263
982654079
1114788679
1225346959
767522016
1621866466
1647541553
1621708736
864207171
1549513482
370226987
1436082972
793570912
1900480854
1620968473
1980692645
2020909967
98915118
867485564
595480943
415795756
1790857538
1746729649
1727622568
1759151636
2104917462
1936271441
1380844540
1323415083
1602463500
1041281433
1782644532
21249099
981635562
1525012780
443810952
1593429449
1917232019
69802147
1537049110
622332748
786207816
698006563
1088177394
33137003
1457072548
101435126
286234489
1133588707
1684863076
571416326
1698490198
530120409
1976971023
1552679523
2100032546
1500540026
334063501
152224352
394429853
1385707633
1737130690
1861535869
449358199
1608418819
2030995767
1933631999
1088322072
241937961
446666358
2061817139
1049390248
1493227264
1222363866
425016513
217524006
651777306
453526981
1799138367
182443804
1254085161
1313941556
198384844
532299613
436748054
229613200
1721671757
1656804970
406817462
1378808612
1048469265
72420660
495067994
359245958
503372538
1475847248
1250573734
305634201
69630986
1639365458
245818962
1973824986
64054532
825122402
2028787962
745764779
860065599
561028300
118628684
1734705822
875310751
1147807462
562398047
49712005
1273323221
1424520330
1970449148
888098079
1990399621
40268675
1652827415
1017663884
393503911
1172880816
995368679
1355500938
1645736801
793925315
614264697
663585314
1522849171
1052439405
1884972603
1014769360
1260952130
1701824218
1730995372
1628691437
1392224628
912775447
191839854
863774001
1168959408
504686052
2123391134
1222634369
1439015712
765051455
1382138559
788268983
566675277
495930071
892051299
1654445034
224418096
681630325
276296605
1994639114
1828993999
1047087135
1604667193
1800279563
1760902266
1394175340
879902189
345333345
538142443
949040269
349367995
111368408
2043060663
2041851647
377554023
468816589
1099469265
551727938
1507304927
147730831
363776044
648053588
1185687196
1595849601
1714828444
2106718982
854883863
22670223
930144950
1293469295
1680640255
1100057109
395771424
1811488583
696979797
1267028055
895229684
277910641
506961352
2128073171
1221188941
1950832434
2010254079
144600902
113290761
1409618379
515697558
1504006291
580912941
1200768525
716943303
148924008
1891027917
1575957248
1066767971
1201829325
255656036
1154040760
713975051
1196632416
314034019
2102920409
178644934
1316826077
231253234
1091216257
984562126
1026378303
1804143411
1016001458
628151773
1723571768
1991454550
802880909
555642327
1899479262
251208864
1308759167
1755155406
1490092922
2030780849
1740535181
1176893979
1202959228
1693371433
2142792839
65991297
687104948
962981156
1605632947
1018828939
927088259
1783229820
569260191
791492520
1178165559
450410995
1645394913
1141624000
659438767
202813273
1834169891
142693903
1365967009
1518710568
1363744467
1926064910
1551371783
1435663274
359328356
1623367037
1881698491
1178164145
989739186
1554587842
2005098914
1233323896
1401875180
1446394637
1086575131
1989860570
370489860
577338528
726072405
1600084732
1460872529
1044431104
593690522
359524177
672296884
2102654609
1847492831
1019926887
655107897
2122952402
753030743
1483132687
778220106
1983215364
190724253
1675774249
574056063
370210945
939097451
2031128356
134522558
413196387
424204866
786095058
1770359121
917934087
690105899
306499955
1007945254
316642748
2013746082
292763136
566668697
1874062314
432077796
1807087444
1505158612
1393820400
505581603
951482249
418951613
159879170
1058020419
1544233265
1307377375
1376658917
385827125
1100039003
2075622374
1406309688
21769940
168703580
1807808164
1548883159
937141880
1589167938
1733247647
1168650678
1470301472
1970007386
56338198
1238402930
802117110
1717814467
1156633819
1892630642
493120407
1334170627
75064679
886136397
927794030
1616222192
2055725254
1752549867
888467386
1289115504
1220627379
1620061117
1134971143
1287340078
498286032
1540787080
1828891103
929483572
1115586507
537573950
1125216051
2086299680
1969173101
1162903542
1014760499
718762632
1815837642
763467320
95499254
1922198860
914472478
779118248
164135754
41519019
1975473600
53122250
404657110
1773103276
142139359
694963387
1371770254
570115044
1257048073
1704287331
1945407901
839857658
2106253100
1083249601
586757028
1629874169
822393133
1883368628
182320514
1150843992
1275630493
1008859908
27588729
53330715
1455883166
350823948
1353006831
17020374
881962104
1059727065
1760729230
1108622387
1408908782
502747717
147200648
813053951
570096071
1539319889
1040241455
379312405
886162200
1689824381
1006730127
82787008
794211152
1597736432
690368924
89015974
1303853519
196601923
1517501157
1845944847
1621016854
920404829
1777848025
1494507861
871751024
768523039
782886970
998196322
2055275307
1835297047
1519525979
1407204311
1472709877
308831034
1715507415
640119736
97360331
1646496991
1990442408
2112432321
1548037038
393621435
343574590
2005959861
721890648
2046057014
1522149534
1543094710
1773517079
563480899
862007341
689215357
848639560
715921537
1347458178
1968172813
1455671453
48953747
1206108342
1924128572
370689313
1635530052
455126974
831451307
621916670
1764209495
1836650343
1647028772
794839805
1690684115
1547004436
927163721
1840320790
55253604
767776932
857434581
830791748
1910450314
2134883755
326718207
2046561742
797887450
683017912
1076607653
949980703
2001427221
1185773261
316944050
1699783706
570926483
834500996
105081949
1554519505
1810084834
721550325
1427694786
1143860266
343428885
644403144
1375111574
1408415861
1668502009
1643189642
1113186433
1832084070
802537643
1662365218
1338728566
1372618572
558147931
29079097
745870472
545402666
2147339215
1511917379
1473350105
1842447379
153160415
1431224994
53740078
1778413332
1646240544
1913119723
1829433813
2701336
1866607827
363059729
618512996
989756085
2119590551
1865886479
153542627
2142547293
1739960964
1558453536
1934298354
1472081654
2096469672
1302423995
1829699186
237165962
1437774949
1204614950
1980514488
1432106137
1208468921
251894618
1321624293
2126443208
459360311
1507255658
1914792926
77285597
1233057436
572125418
1562023399
1146916614
1788086366
1486765856
2143572871
1175553202
915880372
660183554
833002362
1390810334
1458805942
1930296842
1187282013
1681368476
418066559
2007796882
1772616204
554495520
1780236843
684492253
703934845
802837759
1706726720
1907313584
1042662437
379311543
439178000
107637737
1244499337
997027900
333628353
837857698
334077602
1407917572
592105078
1792229505
1767539346
834752830
1091125449
2058597959
466274840
1593244127
1687216250
713053544
1445126369
1687819674
376980001
800274326
1003170175
1654113326
16345776
82675479
681402632
1336469333
1043150558
1785184714
428231643
1281116115
615746494
13632376
949529018
1818707050
1486442242
1263490882
1047687750
897976315
1869424432
1670320923
1442142501
1398032207
60031984
1287075993
1853069833
598181827
604925441
410968188
1804733722
1192488418
587177963
2072488976
1765835484
1298436817
1583834594
2086486055
1430874470
1710252787
1000326802
445761187
1863956439
802456649
793735751
563116309
1367482929
1581073623
1352793201
1423913729
22189812
1627820033
532077283
1101532160
382796271
572321337
1415065378
1132722729
1999395212
740821427
992630119
815758337
908915352
925351415
1554333175
728910626
528686122
600616225
1648921646
1180898906
305464558
1584750332
1805353068
2010137409
1204610628
1993926230
1168746145
1393998351
1409841453
1904742478
1020088301
357545423
552252033
1955469684
163107236
1386127512
1714472614
1889135880
667913919
1929901091
441153193
1278798515
872400643
870983063
505258943
1590441125
1215180839
223450626
1809918893
889292383
577000850
679513739
1555238279
683184766
1024639159
119816469
661116275
1247668464
1826089296
282055488
241783015
1910793709
1809640954
1987473642
1233029975
161883960
838407098
968713685
327094699
1167461112
1592594081
673136577
1662156669
2102048216
1864831674
1073281512
951931548
1200365865
1751165642
1069165987
328992604
1110225257
612850207
227626478
156073317
555144300
1585513293
940370132
749577057
865609556
628955700
105574918
1646357395
118695198
1621334623
1752110461
2002061174
710958236
370329804
389615785
1332571409
1430793952
893172531
1404311068
869147178
1537087018
903194783
2115516030
1555321140
1537634945
1906573840
622252880
201860468
59761081
950227426
1022040509
535129761
434707529
1007346870
1604813773
1367117394
689724568
233388372
1314481016
1745660646
1176063160
405092719
1690006625
2128096517
1719041134
383138112
1330673291
403997399
443768915
1325645906
366923827
368454861
1130616592
1811814680
1919301636
1444549091
120469509
580954633
1992845301
313334785
1302653471
1928271154
830330605
1473452903
77889786
496902314
1406106424
1257108514
1006592975
607741727
1378784427
881201515
1650457550
1874251603
291733263
884285988
141191732
40422782
1902939232
1158946102
260490758
1734371893
1761994506
709725594
232579966
1651512334
1794341859
982853342
2032836828
958412481
2017848561
1701159200
1446886904
1174838284
284396242
872799713
989477277
1695650689
641619980
158749524
1693857831
678945612
1216352943
998752565
2127851998
723419144
68503150
905719020
1789274306
1046809882
1061185422
867378738
129869658
510272773
1828582432
956453484
1853507187
1224239550
249732945
1568358848
79100881
141384818
1245479699
444566328
430207035
1024130699
1120950873
1059336232
1744280908
1816475975
2141963147
1493518769
1903555806
515640898
1420135088
1422588964
520621485
447975352
625277914
1346417555
1822153583
301637775
1407794391
318744601
675244880
1733393637
1378463812
1640868299
1878862711
1082198557
227041096
1676752192
572700756
796127024
1571777488
417058828
1606104051
1438807288
663915175
1739304011
287712066
54668857
451774119
556111211
282318004
1900701737
1169738203
1609049229
944787079
1635672706
860680192
163134526
132498747
269373423
1796104599
1341050105
20945163
377494988
1687811280
1813242251
295099689
221316472
1837865212
2030760748
269575545
1860231980
119015451
806258145
1629248651
2058901335
1876066590
2081492083
1068196493
240823880
1612155607
1159533764
23409445
850694378
1974844752
141999242
1659294606
1532525710
1703777426
1230990539
90589513
559547185
1208044243
561831646
1193138092
263771186
925743831
923035622
67684105
1754041288
2080721255
569085390
345682486
524438639
830855399
1350492869
205151474
492641726
325239433
1189096109
1231622730
1145705926
530307283
604816808
1570736951
2147043562
1218081306
707618350
722033644
588022301
797801049
521145276
1382542015
780976827
1021152713
885868559
730197608
339184603
1857166125
1236912900
113538073
1939139906
1537248720
837105433
1584033187
1193762569
834568113
1669807364
1786759214
1881563218
1752167479
1255932196
974981568
206889122
1835702805
957400674
154695684
44331032
1267144016
1426187151
35243658
947271401
605639280
732626645
1975340208
1785378417
1370021770
2034930299
1452262485
819024154
755126087
56211696
1695256444
1223203387
867869533
1587102010
98600757
1363177284
962444655
1133841086
628052386
1085200185
1520491347
522103329
1551974348
2087234361
470947688
1533039911
1044755625
317654715
1943925818
1900615397
1337856693
1185054609
2019814924
691227754
618738250
1005397688
192091453
214329454
2145345645
1276399556
472363089
1798635495
319808547
786637414
2139285238
1947737690
774966726
1652486462
1777693514
1414062535
734252099
1909873341
1110858963
1798922125
1668008916
2000433508
1474214454
510513113
979180655
2044669105
2120448998
64422497
587227017
166682564
656817741
317659829
2031517384
1214413650
1400251336
1201247203
667216365
1416090760
427407163
552046049
1796431252
1774007883
2098910660
687956127
1183068318
1345681643
137208384
982939798
1989159727
367125136
1529576922
55868325
854516953
1785679746
1643842407
1376171168
196389418
1399333455
1851668860
304007167
57601029
1445723126
868176969
1837608818
1149777151
495860883
2117476482
1757675313
1885120515
237783826
12451078
1819832620
176686738
766289333
1018563934
312719894
1796619960
909621890
1323592586
887399698
1851752893
681281311
1549099965
609187976
1232658909
749404557
1804579907
578003428
2118285606
277497770
750180832
642951661
1648105312
1018730533
223633747
791245098
124352631
2076775052
1923170482
1644999727
380568041
31145873
390609723
1853478824
1328548468
822370581
1337608735
958201037
1717020494
754616910
1649283188
321740140
1884619447
1769111720
780358479
1340141632
1223965196
2076271540
283344350
1486378351
685556867
426974407
1192766138
1938033199
727605492
1386649722
300987961
1201923545
85298115
1075889549
1898961193
1143069991
198213239
170352200
387598989
1881739223
1950200883
1582594086
400517569
1266293549
1376581999
531881003
1662317006
1327347649
1934360958
1436231456
1134473723
1219927296
535266472
449688073
1954238792
974368156
442099592
261964313
1326389381
432237331
1991272321
383287546
832947287
1216983910
2033177239
1853373831
2063884080
1253622865
771867887
35418956
1510220889
1401849696
1332965116
646585212
911173983
1943480123
1483662371
1115341926
561615059
1144384101
1291317498
1110373036
231408801
781539607
1385527494
273959071
2050635693
157263941
649092370
804288320
1495969994
171994788
1494280773
2015491582
833297577
760258629
1824772042
1537704598
1493919679
145609623
567254121
322923196
616817058
597544145
776193512
1930402517
449209765
1266635467
357185228
677869323
1886555854
132729650
386163816
374111047
377876634
981016130
1679617420
73573328
578902580
636576707
1410777153
1424071893
471605438
191485679
1434634387
2070395729
259944553
1131516565
728049272
2006695160
1125886029
874812763
1261628421
598626485
304462775
1146457621
1391551582
938239585
850566179
1863118958
387965046
2041792565
416066737
1639862336
875892503
624392545
902249159
448071376
1603852796
1051680651
89129484
1280908880
1747176550
412267196
802600200
1561167435
1850540375
29341015
67342514
847810611
1481611732
930559145
655750588
312980306
1722858250
1681936695
505678690
1121950025
296686846
635768477
945056198
847868404
4517905
1238936588
1816841093
1668190188
1971700719
679003382
1763756171
1863535845
20993348
1153054723
1835243582
1986147793
351165548
385014041
1823464246
2088271496
1444590498
781248539
648310416
611630955
596053189
531714531
268780829
88668179
1115304042
2124789896
1359432230
1169218712
230671184
2090550055
568216515
1972201867
1208128747
229848775
2026237109
554090558
1598715418
1509840356
1256103652
1693797033
2139526802
401344857
324511181
1530079342
1177381808
1339969562
1786716243
144105993
1092296412
1840478151
812718900
225994330
519537372
1849072844
759081892
885083490
395088749
1669853904
176558321
480863753
378960418
2091766933
815062841
392202608
464920091
832543857
1531785522
151435095
240072888
775636138
690414323
1936947805
1950020863
330747787
2026230800
258839621
240653628
691959770
532558151
1175712511
1445044701
428910692
1598015443
341371632
865410789
1686682990
2038521474
1569766808
47270632
950635520
1826953458
1899258854
620127492
2044244652
535748913
186229664
1609628332
1335603496
860215811
1551985456
1022902007
776456527
1025104361
930969021
1705568108
1807066875
1667623910
1162753974
868586517
287952981
547937149
1132073786
1069923280
1094901309
2026685766
444519359
914105360
836664331
35041995
1008628436
507371096
1728458887
1746352955
375923807
2014498486
219475376
1958031056
197044855
1368963573
90597645
898320513
1195176474
1751243712
1912683475
32630979
1878652707
1874331004
1238158191
2016270021
751628427
1573733211
1074002372
2120027126
491963637
1568869344
246783283
1843037470
1679148623
504427917
2101592200
1307712917
416855831
972289193
1223863372
1692233956
2032538971
1387209337
1723381190
1814218049
1885646802
1191643865
1788860458
1603206614
399671846
360743579
975836266
740529342
434559159
218891718
206150010
1987157396
1941749032
1642503756
446542973
1174065058
1648798315
349786441
1288014223
491886611
1613531456
1461720646
263820119
1691431930
1951724676
895571168
2017258344
266785566
809157870
1480518503
1083661079
184861088
542107104
287947916
652817091
1249417931
399405431
910214720
713681718
1081967335
746132612
2408442
604146904
318990738
1709947757
818495511
877977693
532960254
389907903
1114401586
224421734
929083238
282395271
972958127
508959780
1985719078
1399829840
2019550831
1011612183
1156618982
746447227
168154262
1881230721
1289380139
655597263
2091040287
671403261
507896018
63977018
782719519
604862548
1263040610
1966916825
1551772325
309805479
1934853052
759376310
1670177675
1899265434
238937595
1534998749
1260673137
1873091322
1084005443
323237921
531100336
879010717
558061660
728540046
206942297
406848579
434512298
150092023
1681369407
411311496
1928659140
1756515534
1927814881
2012617411
619360484
598369867
2045841685
1055298534
929520230
339026863
800087338
133198956
1217418536
837248483
1758028859
1209314397
1296954002
751748624
1296906326
100902960
891310031
1207062634
383931546
1032163693
1516515425
1846970732
1431624040
2031244925
167829577
2061875613
454579351
2093644570
1939348945
1975353841
996412879
857845864
2104560702
42121276
1873993317
1689007636
1165438487
402426642
1250922192
564134113
180774711
441970291
1370930399
616213637
1365051161
1268010871
1907837466
1549611870
1269619518
448434520
962220591
802057709
1944340690
903827702
1799072044
62217319
1088974826
1645310277
2015093118
1912354351
152655146
2138435644
1553259013
510476810
1863914451
1190265253
687461695
175797988
586094667
971273567
709629548
1203823465
1409311453
1804558617
1062013092
1777917613
1718997156
1056118568
1557589119
505675893
1489596239
1794859292
549785316
1441390897
1146345081
301990978
315917952
53781102
97683916
2025426528
1460042506
1899904800
1627415591
1810590166
489484972
1566548942
1551435986
723794211
90908838
185765508
557866655
974486622
26372963
733427694
1533481262
1227062307
1868858080
332317316
1868897359
2028896084
1071947567
1551594426
1373855123
330712538
2080361935
959951694
1842163308
1922616762
1458960591
1993659526
1185089256
600661793
1124887756
1240638989
1797728200
169664778
624092906
1212205463
1453149285
351827120
1348742061
553309498
217474469
1538218603
1638606014
1714436772
274815822
1432690146
1775601362
2039019617
1155127082
445188637
167575785
1951928612
1886262999
330294676
1143992805
736939123
1158989283
886109958
1101178616
1077133058
1124851835
1661423952
871506273
1943575277
1222221137
1712875460
1059153384
1647953863
1344823251
1310779958
102388136
10404606
618050248
15264162
60488037
893536218
1437878922
830489634
1301843752
803291242
881135254
1474582891
960549103
345996521
1963142268
1435502220
300088949
1932735647
1488531998
1324804796
891901975
1902661070
1470967697
1628238680
1798054989
19688966
1542840758
1025192008
956776118
1869926992
1886577638
1547890714
951791002
309260248
822143823
1731208243
826458294
1519180647
1554188227
496766273
1038497607
186546874
540667712
2086743948
1274342952
1682471773
176312179
402755275
305043086
290067534
406005766
480260763
1699017564
992120097
1765092701
596570901
1895768161
818384742
1980510769
296848572
1705468023
725433727
111909377
2031549531
361525910
1291916295
974050316
55190571
1316975066
425234866
537844817
955955062
1867987526
1093969716
1024313007
247426721
1369593885
1216016448
1227968738
1976730729
466648372
799388470
453344493
1254717711
1883013098
2060167461
1870672634
1533615849
832561437
541101867
662629311
1607921418
1033427516
505380188
485974863
713598221
168555485
791676851
1614041684
2104697738
38413231
1421289100
2140614969
1645846648
1426355021
736421439
1920467439
356391110
473312645
1253040133
1507598898
236195243
1682871732
688880045
131933657
1677101080
402859257
1755704857
548977010
1422025922
978538821
504044948
782404548
1897261411
543611679
336143853
730939571
2060886116
152020049
1513865955
1381985081
1300135076
2144865694
1302558275
2058981260
919684793
1839652213
719157220
1500655086
2042318898
287419864
517041837
955569155
1278898358
1427563271
868609974
464599027
2085767588
458762655
1710016457
1014454760
120378072
378436635
462949009
115191604
1353199149
900772462
845736863
1810518884
1353892973
1877317440
1273585121
1700283350
1995876743
1874495109
18971897
200384643
880101432
817337305
635026524
1536686102
232019672
444217323
1230692388
431200235
1346179964
10455156
731692432
1357047878
2110703709
786887884
1794425469
1994575287
1170577219
1293323457
1064650310
399053611
1603702611
1850330932
776905272
1271520389
1734477692
192151529
950210745
1256268086
1698513986
2029979093
643716823
601435472
2012504841
462410094
784479135
1917267258
788893380
941181711
1702402284
1765195448
1991670825
931580164
2082253652
643664897
340078043
375852484
357272137
63958446
257228849
2099301956
393077007
72324297
148438728
626638997
579550711
7159134
1725726581
1029255478
93860725
1758881937
1739261708
1783571050
1288716254
1145577198
502822277
1586033080
1137475038
96451207
181041789
817661536
187178216
1906489761
17060115
1035143129
715366686
112629851
966116443
1572608927
1440213890
1105310516
2121169828
460499945
1789528780
432943441
360091396
1635530120
97571600
967309016
468542099
1091280464
1658666536
1347329797
1303366638
51417953
441881645
997490301
1124498867
706506654
832265000
1816374645
45988780
1663412469
1431834673
490871289
1567053851
527616014
8693488
1330487882
1640494599
840295870
1056559622
94975771
1502648318
1333899466
734991323
1597244861
547713527
903937379
1087542716
1963174413
1347618551
284809837
93047099
1421502880
586321212
1552232471
693751798
2131916072
597596557
470017544
358525872
154612401
817435850
926585308
134756123
1504022665
253982550
647802077
1428677901
2003590942
1193954622
1527796440
1923762747
80065238
1128596231
1888716791
186608659
1143099181
736819642
1131153188
1684330954
1893734485
1121903273
1806342317
31624331
1124371915
191980723
1927999382
116100958
661933067
1549535070
1280905374
2129883041
205559741
183855041
790970457
1449751928
449048255
916436243
1873770798
2016060304
1466344353
1450341318
1406364220
815497197
1627684663
172002096
584973410
681223080
1879861954
1396414571
1507156490
2141000601
1066607265
1066765296
2027727874
1164271707
951185474
1067551966
1318840482
1357287038
178941000
1242899759
2058734054
855885594
1349011780
673887996
410243928
1224593318
2115642734
965097301
519180405
998197943
263873857
987575269
70472466
72925048
1400968603
428023367
346487180
1713203935
827839945
555409493
952712471
368170784
2055785016
1473165538
245827543
821902512
453088851
680484745
1294881523
1947117940
2007195396
167473468
1532235142
220656136
1530451156
598746148
1563986488
1136159146
231425552
182731856
898856294
495804997
271563010
172914630
433083497
325481718
2009403152
142068394
1533315648
1501663647
209464637
45843318
1896343408
895146190
358821896
978665362
379109088
1394096557
772580641
469653267
177505621
170974294
290180459
431720811
70121041
33640665
2078205816
563868064
1965671369
740132810
599818615
323633710
113953675
324113116
1056494652
292637058
20370797
190983232
921183382
1259650668
1893521913
1589512305
1797467685
1545556986
1703268433
745598027
1360696687
730273292
316212384
1103728541
1273389525
948505963
1782380242
1480803147
1236172950
396176436
2048769950
1097098091
172576264
1927512501
1992425361
794988023
1825122556
954971899
1291277766
1920836634
1070730168
1071108916
2130664769
807571937
1387278198
33245076
1346777959
1241964260
1799927242
1010254837
1821083299
1619920422
1327323994
494228115
1128737829
350852704
1002189172
1640054011
1077034658
1820662425
2098487682
581121899
1576911916
2020526563
1179186703
1501255205
1214241907
680394877
196783498
129976543
1589671763
2073591418
1528943835
874209010
1760465673
165114321
280045777
1788335222
862388737
971851165
1314570559
822306180
282442168
1139620418
1148191427
1745103662
1788520598
3524165
687184187
1548730230
440079363
1553907242
757365100
1521199441
969441148
866927795
1454435408
1819742553
1902516608
647463733
1552982123
2040446419
70628163
69085666
85509245
1744590541
2132098509
858372113
91040168
1866592994
1874186432
159353931
140078506
1001581248
1924479154
1808448730
1288514907
554366521
864226503
225490796
978599463
169119563
687492633
599894564
1543762321
9412598
1840811110
1630909343
1752587803
472479050
190551578
310893194
1468838578
1583807504
1810803871
1084214962
80842749
2088912129
1693467831
1197175035
2138336053
1465667915
1937328834
1651057510
1861679158
1690576396
1227813526
1183048183
1573231547
343157114
902302769
1988239816
1226040675
1179043459
1225712568
550009540
125178588
910383504
1030268495
1926305493
1842387098
1447322663
1393250573
1972955770
341226872
1679297014
1076569797
786674887
997264453
639357892
982036205
1885849708
310724241
393526694
1659386705
1863490295
146259419
1881442614
52164222
1907826091
1507864319
1549622054
459897308
529980856
940209213
1637130062
741600344
878111782
1140606581
1593193526
2096343074
538021507
2102986913
1241047077
1503947198
1599452938
1830590920
1056247076
1542653106
537216122
189148889
952028479
1435739025
354618016
1118581968
1097082369
1430883668
750887650
2081569743
827369115
139031447
811861044
1136257220
423051694
1707034789
826336019
1791487878
1044607915
576757446
2130303568
2012616068
523415048
1578405179
1215781623
1361787848
1276578648
1440358145
1807377563
1102213405
1906592851
540428649
1653933486
1592396864
1409817396
445802965
660251604
1331941143
342792406
840190990
1572408251
512692008
2138320909
446216430
17516995
287697362
1239790280
1385794582
1385646675
1555463352
206552545
48779881
1061634407
918628684
2097046797
1564897393
1972362256
1711595205
1529751508
352571469
1767126823
1521642514
894381344
1760368695
213426373
1348459047
794544134
1978820777
301277165
515165844
761480142
772776632
458802478
602469692
1233778675
1461663190
1406059092
508392240
1138730223
1633711871
55986999
1480220800
630003706
899317325
1342061996
1004096217
536483739
1323601164
2098565640
979746588
1135384501
205323393
526488266
1822219317
29505012
574075944
1716182452
1882516861
100990412
1965893470
1192373064
1213598808
1455191361
1752357904
138272660
1831652074
1249636441
1464236361
1620140552
1087366713
1263480290
2016697562
369049139
1305608315
163986448
1541585294
1176963874
100164406
830579612
206192166
1125129460
766495079
1677712653
159728371
871496625
989344362
898436317
2105442392
1929094326
748731203
592840395
2145930438
1848283639
1087144291
2025823059
671441803
576883474
2010746202
1564683102
1911304826
488062247
2061681632
1261536302
688762967
1241029418
1261822318
2061304917
434682679
791873015
305560419
1556875076
1089666762
468991201
2135362389
280271392
81814204
839259632
1534132197
1579317195
1183973367
477101481
1487198389
248007899
823500898
842022911
613107506
698172473
943637579
893261731
1828739531
1896340252
478294121
1394968488
1316072826
762772893
383583438
95287887
309897393
954886864
2142263932
1864149566
925482235
1863016622
1469737545
1321456160
1840361865
412520707
292960952
800040385
419034565
536370484
1489688078
2086801671
1395456751
1478253132
1343424821
799949183
588486322
1569791435
1718004035
1810167195
1348758852
490820029
1814979140
1453495722
809395211
1394806900
2058030399
816845766
1361517369
1583253937
305761929
1049072651
537292931
395111936
123485102
925752539
1974995358
1758503907
1857210947
338792236
1995171129
1051181825
875152851
1187063498
1311700744
58317118
1774882372
48808613
169134278
922875517
515169698
52999408
1335567600
1440088374
921360204
1538644842
453036161
745296594
1220058386
768917469
2003312177
1545640709
1956671085
1222672307
1740570516
1205407120
13913588
128875755
830767163
1359795417
962998382
2116015700
1411759955
1158467431
846705276
1406248704
902480478
361731000
164779707
1979518851
1888245480
1990310968
695291039
465044956
824966631
1060862959
1420148359
1827138822
1116134490
1893497525
1973331746
1968633407
790410969
363788600
826093880
1786595583
1411642143
869481759
993959031
732885687
1472438985
1737770493
1021619298
1233100624
774673683
1298581601
1550163710
1246566885
929722761
1068725197
327985588
1325503606
31840800
193821962
135528827
742307937
1672516950
580285421
6383376
21134990
1725218916
2003852919
1533951701
1324797843
1929382438
490675698
583282231
247262304
822342699
1910119151
1637302812
1235590664
1522802263
225392943
1680252202
904343113
72062925
1769477206
1588375132
1770137489
1759656500
738362306
994569840
1042668904
1763380110
1131243372
1919231705
327531713
754231380
31111974
1498693629
846226444
1195685398
783807513
1053857523
739869608
1170693465
266183606
2103827550
774342117
1263258625
988243245
1606056484
1698037617
664190973
310710546
1256751628
748545918
1521752167
715536680
523117552
1937020947
261124385
1770057158
526298069
1808963171
1540604986
445958436
1939671124
1251156736
2031490015
1273709566
67688544
316510668
900144679
888558000
1948713674
568945343
155325807
294536292
2012140253
1821266313
203842497
1253046803
260349873
558937774
86930670
2042384203
1858796056
649875163
1570605134
1243208965
1913873119
922571671
125668302
2017065961
22513968
650742734
1166409003
740429979
662966435
919214936
1235539296
817504364
1803411388
601299922
1231190539
272739655
615183745
58064073
1970911135
1768675914
350734578
1462479774
874300571
1606670212
99757506
575898627
327174706
1562023504
7521369
860620933
610629734
1893647915
1861086759
971661906
1249648366
1969231934
520441249
843426182
311807939
1109314473
395496285
470480332
1153632757
359170694
575022258
1806382672
848521891
111369558
864944702
466866692
802285862
1036541855
196449643
1120079899
909514580
1538137026
4177834
271140776
1789095172
1910810668
1420345325
493344962
347052518
537123467
1708615960
52358197
390651874
1735183529
732356658
874183631
460682541
94349446
940696404
785588870
1682239080
677821590
1671993003
734606705
757903689
372758454
1125768175
138191522
36204270
1884089877
1371090900
1237392161
857187696
51709172
1896484961
946471324
1508977277
750675685
1970924561
844866492
1703263743
951787632
1955698282
78854535
950707157
708887500
1762084881
1121365664
801457698
1323595161
87696292
1180512734
1154539531
362037396
885015764
920751384
337063691
223261321
1506825703
841959131
838151719
437895214
1131392740
1784383741
337958854
1574564145
762182466
1350226460
1193602975
97178800
1398237121
667184462
1115149743
611958239
1000757686
638890605
1821532108
2068039524
1620946042
333385310
1098103852
360194182
1079277441
784389000
352279578
1516216493
631004694
1728434593
340911340
1116382234
663446315
1771026019
2003446793
669396990
1838303793
1152464276
1184839608
926506611
975731504
1471019270
763120051
1556878246
372666960
565205409
247198250
488110317
864531952
1847975636
1799039193
629457360
1017992252
1234405115
803041369
5289925
1289349682
454219750
612040551
971411216
845164933
868792078
1176622
1828815449
1788679938
516360621
345214389
371242860
1983273082
2028608824
382103100
1038805810
951495495
425907940
1020716485
2101568998
246442657
1488891172
1213088865
351352807
565169685
1298032389
239744047
1306115315
1097180852
1634509953
854399888
368011613
764651188
931475213
320898930
1360387487
1147350661
1750995351
1105370593
475808622
1961862235
1021540589
209164290
1292824775
636309737
626482121
720913507
1145132329
1953875628
1327885211
416714990
1116810686
1193463851
1614793687
185671109
1057226974
767616345
132846368
401528554
1593828109
1711418085
1109136196
1715181328
209748856
565901310
1535568164
538890499
1254719215
1397810217
2042287432
1875198751
1358364057
1361403491
599284752
2050404504
485332532
283429573
76754352
