4000
1074791076
71528218
1271749448
1992282625
1118723722
288191312
2129172087
469070278
372263376
36405751
523141161
601387244
570194833
1344232734
408021459
920760774
1348808800
376773489
1389450545
1790952556
1179329498
448941243
598168571
1297878842
869110374
487417275
466644159
365215367
530597070
1920890028
2043644515
936148408
1220583750
56237527
997847446
5305960
409126553
541580996
1853079279
1295587837
537898367
1107598356
1642458673
1700540558
1175278394
700609509
1142351704
1772270081
206171276
2140593093
44995976
1372710433
1277370078
2004354034
1955530110
1687375057
1401045755
879395766
1749715674
459853296
99004315
346050016
710963021
1751036521
2115439365
1214901578
1921591516
1550607232
726836720
284887078
1736120116
982840323
117169469
1126378874
212912876
351825871
1171555430
758900738
1977209667
640087116
1376081920
1185750037
129963155
841388197
1766422460
445164056
1585686073
1471999584
1823926325
769547269
625686815
1538113862
1170022011
898177424
1131349590
482279236
1041404095
1180066722
1066026063
141812107
1181372813
1166612878
415704608
361737339
1776988711
1054377048
452288951
2056339254
310242339
1747757996
1511210226
192441539
1278596109
41480755
236070222
1665539114
1679528808
1916139838
2009058645
986198125
283405123
1494994163
1272763123
258095255
1243905663
769481167
1502211667
27519084
213427067
1170614082
1028957938
480139455
155205318
2134596843
1917621029
67702506
463480238
994119367
1990860146
1483198076
1890027488
390385925
28300071
1971466125
1762648521
1603179665
1955543749
144572619
389085008
2111359840
1077555649
1494052514
652334477
917558420
1848234849
2126640116
354409732
1533063348
1380181640
666178002
1463080035
759365089
673698842
1981272282
1865745084
176307334
2118919484
1851394017
1842237660
459561751
1433766269
1564110305
125924479
442731039
1127245136
321941710
763241058
2020956465
840296531
1268831885
142297240
167844591
180726509
325985632
1174687675
405180645
614258084
60150629
1590978321
622190661
1431555645
699088849
1459148002
1767493098
1389063864
18969143
1989366392
185942665
1517470553
1836360546
473263254
1330976536
902713525
912559531
267251491
146221302
1003086428
479233163
675370758
1304933921
1520296144
904287658
543575026
211157462
103886805
1584722106
826221373
1612791849
453022879
726914926
1420388744
526306036
1572119654
1919964790
349992420
1958387057
1001339363
590447872
1739588329
1746082039
1358525605
1493437838
1472451092
609292567
2082160192
1107213769
597775636
1692213195
1887787369
686874388
84959395
1582514611
1146550145
726357597
16246510
552974942
1718081425
1618316449
1917040925
1652572317
1033890777
2034180083
2020102638
1344041626
1791330348
591354322
205367430
5804642
1108023573
1158902140
1007290769
1478592997
298147974
1972146820
1907751532
887174970
802372995
1627303556
742531899
1895956683
257948070
620827742
1069039747
1597551028
1288249276
68276347
2096111227
605396605
764467538
799856009
346135136
1685983234
107337190
1216867577
526167334
315554154
1365883072
432303624
1847623147
998896446
2063535845
2097659737
627735379
227377080
193449449
1116446333
649494240
2029623175
1486707056
1767321587
1921578708
587300344
1349194330
1760680078
2000426940
336321683
1039428700
1191238708
787027884
1889675308
355437625
811648866
15102017
1020284098
1778216557
1315675817
292825199
481665424
757634387
373086038
72296255
1009264042
649281269
1491343133
889490771
40567894
1692279802
1754774870
167647378
1981374552
2070986037
941109818
1298173152
948332957
1995182707
1855258578
1626679129
1190377565
1399918691
59027963
813111237
991883753
390293289
318799444
2008941538
331855081
1693577256
1012184395
1214157009
552521023
1900911805
26671511
880407916
112177201
1165487132
1211318434
580228311
1689600465
359786944
1199610691
276013191
258662252
934589406
1670301006
1896202943
1797961132
1920764189
662535735
1538445464
1623874305
1603231575
1271835027
1900577779
235320790
392692114
1917072995
756170369
1131423417
684635771
33214711
1320014697
345505372
436760134
1402100016
592927194
912275677
1290107233
643114076
864356043
577667658
521717405
611255430
1003229167
1977844554
73443463
224729448
1579652473
1150776390
539632992
1931438056
584750187
557644537
276286480
1324694316
776331532
1709919660
737481327
290278368
53160202
1471193115
1765751929
797094334
1056308580
317576984
2106378547
417307181
2009327000
1163691416
2096917082
1688128002
1107589244
364916747
1727299934
2013586766
1705672658
946067914
219948662
1422032562
1896292870
312793022
731297411
888140070
562566176
1995173429
1430972841
320077598
145871984
1838527477
119435488
969292534
1708059810
778780472
1227824406
2006857649
1659714554
1634474419
1026722926
423657625
1038240159
1959427214
1430610325
1417304586
1680842442
1360713016
781386035
1551714664
717236581
1943507201
794744961
1751868751
278373797
2071605783
270019489
176516589
1705840848
2005576351
1665231716
1332456787
1028203321
1512440420
1315894
973250416
1164038770
933053022
1743393689
1370252019
1921768477
334342178
1452652346
497545385
1782273843
1425220636
703668867
294067352
858541874
190192606
755912038
466378053
1978426830
592803706
395348531
954293626
2107538835
833484124
970494941
565662325
858876833
2013251253
1523328101
1719803384
2070065782
1731425179
1008866087
52377017
839271350
1434388300
238811934
1004098482
1932282596
1355580605
1421240453
1448734347
2094923635
1835180578
1492684883
196704619
843742866
735104491
1210879266
1572826392
727494184
272595667
2116626045
1250105077
1104357080
1214624676
1190534719
784216727
924001689
1149565011
213125055
4344114
1544521506
1928094018
2010162464
1730271685
381471099
1554254982
2073087668
490621452
917181864
889311613
555278270
1628151356
1149195118
84425958
524070389
830142729
1445216796
1989203416
1837107008
1981605019
1940691858
1650633067
80787542
665608737
1056915020
662052672
1755519485
39043796
1518755827
2026313126
1597646953
1142703873
2033895087
976635347
1879318859
1998161873
344198306
874180653
1393863059
1208067636
2055661948
1480970393
1961196452
1862484967
1100645439
173431412
229023385
969556814
733859540
1482898830
193405758
1388597296
654698250
1343697258
863988465
1926639418
1579057548
528681551
1682306569
1070782217
907369390
2013664487
1396160991
858083269
617199123
885898047
1797062325
20864022
2105071304
361590791
684967629
460777513
654349120
1898963949
1778957272
188236715
697361203
459440398
508011880
240853132
530938383
1392258870
718038995
164518904
1480616420
1851810043
362645909
414617121
1585368442
505374424
882459078
861365099
616593920
87362649
691932891
574077842
1069267578
291929011
1645728894
789680752
1878397089
1835035269
786071949
1178513453
775618662
425102865
743653116
7545289
164225365
772101763
1769547157
1438021835
1695791324
152499451
654736479
128766951
138557
554477038
1998815011
576761634
1155538716
32327412
1254861866
1205763112
1998470174
2065314227
649501384
1410531907
826955981
1372283204
1236097430
1132300045
297059210
1523834333
39146715
677822024
190529014
829386918
1251591238
1601012255
181604228
1476043082
2063376896
492459066
2097881148
1788213476
137897969
1565172811
1205803516
718638812
1102698231
660922960
1788122027
247323828
1872757856
493245782
1182483170
611244885
2063790260
863747165
2114532975
117335595
2071094647
2029368867
1793857679
1344464801
414243820
1435103887
1638430944
1701793315
668281638
619850023
1400905553
922830696
1193000477
601479902
1568171379
10667303
2077250009
774625616
1970903416
1568655735
2044279813
1609603011
748709963
28408442
1150106013
1057899294
1744457661
872382332
1151124365
760979861
2131105907
760783994
1056435956
2140584970
1634818267
1386464898
1287246327
921718077
1001127573
1353320629
205681272
2147285684
202039653
2029735675
1070087330
1123898579
944921971
1506673650
1841955024
1049468657
1973548203
1778066403
1542093222
1458462651
987363901
1163366930
1692293840
2033629536
2142520238
1556853736
909502113
719424068
954786795
682251822
1928006982
457593952
1406659942
1525143677
196940244
1303309892
1783708646
1106420241
1451407742
937097969
20137800
68017687
163315968
2044865097
1656356224
372211534
1103912016
562446678
125215969
1350732981
426146503
1009117743
118081133
1171174908
651335461
1335970994
869801898
170274595
1540902188
731999929
1393794538
1616565651
1446311845
1641241561
1418813297
1423678320
581408507
348657173
67485226
532364497
1287339785
843730472
1734304252
1052850935
1368985187
387638136
1545231048
327557469
743091014
119876748
126108450
1891373463
905333380
1448871716
1409968633
1692702704
2092776936
328249544
2144011577
936691473
395821
2142529213
784493516
2072550561
1897596170
420859412
84760617
1072082385
723942459
55256200
64565876
1815419564
229991096
429537356
1035690622
2015415185
1091143644
47130733
1967696501
962065444
732189929
714271960
1524992138
970514686
76747817
359835403
1692967463
238422619
1982185019
434682378
659043605
1781559791
819548350
567847579
506172031
1026115034
509521112
890161012
282697876
1863044501
415694058
779393518
144532931
1768988167
570336087
583736731
1364826623
1876629016
333426762
685490473
396640601
1695687166
558162034
1613835839
2053328462
2058700987
1151738556
1149819361
1275284482
1800339282
1625794276
290348144
1233195160
1178944943
1696887803
831623755
1000306429
2722540
878544329
1980269577
1220682212
1762187483
1712747523
198055466
872826222
1568491777
755539981
1940816430
1616017851
2120335543
1295379222
49452550
741774542
1982395643
180614340
1136311559
496274812
1375254270
1596514642
1545261000
1512793274
936020163
173188975
2017963042
339548324
1240627362
1100080910
222795315
1621663401
1401767457
1311852362
649486332
1576068399
1752616383
1640127695
1397643669
701095547
1988738474
1044977680
688327185
1558483628
1560908139
210680663
1119530752
584268273
2050479866
1527077174
107185457
100556589
1043708445
1136974593
1948375252
767822165
896719124
541757110
861658438
385478313
604659949
2110012702
208162395
1026272920
915370427
886032509
2052380482
1024332695
2078919315
465064559
24724551
784358884
1325645319
1113188987
2091415934
1351914981
237661836
49595374
468726828
423093750
2032226937
1935209677
1559794404
1781791865
1309278178
1710471977
1446274316
1642231521
1080115713
845630446
1127433232
906711992
745698428
1769351471
1501983393
243755992
1958881162
1747648603
180979291
157283888
1175522599
1917194192
2038421061
1745096986
297282681
337188435
194491499
1598903513
1698651703
135972929
780430801
573337038
1630474566
1016778418
234885666
16170657
1883133635
1512000697
799409358
1567492815
52311603
1393880640
448222334
1035675833
2084784524
295337607
1819925377
1991555947
573481466
1213269488
1992501524
938145302
1574368207
1060728881
1197485990
974218489
1039338187
768129745
1009434448
1786757192
788956744
1333504877
280871918
748865200
322035164
1616055801
534335322
743841445
1676061891
314669732
1671915521
1111507482
1254180712
1488168132
355639963
359231216
635999822
92024913
612335888
1936106185
930429722
1586237574
534354842
1251056778
1317076159
620785343
33919174
1206314684
195001169
2049906454
1143520740
1413671316
2040606000
1031434344
2035793572
181863850
245473791
567671247
651998800
1154463170
1216483350
1032081527
2103860999
2084878768
2064721886
1052229259
208724651
313280357
222376121
1004425597
39418682
1965704895
1307405559
1182955377
145611271
724865713
936363482
2076780136
1298684346
304431971
1869070398
1169590824
1323955356
1651769790
2092153029
1552038534
161678895
426729466
1035823117
1466169679
863753054
74399011
1310371478
1080162559
1110301117
1889087179
581151143
650750667
249489659
1819276145
1606356741
404493618
40829450
377941152
2076561853
928428401
1393164453
651338082
236916032
1587663506
2091780671
909068373
1054161817
1334678379
1131923278
1104566761
562409316
1915112619
933585591
110897846
1638619661
55153563
1616990861
300846527
90560179
1455734638
1669720190
1286438566
788381411
2045114550
900376896
1310118913
747063151
256429719
384593405
1931344282
1344545653
751261093
1577143153
145273367
2055582037
1486409266
1414087415
1296687733
1953525569
2059850168
715962949
691233581
723629838
876743203
1480178688
959961839
513327627
218066885
9502699
735420579
1340339800
1319571187
1364441879
1969464902
1085503979
696080190
451098615
177826380
479334394
1833955577
1105409784
516616826
1866808413
810490755
68163206
1431424458
1526050838
836539482
1813627811
1807490807
333512145
528024616
894726578
477802183
2121635297
504952349
1227889329
1474758090
668600920
441079034
1837615044
1939509055
1879088018
1706259114
737780214
372228841
529009814
278173074
1872283917
1873172321
1254801066
974458663
1332344102
1019444359
1318917750
1111808508
2033966644
635903386
1650206610
1557905502
831286455
1072638690
772647221
2078214702
1649127824
1340206517
175256068
1702278009
997041766
1882742899
202030328
140192373
1968944731
1489080961
959608028
1180997032
1450642699
1345851824
1317914900
1961140980
838643901
952261788
1009764824
1049877607
800874661
917986588
284609546
1660651582
1228095101
589294225
1489065486
56954163
163266050
1368282007
87839611
1165484705
1151360520
721744163
1345032619
265225623
487368621
1036304389
556631056
82769694
1759246157
603784079
1612402681
623199039
680037552
158658440
1078337926
670731855
58811164
577264311
2012399477
704654331
1901810061
334526743
43292425
1004682540
1970139994
544316891
2070452596
868701700
328030192
1621558786
1362230944
1512484029
1773239105
1812310606
184081109
660459333
595363435
290396592
281815462
1198449196
1236326191
575495055
1789401940
2104518190
1086836946
1540413857
717334562
1213695697
519730214
489247506
1066954163
1457909965
1529659410
1886574007
894423491
1755590671
860674310
1462747326
2096132097
770807293
165083721
1690881873
592629034
290629504
1599024504
1789667873
2022986658
273093647
1973537448
1474593391
68655133
1779446488
410763728
1881224091
1076946118
1861290432
1993058700
608726345
2076184323
579918776
1857853511
550266585
1729663668
810106405
647742559
337418218
1018754645
1615378463
1245309907
1101790243
628258821
1351804984
1165591960
740646039
1791099109
755446360
1507506332
2072420848
1094410849
2109142743
1979063491
1107046272
1879562531
1660178473
1123500959
1685406899
1503189637
983718220
1833436960
839542672
1825581148
846199835
1119724397
527357688
1291725962
918964001
1505269338
700843278
171417293
2119388292
298338221
374741340
312700739
641370032
1602451841
447773423
411171888
1796459539
2053538006
1929994969
2144242964
117553841
749225164
177698310
24909640
491307318
840370335
469002271
292440828
1609539514
1143863715
362259826
930080243
1142060772
649365954
413402286
1921470834
632381147
1096322623
375489075
1764394283
736330796
265562291
1658585429
401814590
309841858
1934653082
155195281
1670660329
908858305
886442555
1219419575
1777433005
1556333263
1371286249
1583467281
693804172
845622568
2015878333
605525780
336241612
1507084347
1791734051
266544146
1764514372
889846671
1480154992
1284862229
868562783
943126580
188097644
1880855634
453477304
685053505
916646671
1196014969
1051509933
519715697
11091117
1152139145
756642154
1996998889
1442707742
1511498741
405466759
503419501
1999296259
1657848760
1219547885
1123375946
519023702
1178987140
1873965936
2080103871
300711398
561119402
1472313204
1434212589
1558534284
253934920
532427982
242984615
1110183
360374459
326866064
1960827402
1124272872
1361671817
1712733942
1756456401
1843637244
753868822
74534788
92457574
700715379
1311401578
1845809611
1296551021
1392669048
1564742922
2094220461
1879388826
365790071
1928633238
1152739313
1877085143
1039716349
964393024
893079391
1766030936
947046699
989964947
1887682427
851189029
1573759813
1686121591
1418383820
1488438934
980165723
1990424049
59826480
753732100
704824480
1950680626
1264238027
968693634
1094662002
406058655
573319525
1707815984
696664665
2049283189
192781286
1949612554
1071222326
1288110983
361647993
1374854434
2031499095
84469793
1142133813
1225620165
1121789333
1155406288
593915272
1047342842
1368796251
298212522
1789949317
254603976
153023332
832447671
45681008
1987904367
1859561172
2118934277
2048114153
490393389
1490513674
453461340
1720785836
277392553
1464775050
873019088
1861395165
1557010656
570759336
1403951947
922949619
1856601399
625435717
1578487138
726931523
595361125
511771060
1853492292
822211903
526110456
301558773
530740873
150919679
239834676
1078285416
987630546
1166423515
1792101575
589075108
1596307416
58290767
1006907523
1583733941
1813865438
814149262
2036676922
2070497173
1523388745
35406677
1659344485
825921313
806026273
1615122389
531805866
1854678768
1521468691
1790283162
1581700457
1312559539
432907020
1701260525
2093813895
420184658
1967365894
1161787647
1887176604
1947353965
1696978103
1147864196
924451194
1553917995
2056502681
1495801115
365271761
391431258
917865301
551815209
1145961605
1098427478
985225512
1286309763
1686346136
1081965983
499769163
1527751920
1225422112
1560375134
2081852461
1858061862
391573975
1804413402
1009196903
1480198738
1016997545
2122688370
366156668
1947397426
2107817503
971103349
408307771
1316303756
493313124
39135119
1125858694
261824544
787451183
1723828717
1056240805
203550432
576207409
1272227803
1671455590
1865980405
2108729710
252350554
2005343655
1405805923
1981612933
117525938
2111569935
1156166733
1173053912
2092187173
1900732987
80847785
677667955
1910911878
2006208703
621867050
1413501217
1180261283
1821265835
1768792369
566868210
243527924
421733556
575471059
1104586386
865251817
84355382
578635951
115430631
1034560106
268346658
795001921
1101622580
1987547962
1638707297
1235812283
384224505
1665331739
1157897673
1874422283
2075579517
1792172740
781413579
39333708
848116994
1418763937
2063909929
1055415408
848394122
730275143
1699410951
1375226782
1467060737
1893532738
1242857520
1473730599
265528922
1856757851
138261003
940956550
2091831347
1696277542
739947402
602960105
334801949
953381535
361935029
516391298
1561615491
989506732
1864696443
1524898154
1174411494
403295182
370237479
1542128395
1535001514
1944944925
33299152
998190075
1605306530
922918231
1283939971
464801929
1305445076
278872590
796556604
1175646542
1382247244
955898122
707805276
755928530
453922568
90101036
2099594169
15673799
562384180
1858484800
1285511087
1213143361
958553441
1006235031
25619224
1869485260
784473674
362663274
1772846487
146445634
917842803
1670025924
650910172
68319439
883817314
1879865317
769448018
1901850258
498353792
1857464842
1847748819
1983359837
1279718651
698122393
836543771
1974297957
452301939
1088519589
1750674142
64198975
2044352379
363927240
1265041034
512988423
2004720324
718226646
943994103
1204473390
1573647347
2048056272
507422205
69893115
266848122
2000333822
325101120
1834384701
1170171672
900622668
1906494077
1961132983
376485968
1742494848
1429975077
687638625
2057527852
872733366
1858523493
1115392179
203588526
593790356
1511742972
2140768570
1209987634
1036932097
214703666
1295246073
2107834280
887513749
1969839419
66901897
1507903616
1464765167
247323277
99708247
807668384
1563804839
2019542385
1402377053
726696619
2094747028
403619355
1067355584
183882537
381065656
1568137342
985115346
1713500681
773131223
2082002580
1214594473
708517797
1277064473
1293611589
149152713
743072894
1481727554
220155928
1664749831
658478896
1655183115
1343553732
1035330367
1775758209
1354206958
1330789533
1513701215
1123027037
1480127762
608803890
1456813338
1797956983
781131953
341072978
39168858
1056223799
1442365847
1210754743
662590587
336593891
1983928270
599975325
685369973
1374522332
937096299
1903238349
1109177162
876615009
629588336
893340901
54218098
1129352319
697979480
1134025976
477545300
364694546
1364573193
544935153
1505683523
1533670332
430339409
983068636
921435351
26429013
636419831
1204121128
1165007391
1946063012
1652773982
1583992881
793044858
394204873
967516955
1637568432
2045515025
370150204
723176368
1942041302
1200955842
1961856056
1123297745
1706618399
863495750
826485453
511714442
2123681482
162490816
1206843653
1643251268
36547832
32669267
426254268
1000709472
182494590
1336648847
174849195
1315513443
485612787
1225865345
379898263
495186461
1345145296
436135417
1113901533
1514860914
108955092
1852924863
1958805676
1010033349
1683532110
1000700243
1131704283
1501061987
568798411
1308314076
504683821
1199160777
1377883034
81717504
239215055
523665908
1727372682
756496234
1855520669
1531110852
133218832
888931946
173178729
1641344328
1120383442
87327929
194566194
1855281874
862920905
465498686
1991957505
1963353913
2070878535
505584863
747040693
2104574501
1045370218
1926046750
238454640
1802197603
1527980572
280757761
1634938545
237268528
1088620606
397636343
2065569119
1338925798
118784023
1784900038
61023831
1385162278
1592879871
1862016144
1472243140
1184028035
129177012
1238539399
483153771
1172270812
592151114
1490472530
396307639
131418244
615889680
1841014293
829455107
1194529218
245771390
1070771250
1443478104
1119755024
1536427758
1304152350
2061224581
1371186665
775203292
1781160364
647938812
444988819
1403131278
1981844347
1027950415
314791711
780494174
1445069097
606889703
229407096
1421758913
2130624081
110166681
1043803716
2132851582
167205959
443792089
937458040
1694579827
387679711
1110730295
571382236
996787035
1608760249
1196298101
2132463962
1374631044
992436507
784104413
422835478
759240097
1991249759
1337211247
1550501340
162283265
1372271288
1635136833
509153345
1575589396
257617440
623368663
284464407
1219612495
84363319
616084693
1597946172
1236220225
1079025221
939435440
933363200
1082560109
1365533213
491885570
1357791816
1792003874
112532692
1930407428
1141164357
2079859754
1668725814
1133718943
1701120953
1881524456
1581262386
490907689
518737901
1700199901
2083722635
1552212937
590481941
336921154
673922548
1568749014
824640618
1932793689
882227224
1068853503
2139443102
674859281
1236383338
1032465440
1292171937
539017819
421232924
1445922814
2066846588
173565230
178436542
673635604
116944703
1911582414
898427023
1594747689
589281776
1460822153
1552240724
2135055943
771182564
1962701565
1234897466
641230262
884235418
1322831684
1389259376
107139524
872989641
803853000
2127473787
2042182285
1185370586
27547638
883484386
2114235779
2005250875
879823075
407455950
1245439166
1993160033
1978514061
818912344
1817707474
2106281740
296209807
886576211
53141351
1028845581
526948806
1543069651
803195587
1310693864
206364530
1540949687
1190129190
636174317
436224579
1113001416
410199325
1116204884
563465017
762438414
1540777055
1332625378
1033269957
1956876790
1663084814
911313869
2029958032
781795205
906980790
845869105
1057236016
424013562
359901549
730600736
161225147
1232178551
727209378
1328201252
853299626
704988861
1419476198
313926181
1466868895
980820259
2093142122
61279284
1718665222
651092540
1962198710
115065630
1295575378
1123695150
52380126
1777383914
597214965
638466427
510967193
1852246180
1465332584
427428701
1787364855
1065987097
330962817
1259797417
41317587
287477127
68766753
809353782
160741651
1982878768
378766674
1260459840
1063920587
1408105672
236864349
181309400
10518389
782055837
21614103
1230422444
786853329
1789172501
1429354113
2059251741
1841712604
2108850181
1513513327
1920237444
2057022066
1890962933
1781406105
1010659905
569389199
2090692837
1173891429
1618685060
1957244229
2028971091
1918467667
185352379
1670288504
1147798128
2051428850
1861485468
1339330149
1157324245
1187929344
1748084920
1802538597
361259066
721752355
1212589706
1948447097
1963717529
1415502808
1762484959
1748902798
197423731
102526843
346105486
1280593564
540975065
1618810618
137910956
1964282027
1596942135
1922109200
1391594436
146848266
1714251139
2007296263
280475403
264541021
1383807231
1734276271
74735024
1947708396
708024654
1774695053
1543627244
993177743
256391178
1318473388
1934469820
377571570
1222928569
1496982108
995463259
442072631
1357156653
154811960
2092830845
60926284
942891573
10747123
81971832
1886251407
1576916671
1214356904
1734493074
1342054884
583990639
1953621393
1564865345
312836218
1908705279
270125719
1845991388
1246006164
791487380
1145644366
1976881597
2015279346
1426168167
1485532094
1200752736
888441637
1120515703
16610107
406689511
879442086
127794280
1642150553
343162710
1558895027
840374601
1267252353
2012735410
1228676616
2065442785
1869662796
976854467
156142657
1839249445
830795020
1644684235
1538279216
2122555267
1051021477
1436697635
1633705069
1558155437
1000846903
59977222
2042927760
473857090
774663500
198253018
78376827
926988595
851466112
533198013
1013337698
1248392270
702869978
587978094
840638169
1272834374
1068984088
764803263
849817996
1846731424
269462062
1804403930
2053849148
1214775752
722507911
1975096948
580121249
1374900138
1682056275
552080570
444886410
801346727
544114254
1771621694
1277978808
1359870205
1151039639
209672428
976407772
1356295365
2056812668
192038835
2063456882
365615309
901452061
1368134899
1807865806
772609617
1015164243
1616798609
1390364421
1845473075
2046390818
1798865553
1761191133
1711498874
2077598015
77740402
1682943464
1416333493
1214448263
88857497
704523819
1307771825
561960728
450143577
888559176
1881425754
1475662525
2011717652
311466584
239398264
79273778
1851084321
147134393
1786128934
1402692979
1322999727
305300437
836437089
86073477
1100328520
1480368573
464868736
1802729389
1694450028
866861355
948605517
1749213278
1622416088
5424144
797006484
1473038451
1009748694
946810201
1565053429
1596983644
820563009
1484437164
16433062
1114562768
1515120916
2087251801
1619621737
949335202
356836910
2068799880
258640044
715119664
333396027
2124726755
1196373976
1674801692
558071577
778020024
198950398
2020421539
1286310738
190692472
527323483
160779935
833399011
1973198938
539424114
330724154
1459893458
602741285
2038502262
510631482
608860262
2129263854
804248110
1937385487
973917788
1629192892
1762551486
1945944654
116395486
844116723
1947513916
971276862
1201422389
743723331
2070041746
1828516573
911383600
1397805809
1896869990
295710565
170838611
1278926280
899190727
418907553
87323058
1071435201
1758177671
552148949
862587805
1629602793
1247345765
467744505
610402284
2037169193
140979913
115428723
1404242339
233057198
1472608083
1715269881
604037971
1153115953
846105814
2007467169
1129724420
698421535
505290444
1648923616
112257913
1285607365
1711543619
732965836
1170311343
1993903181
1066162630
1520713307
2130649919
1418917747
1669064446
1994394483
256925964
2087393692
967762152
2130613432
262854823
658745183
1323922902
2078873143
1982444935
1023074679
1766622652
188910032
1732027533
233044282
824120061
275329247
917506013
690946125
146635393
902243985
1869574982
1015569986
1470067824
105577021
1409511562
1230556956
965073778
687952319
686525429
1076816031
872496594
786993997
1024829368
989538887
1235367228
1832360040
198416633
451383780
2068088658
208693110
2127563762
1051966187
84282789
1186461215
1168355320
1520337953
1704617600
1175188394
1808509877
856047160
63728703
755997634
1289902478
386425243
253654583
323522435
1109085192
2022296886
94003455
532986139
1663277451
1664126023
436362786
1933718666
2007462207
1542989090
179539258
1024607082
1037956831
1596550853
1386961742
605046366
1973184263
1117712261
2067835778
522567374
781288347
912180094
910280629
1861507715
728385466
1974667760
1296570272
610206911
1119937695
1997135052
1546822276
2110456109
30868777
151375350
970479198
1729236335
1950112401
1330113977
1663244323
238980143
1453486135
2040289660
837066041
1229633241
574539904
1548898591
567675403
2000410560
1228685530
1084806690
1666407269
420646177
735886681
1482215890
2088998529
355013201
1091313167
929415785
1052688677
1907921577
608533134
327021282
1596105142
1365148643
902538812
1213413469
241649577
513476609
961936606
1148532717
2099534818
425809775
1651668632
173422094
1322793258
1676882846
83756071
1564699639
388090761
979394876
724841360
37348877
431896920
841165350
569842576
815852171
654005072
896722988
521179358
1729292056
326094043
1745196734
2085462365
1417537347
1927953335
1092185382
494229772
1711575931
1806164267
1757381114
1983630978
1311290900
671365544
1283486541
1215460930
32000582
569529712
1771313895
433504163
882250369
1018230802
2030389138
201324831
1263973967
1581941123
2084208421
806190184
357263570
2073140745
511494479
584458780
1301485219
1315683983
2050326948
897187638
141237491
928667815
247214560
559376442
752387726
408153828
363689011
1166294511
6476586
1209917829
1826872601
789348795
310986035
309855743
1951133192
878129525
29079529
311101332
216797190
926051334
599784971
304779260
1486460160
807919042
260884413
2040280822
1878246124
2027582475
1589842097
1085553346
2120082688
1649302050
957290212
993591490
298936176
2132557155
1541003432
127819043
1853945882
682678520
1423186567
1481220970
1550168483
702139072
235140579
1152351947
787434982
536915805
371060553
1220317791
892362660
261457467
1074959479
370794739
1392481552
1464426007
1222222423
1543372295
967246324
551176441
715371523
794559882
282751441
626104469
549157005
1180785720
1590542984
364208875
528445713
1196636142
543442585
944655812
670906158
2080173989
1217539658
1304601526
1725385653
1342182491
1210645443
409448371
2050911169
427249776
1298660269
1800036814
182939758
1216155771
482986070
1972386620
403092439
994505577
984077205
301040259
1853489115
430375637
393017622
959299703
1063912621
1138995973
238033073
1367048934
718034584
234335066
1202698435
1947495078
1448014921
829052489
2043129913
1696497321
1364612464
353516164
93968543
1632880780
316080259
1127356926
616745264
266942671
1307814232
595712679
672372743
1448465225
778622812
1339307902
1080665329
2126193481
1173295941
522860283
1683844092
416282587
266116780
1277521240
597778126
944662400
1886367902
1760166778
453625866
856038843
2034908390
597788568
1112978544
1137962447
80233056
871335303
1996023250
2128588770
1710858384
583591699
1965739333
1319200153
2066249256
2067733462
1658227984
1078895794
1693779925
1408240095
635568981
963726666
2083532165
99337717
2040126356
1200129276
1555909010
1325470558
353675830
364182261
2078590497
176270443
914820420
865170674
1151343690
481252220
228710407
997761810
478699964
572696931
1228096604
228146213
3170078
1838993387
2053385494
1079599596
366161470
1540673519
302665941
363482461
694182063
99732263
1923652502
940393118
2098113979
1619194843
1809217837
959106501
901654649
1575374071
1910976456
1191003903
1788018257
942617234
113918411
1269800570
55688565
398305795
255711308
795963595
421929592
1624734306
965489966
983655248
2040360706
196349056
690826700
567199821
1002260583
126620440
1287957591
338922312
188751078
1247673153
437730016
946300193
1713378011
1412965611
1705874876
1512921240
79265394
368697999
704660660
660370957
82698315
1486635476
1411661457
956623004
886074248
1932762024
303141433
1225935096
25498584
1392176314
683481513
1540111221
454763490
299496721
106837058
1337348772
1313627128
351740281
391743633
896548054
1764333448
1845901898
1516883612
72824676
937294850
2133122359
1254072935
935971722
1121038019
708164643
1961975387
470733395
2006258525
566994511
1840512181
285262138
1243451838
1121278047
1735787258
1270758850
603776209
861606954
1310028543
666958525
593227926
1539244485
503957001
1658575670
1000480770
756111153
511373036
784424960
1037192185
136923274
1004430259
1439914822
650520704
2119418110
2060660860
1209855135
1301363815
227074543
1494618478
1081591221
745823804
1731808340
1954977125
1358804594
48937696
1105473543
1985365912
151486798
2004444304
717694214
177922554
236582716
738879490
1176029827
446466059
1816288275
1740401585
1767845957
307824709
293802770
221238496
2090010082
802498342
1527878387
209352599
333485067
888467662
1380360715
1544211123
1022852065
1387533179
843176561
1138993224
133840827
1186415070
241268405
1790546567
1698599728
1783602481
1959749032
479887942
103773070
1546201069
797222635
787037647
146933725
2080194393
1363406647
898971160
1376667933
566369783
187470860
1905782266
498889439
1341154906
1520877708
2028005373
1830304502
446149816
1988751812
335092870
700109394
454768988
2105457290
768014519
2094836934
177167080
1186779095
1979442056
226496955
47276335
1499880714
2127842592
214266789
1888626193
1977720908
720585906
819630462
1856819457
1202835183
809670208
2081774988
356686062
1164984559
1222668736
1860939537
1026854441
2007426648
1665374442
144226686
1387556139
1449984601
1054807361
1130450223
264599603
684142670
1655600788
109567914
1504074266
1340846100
1060346150
1495358408
37556301
732690842
361690153
1981528500
1488837951
1281661263
1769697233
988241829
1122386510
1911838028
1410777983
1196706265
172294758
1717278738
25123812
106167025
522726421
365241856
2070989248
1014051827
1290414953
1557731687
522696649
569275553
964093227
1633363403
1022781675
2073838688
201447473
1748313492
1678949988
379076976
1023821799
2133781845
1162266249
4585881
1539993281
2008311813
1665979038
1290963587
62830700
455801972
2009076957
1018432055
1311900550
813119356
128632609
255178372
1123282128
1567867462
450550134
1547824703
614342839
641375561
1699096424
1341845761
1935521158
1195484455
1910978272
919824219
590712448
1718312570
43744885
1450685182
1221772589
441256523
1621898108
637077395
1781275646
235602650
1170907086
279661122
776304727
323772002
1432944986
205961857
1502635381
1122426181
1383657170
1811833333
1518509500
1610882265
1438140200
2136755403
605789643
144774206
1154852647
886344246
842153545
1500043366
718628779
622851152
1434670641
168536258
1447044214
495960184
1268409626
710099699
1237567907
1957353378
818759062
257261429
403712735
763754229
144959282
726021487
869802045
728209181
1797591302
2039048099
285224435
2020121962
1537289186
1539749884
740536818
1726141352
1739854902
1004479551
700029501
513681528
1800860827
29755855
1044488826
1942861714
955983920
1801351860
1963137931
923638253
1791435968
396208436
856045766
45252140
1278110912
492049443
1107584
1658587316
423463459
1360878493
797976719
316341262
1125322709
1830343843
2004287421
1805396200
2132714598
539702727
1530648858
65611470
551490778
564826946
222135184
1819268058
469265796
1098228550
150515232
1587649845
245046739
194464345
748089045
647729033
1515528558
2042064657
8409015
90713856
461779735
1404704553
666396234
1108088758
1037043291
1275972367
602927485
485385570
2113637003
323633788
743702334
1515054266
1609315431
299915356
1313053581
496241266
2035962053
767313848
1798637152
1484174436
1882021434
2094739260
1731424811
502903125
762277913
83156416
2138982737
981537140
200448039
729474814
1223884164
121978510
870406439
1078853275
1107975480
144301053
1653809350
413834729
877818427
60321652
270387850
2129522482
1433266055
1491062982
977086762
1324614140
801241216
389636791
373922138
1844463487
1461446166
1645548102
169253841
1740724096
1303835968
1961697316
229799971
1524693820
1110177350
1036169176
2116019740
2133951158
1995657581
1040457891
1933754443
2064212063
809672269
441331106
1498988252
1694371408
1965998525
2123945487
1618426109
1074739406
1159435248
1031867750
1252454281
1928541293
446828347
1451242421
995549050
845527322
825623929
1476548035
1761549207
293201527
49569532
1600927178
1944891196
1779470529
1478680788
1245846190
726632533
313775246
168458884
12609932
868444586
1580790550
1190468796
458687732
1353508195
749303363
892868392
26768830
65232599
1679072705
1196687224
38656680
1296110793
2064257595
1800609423
1233166773
231879773
1436475940
2075092910
40568601
1887171154
285066751
2015950371
1616928349
1007988272
2023992457
286659597
987636311
419830776
1133088429
2010499052
1578552698
515012194
1587317837
858647425
711424496
1794488787
1963282438
1719519702
441010745
406578515
366984171
248399158
1198495900
482690622
1243864403
820544974
216264844
2010237227
614541602
1337733091
1829817846
260855156
1359806591
1115562521
1875650004
1152331381
1715829928
638106394
1033025205
117071422
1124696885
757508308
1380261984
531965849
59187832
2140225045
987219149
1972601064
692139467
663441568
1854304202
1064867199
1575834008
1109499950
1966917473
1907314830
1292564425
1043973132
839156865
726789862
1729434631
1924702554
1365930680
129604092
2085535730
875129272
149633166
2045708535
2085375808
1450057986
93906933
1043672081
1249485872
790801474
491411075
2011618900
2130627504
964388668
247807372
1073782804
377741678
1820869323
1517560464
986667157
41237682
686123982
2119763749
1096622378
1049158609
1526888556
621666757
1163204339
124143886
189341448
549707145
1412904164
158420582
361526328
1481794160
13973210
1574539874
625586460
495380057
3244721
1865352157
1550025082
956728293
1895373759
1708965346
908122662
1362254957
317824093
134950221
1213749125
782220969
634664878
126516075
2026971923
1104484352
1026475355
193348497
352477715
857517181
285463088
1524862519
1987718152
777918064
822262709
1732908601
2119502041
168792009
38850886
402248822
911144488
1500512722
368869244
380490809
1310127938
1868225739
810778893
132992923
2007902763
1344715123
1198856870
55317367
1438344641
236961866
1369005000
1329277952
1121739004
223271458
1906731464
1462425856
824008704
811509898
1791807955
165595563
1021340595
2039432612
1107551001
1224057133
1318915742
935972019
375329123
1371849510
1258396595
1761913502
2136301317
180971380
1495203148
273265972
708038478
1745876577
845679138
1456409833
2115231870
605203951
1080911044
1823720344
1070534198
1504742556
6217943
1058098595
92822498
519931510
1014722995
1043511886
1132783344
399311243
666411233
400732969
1512865892
301439410
1208650881
1994474825
1328238680
477965565
1607822464
162689194
1103986451
767831949
791781942
1209434446
885909418
1415006461
1909149028
664612533
1978716850
413284081
1850108850
753173621
1038333932
625933087
1076919683
137663139
419105002
2130988532
1034466772
826861017
1132921505
191257603
1980215047
1060685650
1654163709
1650117056
1190111743
110052738
1680803632
1672544190
1766741014
1489241184
1474845757
1315946232
536417663
358995265
996920125
506002682
1571612445
375920393
65599117
1037371519
1213903210
1579409185
539222591
785774004
1942565497
1321068831
1151794611
367284613
95775687
398610209
232011327
918953803
834312443
1877412364
1638797678
1121000323
459976160
503724491
2102513449
2103003605
824204576
1166095843
1077646304
474793833
2050205171
1599956241
294492933
1918757081
525986363
1116462635
699625790
1530699035
605719908
451727355
484062725
293608109
1549867701
801091979
953608062
151114642
559280771
1599158911
590590623
529183049
616989171
1054352279
574443329
1892915512
42336175
1519496726
503931182
1509570875
1397732136
592377095
747561737
1001069384
215204573
734266649
1711904848
1365377651
1723304392
1896463417
1291945865
2135002721
1282569881
115569365
1198488739
1193486342
403730733
561605559
2090308449
681588215
1778567549
458820636
1699924280
116758560
1850256665
1068227580
2057344924
1254255820
1062741522
1303793290
813274769
1422072856
1532010758
1540313654
1358702331
2043260111
1210055508
1965140223
1445733430
659841068
258152759
111675676
245276409
2068027087
720045082
1827996635
730505022
139459600
1324323116
897038284
1289219738
872545007
924356461
1796098008
971303597
302742054
933657956
248978260
870080344
1543823470
1411631221
726787895
815032441
598630556
19370512
1090616677
1393515693
553029070
2127756928
551511454
551010269
69679112
1708264257
571620598
1099971680
2142867543
281603359
2105007911
137406103
1282577539
3601856
2058638869
461964803
1032373385
788005791
2140574183
1304668292
297016672
162362934
2076436978
280968133
153706067
1534569937
398156893
2000285643
1738642630
109646128
2137114307
1491509591
1823404181
1195088771
359099977
2040859706
1941954582
208794473
1442377744
37094685
1481733392
539822256
743145739
719633455
1777471485
1868511803
2142643839
784205624
785732845
942015792
1109962349
2014229445
1792698342
1102264960
1391554491
1963057640
1543860356
21937509
367186419
626550214
1552770778
872008076
805936764
944910857
499066668
2086453632
1883576261
2080557711
1981206159
13141161
53598875
1835646473
1209032501
1429491175
788039027
1791502575
1448127523
826349944
1957767507
1607220953
1827114561
174822227
439124387
1028382108
512516089
649432444
1209267422
744957704
1876279596
472907310
359750710
789324700
697148625
1978566251
181376120
1173646305
778216398
1594720155
1548015039
1045814295
391616915
1083413054
1389876378
2006928530
91392242
790090792
449882252
1136285185
105629580
1496673960
1839627943
2053839393
473854654
1609944343
1398476715
1921455878
1914383209
511332919
3465623
1373372487
2103319157
1716426639
552161092
113222209
1359559933
434909898
946297103
1147259959
644085867
1461257421
127155379
85541297
671151920
250154742
1349178886
1678030258
1451969575
2035077714
588170893
293129382
1845223411
1177892102
1149527692
1003759254
83371072
1182134655
601783428
7500076
926617730
45059037
1003666942
1452769920
118056557
1453969471
734402364
1749777204
1087520078
732420593
1149353024
1933635525
255645562
1415487573
971112592
368975009
352632220
1498877497
602928935
1537351322
1294279501
883203975
1995889551
1790916087
552899546
268011452
457589035
1910706384
384951602
272719863
1383205960
1183194421
874739111
369843576
553726460
691725119
621391653
439160795
10240039
1142318873
38130690
1915135704
804040264
1047172122
137761479
1341243711
176026998
722185737
1609032389
1023656720
1813082170
611961888
585214021
543994636
1073087370
476535547
308584675
337355194
2115276478
976594526
233314155
1701943130
2088903509
505441369
732881061
426510917
629736929
2096199486
1903697651
751820032
1329165897
1245003608
174870333
215868596
582172495
218732056
2055707794
1832515295
913903494
96425758
920812827
734888065
943626534
2024285135
895063369
1670292418
1069710036
1149838509
1966466434
590667321
627371823
1632359414
899038534
1963210491
2085373339
2108018563
91944870
16250216
419963376
814789560
343211972
313909046
1522828731
361430275
706288872
819134111
1044225872
817558200
1836615448
991096879
382034667
573348039
754958961
829078014
583789137
2105780881
574407831
1437608251
242982262
228236416
1009606641
1308538937
1478107851
1638377201
1305934042
1174076861
1862211346
