2600
1700947090
1003903591
216732820
1179650829
1559648994
2145761563
1570605802
1411535647
572843582
239699670
1756942995
1389125933
1481206220
1857431199
1599858251
1384756083
895454309
603641897
775432
2146714197
833075713
2073142405
1878402704
809431114
1812049459
405312009
21088954
968213194
280364636
1376067810
917999443
1618272745
780655633
591597403
892018229
1281843374
671573898
890201390
388858888
784256415
1430169938
1176553863
1068645971
1916045967
1945181416
164502937
1416614132
176549252
851931908
1245995473
2028266947
884746392
1977635761
125624747
923464176
988871071
1767843991
2142545994
987718632
325133269
280096542
88489015
571235069
2076028556
1063719706
1088857128
555344834
2127359619
1250709675
2120659710
598786121
596399611
1202691677
1698274242
1436005542
1512311865
1488658390
86101686
775183996
337465036
1376067531
1787108482
678990357
1382848813
2047677053
2097750941
1162166735
1426101553
947822411
1043923767
1315695483
2091307816
1144239165
353720510
211259110
1496795732
1041145551
781157201
1116089439
1259839738
681914144
437334124
1142672038
273104001
1389748778
743518150
1744307451
172300882
360715108
1507233801
1582768594
54554422
850933714
631964296
673689842
908398685
921771808
1876789281
2103292280
1580507893
1924349860
1654023371
1772896325
402494722
2107311775
1939692669
1122946679
1721818477
829895770
1800615608
1554702148
1031242691
780156041
557812645
3362369
2135486824
1069658669
561239995
957750836
2036533498
1626257687
891606971
1906167378
2047149792
888832028
1408970240
726612346
1051601402
1861075759
1388072367
1399651302
402727687
76699283
923578229
1269391776
1175276930
2091759519
1865174440
995089585
955166658
1218685099
1202612404
491717496
248890185
1534710156
1481478881
1135351401
1504183482
374696795
1142752648
822677344
1804225618
749466052
276315116
889599755
583396886
1350557133
20044008
677921535
1788453474
1226991533
1470288419
2047605855
1739011462
219369770
89842948
1976594096
198115524
297252987
1515410047
1254137019
376056281
1103163659
1906631467
1441120247
1391766436
1832675230
518141022
457903641
962078366
207981263
1633110880
517736440
1747482740
1483914924
1771008733
2061913861
1245912256
196498987
144858503
573047876
375543187
210539910
1877578736
796110337
945101495
1555020991
2061445116
2098374267
413979341
1621825988
1409724642
2049905028
550622021
1900421795
551653459
1420712930
1183819969
719361939
1015273
302334052
1531586317
349744567
131881894
430855879
1345077633
87310576
446452324
797085
432122695
317066812
1364669923
278910170
1519140823
2066216429
1818505465
714943433
2101752489
344147527
750172702
2063951877
1822558192
1145048360
800968511
2073124466
528045239
1762947710
1658223227
1574190766
1031489284
1343036111
1651678668
773839006
831256182
247959848
473237574
30632728
338000824
137869716
1382273248
1893595574
1898697114
1867598622
707918886
1784490889
163872012
1292784181
1031890808
677490958
1407384945
1701559068
1004404106
520237743
509281332
1360323431
2106798971
1057343112
1768519163
1066874283
115133284
1150218020
818229887
404146765
1481892428
240132519
359179420
345838168
215565138
569562059
174398186
2117765571
744359010
242881131
1630595012
1582592537
1175153274
1300864901
1325484442
1268224851
1399526725
412784856
1172380440
1864959986
424703153
1598465376
1096108958
2026769902
845448106
670215360
1870667580
1994645888
710200690
608310405
1825847044
1763745601
264681820
651921108
428368361
1798712900
642785025
1881686104
1696412544
2123379406
1758864143
1943463690
1164273180
1216743421
1473469121
1225451552
1805779312
209306180
505821423
1799446060
727927781
1065171501
1781055855
1242857312
1811907185
1295392162
1878165032
1646695568
1720735887
64621303
1690692280
966620693
1602765101
524006060
1657385231
515347252
2081455685
285344287
122670435
1864597425
1216412075
1849841074
1158316791
2061699766
2120410249
1490465319
1320208230
1168301134
361701582
1290340494
766701647
2106563641
756641799
1900838686
197174796
1993449449
1574530212
1667089348
1828790501
1459101902
293751336
1967351613
335457627
1539111604
106585282
2005351913
124155813
1286205898
952330767
1830931231
886939823
793280757
14991694
1932571499
1934400040
1101344860
1273502570
867251632
841075358
252670768
1968849828
1823977193
1915517366
656346666
1717602144
1807557491
936445087
388498897
1167322799
1455149428
2104973866
1113986236
728972372
989055839
1211416424
357083542
2088547845
458267099
1607588670
1416130007
991999272
512288353
1315834596
1875858239
1490943646
120663342
857800441
1331440468
1190716069
1310357414
505126445
2099954686
1147020892
158736055
468267761
1728679683
660779592
1096258719
1217519397
673566830
657525878
1816999866
981424153
1748456293
1909823167
216607881
1344596748
1570023913
687511831
1261649830
1787546048
1673065072
814026747
1797050565
1644469835
1608787441
258164133
724550696
157247304
1503587955
2080256639
1691450693
1596628083
1024132489
182363359
965927159
463116957
822680110
1463234760
791044023
484071382
1130184368
1646520801
1437927362
1252417694
1763368957
1318117857
1919655873
1697847932
1908490947
215511531
708364456
1384075705
261196469
2051689049
1322592195
1616121060
2143766477
1844202155
978229642
408070517
696028475
619062046
326069154
781336424
975343474
2116598574
1736089296
1114459717
1519897185
1979867910
1003893166
474001638
268742647
1467009949
341602999
1241307615
935845253
572638702
1764579966
2005555126
1306188632
825478391
687402413
522363121
1362649552
1072125046
719038522
819865848
569190416
2123489738
1560669814
400079735
547109496
54783083
193431511
242032979
660592763
2125628834
1287135609
36244581
672127767
1058392378
1993725924
1530547310
1410769715
801969442
2089994659
1379289605
773689178
767167186
745189739
440192222
1174010544
895702534
280594442
77006240
593740484
554712680
346828650
1712579705
203314686
1647181578
474227647
1837282205
1583171938
1517283017
1808217847
1171061844
676165584
909852781
219435500
1297134386
2043389774
1796211521
1467367248
1597746298
628209528
1103055646
1487764934
583620465
1111709777
492869789
470424045
258196495
1063471092
2098649450
781095148
1405677041
1062869243
131479710
1161083517
292901255
949452937
1182512800
344832738
1689569209
83307851
161974827
924188209
2094705238
439493798
1441482628
1907767616
390217875
423995916
301781351
1007318329
47739654
989375494
398397810
740827168
1762641913
1539881909
840005506
1136404795
1950328674
161974837
2121745190
511320385
177203172
2047995680
449286897
670393939
934388312
925464305
2083994846
1226659029
113659410
513374478
1177382606
1807057554
2029397407
2100344375
1953765148
1145241842
1951847128
641236618
762647530
151496314
2044945048
1571971083
374680621
381968886
677806545
1220893871
199086038
35361845
223871294
1472440481
809934734
915173968
63873473
1095889061
1326431587
169898066
1690773775
777594970
759031107
386118326
320978169
579592179
1969835178
979470710
2027325553
2103976817
204491553
1241379237
1510123519
599711727
985582256
1747263588
1972264177
2045366915
1111195571
1470764085
1112378132
1392049745
336324966
1338847239
849050491
1497410149
402659965
302243132
1200810415
953215139
446122085
1773811045
1612928954
2088739771
850273429
1212659107
392473137
441333002
654834717
1567619003
816450739
471040895
423862298
1592292546
2129993246
628336970
2095912417
662458389
1753900148
1347297955
645730255
1887905792
512231933
1961591733
121056414
648016371
1535107148
1934866058
2012741676
1013766887
2067115443
2002108983
1176757220
1689858784
12763283
2028607554
185044647
1191599807
662686738
1723362172
790328577
267440771
1714818201
2024410467
1471869371
820122475
1530442587
479319513
1593849286
950583947
1797757700
1192398730
1519780037
1756344002
1933329504
789377016
527442288
145551106
1260526043
436081705
494648567
2093089955
1903885270
1675069555
1601724448
1210451404
558962063
1425659224
1883953056
1888669527
903280833
622499421
1614466992
617496342
754385474
973019294
564935767
449345214
1213400544
1158971539
1980074581
1340613927
1064649478
1527674974
680761046
809359696
756261077
2094360098
1583116270
662133856
1550201393
1227696791
1324473502
1082921898
1521615447
849176165
1265937707
1060858714
877209840
491014576
236573652
144066614
190916164
878504133
1705133099
1038910099
1111525330
392305648
1834392603
530016166
1097126886
852944038
590844868
591021267
1969340002
819813392
1395930628
590477542
2002429185
1776626073
2002182212
722243391
1847022445
500859053
1509559165
654434552
349507394
39757693
2016795434
579223651
2014637253
1521681536
1473738517
1278225083
1606970083
1512027642
1028860552
592052712
157112185
29273773
1799507225
92852104
1128921977
2125749578
1444803134
1233194706
786075485
1174329856
2080858720
747798176
1679882094
1193581907
1502567130
421788796
1862780925
254524866
1099765124
740844987
464097516
425899617
792074763
1728414309
1261269837
1403237724
2127025571
622196734
294255768
131821847
1379138315
975127146
665799456
1824294900
1147185996
288667457
1287223955
329803122
1856857547
966823966
65820648
1106686263
697155621
160168870
878272006
2145666169
1512761152
1547647351
170981758
1200793851
203220756
1945287418
417338686
1117855399
124566066
759844440
540733086
1829251744
137372587
2092126486
2115383704
1073786109
909135271
469690625
1087331619
937393842
2016162580
1622231115
2120576913
468621423
1063767703
1772025342
115530313
1735180447
1834554225
747708681
1073331963
251445779
2120461859
1791621932
1926460007
502081830
833915913
895621586
338971205
1256295219
2003708859
1889001818
305442979
730223676
58111294
793376526
2045804501
454565144
2086197955
1307949874
1387112335
933726760
1523089522
1722993508
1528502396
237154635
796667044
230985049
1751709883
625805254
707543122
1081786353
2115706929
334420301
1705572204
238687954
1352064193
782583213
706228399
1168497520
1133313637
500942599
126615143
1443076241
411118513
1419264170
1615003248
521259801
1758428598
1826788441
855865903
397057466
833709155
1588642203
857886570
95136260
669176654
1516276487
2095489058
2008794012
1000912136
1206363525
2048609007
1269287297
756656154
134442360
1405037372
1244627302
1269433051
349250977
451223863
1127971132
2065440701
56081805
603251449
462745837
1528164846
799809364
1688048535
1733873270
1975312681
158926311
2112562261
2055116230
618196485
114514931
2031058032
1257008405
1814044267
929308930
512780662
363931035
1516974518
1242618104
883644296
1931300557
448044202
325812549
1524617601
1670664258
954388077
1129517090
632408474
1628343239
1031715887
2085452245
248817917
660965362
647476575
1732525902
1125132437
799220250
1798668367
711755025
1347416320
1219283072
567918165
1514385489
862913347
1237564861
296851418
262770209
1181739103
292774059
1765322867
1178665302
351447559
1571193087
204366853
39860305
635015843
129808497
1709066725
2113498202
1445836285
1368968354
1809646054
1074079419
1920221404
918624880
8013882
169283538
1355125131
516622081
726225271
1944470696
1192695966
1550482262
692088715
1555183106
1984495649
379479266
621870473
244125096
61381931
261308876
2071499734
129277365
2142807730
922005843
1181516902
1514329453
1647326881
327618292
86024058
1923006804
809603724
1375868125
369770332
1496780710
324647559
759530909
1528863841
741285836
1537852121
1847647907
1203464831
432510985
585822995
1862734582
1116781504
342590475
15642483
1646742589
896740822
1298856666
78325742
243512923
1469144464
999050514
1771426203
1388269703
907518939
247249887
1245488604
2054932714
976558337
1917433379
1580149575
1430281551
1789190668
1663803266
577259102
67290779
1778173036
671817343
545902684
478882332
975307201
617214559
1650129072
269227178
409304379
1400394142
2082106611
879197311
1424500423
549441660
2035632325
1706674951
1527296006
1106038470
1561579213
1877209139
935037018
1457483449
1330440184
1307409322
1171136726
1246564878
2125556875
1329053540
1194752164
1725653432
788542543
1486551679
363852304
2143148809
1630793302
1101433423
1007054173
1470031456
2080096629
1012737434
881896933
549287333
1477424364
1206263462
947586692
88615362
353492965
1691135350
2124631411
522125793
550331027
461783365
2145851469
574918889
1673798998
1679350832
1373978820
1030208548
320627290
534410324
1750315308
1477378349
958329998
476208749
271218581
1577993365
446132428
15057019
1057301305
873473954
948372886
358091493
1547397101
1092347775
1253778281
80247892
2018642740
757121540
821620067
311798343
2055542701
212854155
2106487001
875566275
592206209
774759904
1698342450
524599179
1574642548
484752284
226310342
508089540
968644994
847202576
1669273435
1669287822
147572500
932669963
1524943891
481406355
82688386
538937634
754687276
938781099
201713034
1620098615
1842508996
468844090
1875809011
753300546
233804118
206581510
173084921
714119375
611581414
217144316
1054896784
983912625
647877250
1424104191
1251447437
29046614
2126134258
1139890795
1182490650
922035301
1169706132
1409960728
8549049
199785172
934122495
696865566
1474487918
723975664
1421705293
870647570
338133192
1532309726
2096399601
1109667225
1034755007
1221999521
919079925
79284354
1363762045
1345739470
889990626
813705211
1073457454
1604113484
441463426
1420559261
111769714
632190632
1689442319
2008063459
1225183938
1214881416
1583309925
892202517
1038888081
1185203680
1678015749
1629606338
1652195386
1928894782
1270204203
582305836
1418638243
654218888
868831215
186561411
1680163827
1642935134
39959845
1664230448
1584347434
2109377241
1668695268
1146661284
1283023747
34509832
474574381
264744571
1516691214
1550704789
408918308
2029082785
1533009907
1764090469
623267627
507966877
1635108511
1084471924
1721588501
361130741
668826871
687771140
678603199
1592504833
419502246
1537107603
1277293097
1690261827
151636333
50894402
902374722
47910612
1352862844
1828366264
1048749843
199045788
1255679995
1763496658
1547062739
1608806579
1410134185
750058600
1542597472
1791779758
1194513771
1474509641
1023155416
1174683311
427504503
1628497761
1877811790
1144553396
468185746
928722874
1984397428
1529391596
356215177
1558329343
471377817
841091063
1441303190
235257793
1180165222
297301448
449074990
1119375533
366139506
192295827
173644864
1932653540
1738062212
1851506547
1407186814
158036248
150297364
2133375030
1979130279
1290474543
1177353599
1904658102
1986495681
1586232386
1347020487
1229951270
1531516765
101249292
1332527876
424064241
17924233
590594464
1412484180
113297508
2016052573
149039868
1003797152
265315842
1741798290
1605977354
2147056922
1269972440
186812144
1797290599
1407695186
995176429
944463167
717555159
1584206832
1104899892
17781393
1463220316
1350713646
58829462
1591012553
541640673
235592919
848904326
61030722
1610245480
387975700
1098545193
1418614778
618191648
1568070789
26461246
1093916649
182153941
848529440
1850412264
520682452
1374118832
10115422
1013318269
1717226984
2101545334
145716559
1154643755
704752769
123838883
1861640820
63422919
1642665512
1502646946
1835161672
727328669
598523314
1060059498
464017478
851005138
732686002
2017083388
1405357372
1500690607
605292967
1595112267
1470133312
1211188240
1719910464
1234129534
2106936558
1318238017
134674940
1701882860
1317687588
936137364
1447917394
1285317652
699479457
1308060252
136089420
1835879398
786920086
1711212882
1109211902
665955973
1643172590
877107907
877095344
654008320
769379691
877239556
2068553112
252400541
687908093
460872631
477876212
2135013723
925650895
569225587
1641323735
1176216890
1755851041
1634980510
250066979
1441217700
971991206
631644002
1586014547
670526877
553869995
1174535831
1950142359
1002449788
577736804
81837738
1804578484
1130641135
2033082603
1953726795
1921811120
1465739991
834654322
217722040
1673403410
923308936
1910688015
1838048837
523633875
738053205
58870587
855348517
1899752317
440296964
445078844
1715268505
677795981
526472520
845202488
1046116847
335391219
1594304746
1227981879
1333676237
2125092747
989759384
733423680
1127906073
1485799362
966932206
1981338281
1545173043
655538915
1159309539
1659901308
1353784973
2008168557
977605347
2063372809
2022833567
2120884852
1849559876
890462816
1468766351
927615583
1702211609
385566913
1239330735
1442651429
1872319694
1829152689
1846973288
86040408
931576155
928793226
1734508136
1920217451
381208419
2030028330
896006048
1677122598
532011470
634067027
614939811
356508817
1529383327
27881568
1152037854
1667885209
527172880
1552234438
1599760115
1494663916
980741545
863613425
518816942
2066446243
1512029808
1626958938
1712057291
1241868359
923646552
716863282
1475198179
1107939291
39412189
626615775
741274760
1099990825
1988850191
314840629
745737614
424350206
811166343
295518646
534555598
795406775
467049385
686413208
1922649558
81412780
1323351249
1954091668
366544655
389128337
431032902
1939371410
1722499752
147214747
1788537975
1019504572
1616481624
735558644
1512121590
505853709
2029610889
76751163
1353352587
2077480461
1158553616
284992285
926887556
165143671
1630778862
618434401
148329583
1363443536
652985043
1794241643
1642368669
1150310672
1539665268
600538379
1474211194
12163661
1480155999
96965934
1924995191
901515632
364043144
819779122
375764220
302775104
694067477
2079046210
37376931
1910967076
1803101296
2021300727
1225631660
2087426930
1760859736
1692200747
1139328007
1166548241
1064307154
1676075662
103424627
2096308458
697867979
879632075
1101476190
662515465
1278063569
1241050524
1436117502
1496147798
1107370163
320641851
1933569848
1673128426
2003597499
1764500333
1463726896
1846347539
466900089
402138473
249832949
1856518119
1240638644
595664861
480144248
198565384
96537670
1822225806
252254672
1908067415
1358709322
347126170
1109163991
1064867571
1566145754
62898987
170357446
1102162798
1302782517
993069697
1952228749
1239429513
87032977
717999255
417105319
252752636
920609510
210532268
776249965
632392517
1001780343
1595072379
653105867
1095246134
844216702
1837807945
471897031
469558810
123492143
1863278693
732772038
219094560
1222293671
648798848
812201857
140603716
209107443
272126871
1715626644
1987068593
989583791
225798646
380384120
220385636
1096807363
837247890
1515320054
252190903
2043741101
990982386
1360420229
397453285
358673941
1976625796
1770639661
1626721106
1762153456
1220447305
1830814701
908073874
1054436358
1452145140
109986346
385703645
777774589
714427307
1541092557
1578590253
86692720
616063477
499724154
308054188
1930271571
1629143579
442762938
1705721534
2061824957
588823067
1889234505
1053888307
467985370
1512623486
1995628495
246324543
1018482363
711354588
1064306759
357653048
472810782
2040979182
1594932982
619972290
1771397162
1561963519
1060209463
1576467037
675177301
1653932789
1131250369
1342256085
683828810
332374165
1990273202
1637560715
737364041
954788042
1037578835
1488228812
837626178
1254115922
1074810544
1537571528
163359892
884796165
1171866708
1130154795
1815298874
2026282082
1274781534
478941753
1185054246
2136020860
1617881103
1052921778
1482123393
1484423453
554197188
1837530356
1741613509
1918776988
1466649749
144890923
448540613
1272766909
904117598
1710363009
1712988632
1916458120
620030362
136249989
429971883
588623501
1636043602
48791397
1008215829
995248179
1604896291
2124001788
1142954228
784590704
2118915445
1904760616
858296408
460176369
333365814
1334427267
913365594
643801861
1016095288
477074095
872960654
793720022
378527063
2143119761
266931472
187569969
1090419855
753409187
2137360580
1562286896
2120122216
747628915
1866623494
1346871514
1264991042
1346787637
1391803511
1680392950
255901841
1536225755
698432711
808438785
1113917851
838446437
529214594
2054189688
88912047
589183824
1893542584
947870726
544419475
986646437
347313857
277965681
1260822560
1282345934
1032583946
874533708
1590891887
1172662023
1716453003
1953854228
1217488672
798080586
1900961681
1016855343
451057071
466904178
1353708976
727406905
362851993
702237352
1172225066
1526393934
1380858611
612677936
2142954503
2075132178
2131572360
793300567
1029828260
1085740625
849775831
1614465026
495439763
1060727036
1747656719
391320447
1752831721
1094699061
416765730
1481843988
1829119027
907260469
922891234
1706301804
1989893982
1418704831
2097213898
1479613715
1965194295
855648594
386411315
1872665825
623035404
190122576
657688796
1591688786
1626236922
428232207
2130507487
1575460756
1101978471
2099993598
697066591
1507975147
1498035695
1181145910
107546695
748810291
339385847
1499973616
1010118870
1505471090
1016117943
450940600
926783692
1756082892
628764261
1660350684
935675539
279191372
952441070
55079253
672592319
195946621
1979294074
1070401603
176484908
200286492
1824688485
1903189917
1268823279
1997403960
1518192138
610784992
621984830
950827917
1424892730
1667534948
27010073
777073273
1378282787
65193145
2062201241
1676307335
1743430465
787963527
369649879
292709025
1255518710
219996280
1397730110
121513812
1741567221
1788907375
2062343533
2007584121
1750188467
1567680605
1192662553
1374643605
207239540
1814977417
692409290
723795275
45261733
1904169373
1741929341
2136729336
1253380182
1976071887
898653784
1714653733
814383534
2089439369
753535133
722205847
522575629
1237653535
1149212453
308748569
1364389657
1860427959
1660704470
1928925452
1565677924
2110783915
743041309
706612202
748401086
334351491
2051060692
1485189146
729712971
98797645
790615705
1023932958
1518045579
1345041909
808823087
1890225699
1833866900
261332083
1531036210
941148078
1237514387
669457801
825853139
332271984
42635057
1714082175
1027094296
829294113
1483803383
1457875846
1854120089
1574426817
1583624081
941188669
816721930
413566037
317333191
1638921988
83864187
1861141617
465480166
909527999
1013801028
1277941144
1316007084
686689801
831188129
2104229231
1392013000
626143074
100432627
871226082
1935675135
659619353
1863554437
1769963134
364311756
446464192
157252490
571492903
1806256771
580000631
2065301347
587635383
355762298
995785488
1635380581
1510618733
1242682893
939706864
487848221
1377076987
395308216
2020617308
227750975
1052219418
1588879919
1294894125
758254808
1387061500
10384015
1580957128
1081922471
1205654551
222536263
219079673
1996933577
875575175
1388277987
826358806
1708832686
2140947722
1502548822
978430537
881855196
217748158
741487926
808197743
705526835
1750975148
1053410417
1060161399
2116173516
313785273
1701692031
1939722205
1899935043
1269311867
101916483
56386119
733327637
131269792
351967882
72480195
1242511192
309125969
1891741520
813097350
1142280413
785469674
1565426882
1611872637
140992166
1732603671
720366085
765653621
913471890
328342835
153769715
1174556307
1424578443
52619505
449509193
983798159
986921672
461031115
452574391
1118764180
495281907
619680280
1092843784
856560330
1441570852
1824347336
330629211
344139148
1940926814
1419925691
2143310653
571353293
483883409
1565851339
1438962049
553635593
79365002
843341889
972256239
1866198438
1965695737
976533022
677908153
1397500264
2026773199
828934505
1676712837
218360462
770952251
1462217833
1805393
1553373330
621079542
1100282311
895886485
824254311
1847181709
2011422051
1350818962
1858583333
489450597
69116998
1406651167
1068043255
345420627
1120834859
1280907321
705131292
1369659786
1341575375
1765504585
824817272
1193016823
234027370
399812051
362016074
98336985
1676321862
995622553
1549382768
194310685
1990889646
304153153
476752406
201525175
1205119252
2019948274
735720124
1762401332
1417136818
2051770547
641959095
1379972115
2101368424
225604725
1753939212
745704743
932350043
1412971003
90028940
1847997397
1073715370
2063848978
1626375834
231285231
1134994345
303531299
295630896
1924490456
926046615
1015057734
1445720402
304860032
1464104870
652087304
1770280766
2106432817
390072260
1993860454
923080305
658429756
277047518
1178500536
1902473285
129626944
1430462231
1122814954
1367772756
343815721
1599499332
916797394
1233739433
648119679
744927286
138582131
1135327330
2129577436
1980928165
968242720
328058914
161071584
1437985158
2087441624
329302909
1538365406
145196419
801949287
2141185514
547008437
1927126559
2075854053
2014622966
1308178899
1795826651
989680833
973573156
2023044391
1281347154
263548619
2031972805
216071564
1062270258
1176056589
1904489107
2045469043
599338863
398975620
841860608
228999416
67288242
1949589939
1325136755
1435153226
2046342184
683508325
496856271
1321448986
1930886779
489510622
1459403903
220750349
1263080521
1467517647
1916999763
1080994568
1109952468
464963343
1301218936
589276371
1609323620
1131223633
1000372665
1727418959
1952052995
1365470416
1423650126
510786329
1932086931
1432222106
1965050301
1938098742
241976234
1697894635
522211335
795440148
279656908
1188782900
283529122
801350974
495404663
1629884976
746414320
1633482671
684929624
654560302
1924229781
954118665
557072632
1934077341
755772731
1712754043
2088485229
822520708
122656773
644727730
151676457
919160330
1070490886
660317547
548300180
1760117344
1092877604
1505540292
378364437
160722182
1726784602
1796693851
2060130897
319644686
1648291354
1375143045
331211190
316893621
700938651
1990644627
899801179
989478370
478672366
28636676
1859918706
1062928784
2103078515
1036474913
1342063978
501686172
813293314
1114308787
1809602177
388382748
728829976
1235669903
86305930
1837646451
1391508203
574292950
1007514548
1922318098
288224825
613806112
1875056113
2141033076
1116334626
1755812628
1819374668
834137703
761515074
920418519
1741694566
516126070
353772655
1319714324
994575149
998890523
390092927
556766689
1004613806
1359319918
1704820921
111532184
88800365
688651260
365528099
1095375008
107903993
145989288
729119951
1355399822
454882488
552562772
816604149
757514708
2139819203
1408768837
585696741
2017669131
1869202016
138170757
853426034
291277468
1267608808
1068574645
1341292638
903835963
775488670
1283159583
932157760
2132601912
1731130146
1108034658
1132973911
344603225
1844620250
736246442
2045851556
1448355823
1905380244
559815736
1811438894
338619361
1251311994
18889
1078668176
409702227
885522159
1808485311
1490887647
1736170098
1537191953
795829333
1525012717
271436803
1832991678
874457550
2065347517
1225234104
355027886
184887592
1329921848
1531783088
1890524421
1752403881
158678216
72889692
1152440548
2064047495
1748287669
34329671
1960489877
924098651
1379309073
1867290411
2048513477
14627969
52996899
1770402780
1458310314
371691764
1650869638
812102043
1297957252
836114327
325893863
220143674
1671674628
580088065
185829552
1316869520
292299899
1867148816
1940420612
193868746
1090936450
715911723
1831951226
641988685
616830930
1089332636
1043584373
873468181
972696617
1495150565
1417970071
37813093
808832514
1434630616
79585521
1614326365
1280734711
345995294
1243844007
832631930
1146985215
1318812849
1606957015
115837506
2045063959
1222513261
1728637264
443184378
1716386612
467459605
1852641861
350100414
2094434237
1832126728
255253875
1670763181
1005329541
1245803512
2130791388
930607453
539381143
1033629736
1575852528
1938190277
679372362
1272939224
956361444
1711607354
477338350
979873286
728972775
526778940
1240268866
1555088563
1087416685
373697909
2043300779
590955277
888004550
132242415
1731484645
1222390313
1842412497
680200795
383682745
1102942614
248485047
1070216091
9026409
2030160331
1262688820
938649626
372920234
2024351334
710179093
2031315820
1370602115
1225283687
1015023474
458070630
299695057
729219140
1452456100
347691503
923325877
1307394236
1023515119
52579508
365743435
862541847
1167889971
302289358
96334534
1326859160
1421705927
1095977679
35287446
