1500
5585653
498171929
1608273072
1000252482
1232193822
1050797995
1355867924
1777500222
2014420908
406046925
1288014982
1036006193
82096430
1113620556
1575661524
1897435729
1321929815
347490665
1441480696
1491336658
1899724303
1892108613
1140010585
1724772665
1501838321
1482023873
1613266286
1350196034
152999610
1050629930
1700779649
1081458445
560903085
793092315
1106618426
846273393
661147687
1417259353
1557449833
1568316320
1672579788
421968062
1674819351
1409552223
1576842726
452997784
884026386
1252535175
812790427
1534237337
1914273104
1136628137
1378046350
496558215
977097108
787914932
2107588247
578221267
1017311778
1630866767
48427640
2077926454
419111311
575160803
570240158
2036579541
14842168
1793165041
2111796828
1112832425
177754207
1318646563
1291136055
32192321
2060724694
1925588020
658084099
589721581
134392452
1545584122
799401842
1945370613
961746870
1244836816
1492161692
653046137
136207634
1222793300
733366833
232591759
1381014228
356660656
1044789478
243043225
2023636094
1815784949
2087340713
1037291018
862820045
1451844288
1873044593
1039365812
1031671327
114190083
1853468976
1824261822
1802879988
1668756857
1938092903
697835171
597610157
1601728926
1529405464
1932133261
1765602904
1374122117
1759215653
1561160223
1392835498
228886619
992189396
1626246154
1281254977
258418876
1065429900
1431798585
1832442507
832355130
1167708975
1605693109
73267258
1923828596
52585465
103997095
608747665
2068379429
807298755
422775067
447448192
934881069
1563340369
54347000
921525106
2145423007
1137176968
694898601
604512305
2000745457
306867647
1701894398
1582299347
2131607768
471044271
1166071466
1976394702
1235901049
1606593280
628171117
1509084879
1476608495
67742470
1604147421
1536603253
1716714659
1031986614
1126830020
1715159831
251905011
103070233
812204129
701270772
796851672
688698083
859900078
169751530
1675328810
1668944162
781561449
697416845
997952027
1039259186
718793689
1215184789
432779709
1185195466
486048607
2056438439
192110327
5224688
35789896
1632373833
828914258
653383574
2008704694
657916575
1081430704
1573739291
105613282
1882755254
1961299256
1884305484
689360637
1202984424
1059904800
161157725
858894339
1397316420
1466025336
612389861
237898184
813896313
1389141806
2012500616
1835970811
1744755426
1200171854
1242003541
1953055832
1220006311
2141907550
1570993669
1966492100
1245488761
910867554
493125062
1475383873
1153055169
1443908062
940016873
1787094397
1642316989
837301041
419860112
1270019804
568427724
901253541
35388792
1528865114
730789070
369168192
142995199
327183395
1601276146
310558526
1526897702
1928091207
1223751223
1896750497
2074002811
414575508
293208133
1792725189
42935226
118267975
89444375
1607401543
225305283
33256870
169333119
1078656495
810886301
1415505475
448797155
1059698202
342854094
1452546582
1972917963
46589743
1773651372
1774346883
607601506
888939315
1874868054
901775181
1711187751
2133169785
461081639
1454582317
1235475527
811571463
1176463966
1253075838
1785388359
21890660
1532633807
1454847445
1373428820
568221183
724855797
1166920506
1860395066
2056629062
1444422402
1377659094
1733356475
1276851656
1066735455
1108327163
1090530006
483457555
245160990
747543001
2077403711
761981189
959060
606539180
905450619
2056646887
848042852
2045811370
1476851822
585092469
414213115
322557395
244324398
1563467646
1759638702
1377517672
49626766
88559099
806919687
1550937295
1433181592
550088187
521177485
467626697
1312404742
546927312
1065567329
614103920
340049973
121562675
2032128462
1205865813
1935256714
106588434
739951856
1914110260
1551341488
304986848
693068647
331167217
1320801735
1533938429
1980419989
929193197
1065582538
347066315
330971767
236000825
1689684410
1641900056
1909792354
648500429
1944019098
1296663075
1115455777
868158131
2103316787
521030890
543702484
921181611
45479394
2022338553
1322997698
521446172
1129114963
518835029
1517835347
1664640027
2063800321
1826619482
65969405
1631365657
1915494255
1954988493
597289519
1284068090
1184039799
1880746952
525120774
1048849785
1095856360
949576847
429830660
109550858
1566810152
388023292
876106487
636585624
1459731201
1720763494
347361511
2014020605
870828815
543062846
1439711101
1554866505
819277768
410605542
751117714
1469767749
1621925081
1499000160
1287725401
1975371028
230531220
1113817615
2023428350
1820142068
367047184
1073637236
1022969306
1318263865
103728960
767105918
2068069963
1558282227
725447586
807677798
1071540276
1759984721
518557205
352647529
1413081797
1905700901
349331181
230100023
394623380
443444739
1122195176
1621915418
1724460539
1473593375
1127369979
2082328158
1064069530
718959922
819872826
622525375
1295892762
161182731
159562440
1397610228
1060498894
414161037
152010771
585073861
206489603
622548833
1173164600
588357815
1139231172
1567337028
1198949694
691809288
458070158
465224868
686944415
889276209
606607234
696192918
391144969
1537716432
1972798058
1092971971
404647820
497880847
335810298
815253634
204346724
2059468634
163813308
1659954026
1218669847
226094682
1823395331
1052670111
1831644744
1899280608
2065790109
827497859
1313788620
833623019
214540573
1858432664
1590672269
85245051
1239811894
1634206561
2070339349
372994059
1974159971
2055842754
1476231223
773958985
380196927
294679332
233270252
413023226
1781123682
1032187174
1855799208
830897282
1436570076
408504884
1184970634
479560155
1936074706
574075564
676824356
1132851192
1712949447
108784839
649800889
1391437126
1343895303
1389774656
469265441
261761699
582747155
1148047022
806726034
51702559
1927832413
635160832
1341384814
663106779
520619103
1409448601
621791502
1740767436
1412265265
1591751020
1653345702
2044298172
1721355437
1587518042
1680779729
1333036394
2077514760
2084986015
672749500
275087848
850291261
1484979963
472299205
1359581429
1202451700
1782256226
200602214
1998919376
711621665
563783806
885452593
84819058
314495819
327552378
545587722
1276522271
1650654212
745459204
1766206975
1413622288
36505723
1756168999
1793780427
411387112
1877476699
1402856993
812806822
197922172
1544023041
367570114
382966032
877324029
76651914
644525631
792864918
127939292
1823466456
1080806987
1592379709
326844700
646872233
349975252
306671387
1670973446
523512717
1132216009
376066056
2131207383
976540781
66049959
1250255380
1136763817
221551933
98431166
1616536088
1490161741
827660510
1918721969
1244094801
1683115468
1791326454
537917734
1088412760
733132563
1422837803
1986852054
2107267290
1105135402
1389702351
735811852
1429965773
1743751606
1021784724
2103390222
1569196095
1245188642
412359983
901071802
518354288
1285930403
753025684
1424433591
372526170
645691874
1650355377
1752147986
1850416827
514151966
643646599
657873159
1622959382
1323211449
1923597230
734050278
430953664
1832823452
686534434
840625322
1253588681
949660218
594090243
236499099
1286534447
1166143605
846588734
565150249
1220393533
245317360
948992361
1917526524
1558197634
1416675836
886709141
387798573
273019863
90691772
1307758577
428472131
807267260
413247004
1431233859
66077839
1433701546
2055825493
1161801107
1110605634
1626166635
1674942868
1778923399
578605104
692122008
812701681
947327365
871133984
1837686965
218076625
1251873694
1943546732
1417782147
382964335
358691147
832241620
1577874323
1396578746
666195125
1273118524
744062926
810683462
646463516
1772080320
1849930829
306622631
1047165051
333558798
2089224086
1171016403
1848915896
485492013
1738166593
147029011
1543399051
204601686
1142270065
937978994
1474863013
1434148585
2007910699
287488453
1178941633
1971539402
552666027
1598763211
1692685780
610607964
1879323204
1297632511
1029112567
707577594
1725577034
201490626
404969027
9385596
2069726088
1712408078
1795332866
1343248842
2118067420
1419900456
107119361
2113347544
1966136259
500787792
880959833
1804657241
1198766678
93414382
245722197
912593414
801393126
414366872
49481708
1008348029
1590507985
554524220
1606293583
1542255238
359241008
1486816300
923556725
1790637957
1042252149
5882441
257346469
230777457
828146859
261838392
479988265
860948450
1478251394
1185300102
654168305
668517716
1287858115
126721130
1380084968
1355228423
1779736166
1982126722
733167798
1709460071
1817189911
10755602
972115522
350561932
1620821206
399670986
1148766680
1377367022
453435162
111609657
648852288
875690779
1267524945
108100894
1147369831
407543521
245498531
1572598075
470655769
1852289158
2113020622
221648947
2091876934
1977158634
1377536137
1192979063
335998577
1543076800
374205426
715459647
1532364264
518973038
1121394863
2117631635
1600911605
1227604258
1271284747
1747195520
2057624424
294833450
1290695493
1859796541
1438220237
658381739
2092042783
1455193320
1717065829
1862949364
1931438241
1151813433
681599674
1009214913
453525923
1636800298
2058819708
336537998
1323069698
346246298
1339190024
1499709640
858872303
1182618994
1647297835
1213588511
1425984764
18783800
563156223
39099779
1773827716
628935073
1442373229
2112308393
1268438290
1486336378
1283347945
179487619
1818933006
925281874
1714586170
952836538
2104902130
1343137898
120546909
1435654589
1933213537
1525804907
772420723
1468363879
1470133391
424336069
1778485229
2105077277
229425024
1302475291
2019600282
350577053
1034730976
898784540
129027934
1308982698
420100947
2020105252
2037482405
1000751263
17737515
89360589
2033248970
397049009
1543426860
1765088561
1643982712
610444352
135805280
893420800
826796787
100261507
1679346467
616396140
812947294
911827664
1360676389
1230818658
208341551
1090723254
1638536149
582041165
1151792671
1132764394
505851615
645708634
828208480
1111704502
1586205095
1688449632
1517395074
948094692
905227534
448203948
1997607839
1705439579
1279419746
942011867
804370823
953266148
1181162103
88632556
608783781
1595827786
101135335
1418960142
1001923138
1608223380
355776780
1583938718
2105530053
1564707270
53439973
621884973
2004818460
2136339545
1261599422
2140395765
898331734
1100083671
377002173
792514682
1675762170
1400044985
1186974090
750822670
1971897708
1991306136
917869885
655393819
160930225
1164194486
30724065
2131693674
1350896605
223314762
1834871022
1618410091
1554830995
1957667357
942850094
1902403624
392885043
1746046093
662635836
1863448035
105094258
1607919068
439753904
1870329416
565270789
1595189768
1167036268
1689442901
961678652
617622365
2026569753
1742985743
1061950824
1668830577
1722067351
1057305684
1457809576
1909537407
1996711224
24788893
677298798
1267459962
193542448
887833047
1180751105
1592557345
1842310858
885592204
1597080613
268410929
1312239686
873232817
105719449
150998975
1314369527
702706505
417845451
1655549615
171103495
2132153404
437692234
1719055792
1870230413
1529435051
1635334318
661928236
1917323629
2100138632
425451497
1851454962
1390740778
495774338
1332489865
2007065840
808031225
1796556601
1161322244
1245452378
241039345
1320568248
1003671273
2020695734
1249011409
1048763751
672301394
1801793516
631074662
161992763
319400068
1830707623
763947192
740811298
1684748639
2078679786
1096181597
1649334901
1924695142
218284224
1407466555
1626098413
1999624335
1139716769
1339816739
1216815487
1771384187
1179446807
708020269
517668547
1376638391
1006338924
1005170403
1393579990
1298675931
902136331
1810317218
239099282
1380488698
609559742
101562006
1391832329
1003736510
1009206571
1419536751
863684720
949040290
442571080
758464059
803690014
2052877739
965293740
585754852
436021664
1717586821
1145364218
1926935099
772150351
171162643
391812275
152028510
1694727348
1162983933
1264252558
659949221
1570815770
1682261672
1769006259
1208513001
377050594
1560440194
2113530919
1255080015
358861323
1912950064
245889910
1367086710
2089970431
1005595219
286088939
1867611031
2004537023
2004978047
1502872735
1830147734
1452612267
2010862091
436275480
1753462104
572789622
1127479204
1774553875
2109413912
1633088745
707439844
2038286359
1971229260
1278612328
404200918
2115993728
589616325
468402853
1825648978
259564663
826795961
773261129
1719620663
683624094
341495527
889425433
2083900203
823384543
913228389
933653711
137268516
1828107517
798026858
830614091
1117594966
2027020007
38383557
865636032
1412701511
1876435776
1541830095
2092874694
831877148
697986556
1146553632
415501591
2131166028
64253934
2038914923
855425086
1843669561
2098301847
1715415017
1776379123
1533358018
2011891837
1018139090
378803672
1920329893
1438683146
955831789
607942749
812928446
854323635
1880109497
1078690947
1859133000
1838231235
1401908387
1574442631
2040826414
1129041788
991356850
996492667
1166337067
958037551
1342911030
1401128004
81091632
738847913
680995066
1574799947
791200155
1480589246
855350344
1197605625
54283520
1462256519
1247116871
1297811037
642413478
211986430
1780717856
811882802
1099808832
909477138
1978977570
1095857588
1626125887
1315170004
1858590522
1530157793
1541913419
963191236
935698094
852895198
1006766707
934981417
941558917
1024618765
1644080571
1708216607
938960975
1252425047
493518925
534413080
1248083890
1495605644
801112
1930631607
1856754600
2111865730
1895005586
1571579798
1326124896
951752643
1627388442
2033998130
594282073
1777166747
81364540
1255806232
1117125201
385625077
510807549
1462226015
1417669137
538841406
709624886
1068160764
1687070550
9694058
853089517
435361654
1118270695
830051624
510857180
1613932459
908078408
1204035818
41853323
1309068605
2109075653
1799213566
1618425681
861091040
1943231387
1299241985
800731161
1110472732
1854882840
1418849408
957040477
470738861
384631118
1067153850
250281728
1699651923
2064070909
501930896
1475875402
1840114570
183383456
231746489
783609612
118413670
2278828
1386343968
204093683
1932867514
1672912993
1946517803
150950651
1681768474
2134594846
1027429733
985788937
1655674439
13156582
476966482
288733056
120130555
2055474592
250260131
1503974049
1422437552
707802914
2025542779
1951050733
613651167
493951580
2058057997
1376884214
2033845036
1401555654
324307436
2130479366
1035686307
1837167068
347325539
1337320689
1619660105
1370420206
956097123
1054620316
1878095002
1609015149
1719308826
549854962
1402810792
1870635662
2070787739
311821691
2051301077
1352403515
1207726097
1805066632
1368969814
1850935068
761392169
2113687937
565949150
2001157466
783285747
507121740
1821922291
512137649
412319268
911503435
1017534955
378908782
1118598173
479861991
1572087449
1555079962
1311442139
2070242697
1299877032
1114279672
713174059
1369198380
1222298960
1609860027
304168171
1908977420
902290200
963969190
507848944
1740721416
1224468153
1710816289
34771245
1392315651
700134297
1856467255
1917427249
231285395
2097492930
1761637810
939827374
1740327342
750054524
2131810472
1779595553
1272515090
1848746398
748898554
1235077187
1628242155
2138098349
1889010413
1139926950
228799415
1210732354
229377846
609134982
1151691146
138414707
907597902
232513885
638619166
2071566273
563462572
1726853957
1090264025
1574266678
358851852
1944759835
820809151
47192354
1378636205
2034542989
1571412572
1025713010
731799952
1494577119
1460860240
597408868
1104060578
1108356413
478632472
1389039772
1820850792
714647784
429891037
577813894
1691545720
2079409293
1074661851
1621137269
421369922
2123416866
1755332082
63222785
1552753272
1238426353
192600711
1740423160
1243736035
776380834
1774727939
293313027
1081540817
1261793480
1899169678
530856143
1258709619
1018041384
1940277263
2110182779
570066276
285889468
1139465705
587161696
565613717
2039903175
1641840284
467025563
928916037
1935242814
521045289
1516522471
1069901729
1913463054
114939359
1188768082
978520568
1752617015
1525466835
1303564193
2038196506
1584532760
529929079
803040426
648377930
505278115
19125831
612533991
2135757354
1589527105
1305447240
1793223306
630125140
889289634
1439701426
1042472085
908333163
1971088559
1028318974
870717493
304783400
525125212
704442537
1772950056
1797164416
1374904504
949284540
69600735
596345574
1117211393
1272413519
1722304639
2132899720
436380766
