5000
1934005382
860038303
1873585698
307214385
332404874
1247916965
1875577300
1604584927
1608823598
463567002
971661483
287668429
1795281262
1276029214
963478699
1049922165
629249243
721727781
789570382
2005997472
855405824
1217412812
1268188394
2108223700
1675946638
1122932324
173447816
1695560111
1821778066
1183526692
810554465
1282695603
573484901
1727829803
1154924465
427515067
1471176466
1721868230
750873901
1755251327
1811804348
899666335
1230151554
607563744
862974424
1747200291
404767044
2141158963
635016693
518462182
1365500740
1620331444
469145755
1544871752
1715241727
300321854
1834690683
31131499
143317105
1877532983
1780406462
1056725235
305212588
402422190
2040241144
2028728974
832550967
30554899
431605235
1376827406
901154994
1242607820
274863652
1039271656
723906561
1529857251
1523501589
741257731
966162905
175849594
1150596883
775898712
1325492722
743248748
308112643
455382761
734184140
330327336
1382768813
390304159
1242420107
1723755703
790699310
231692879
1737313877
707137637
233078559
339914898
672655018
1668239203
1456928343
1602853545
1552054163
850096292
2012991616
1704745614
1891152272
1231223780
277187331
2104273311
1617252715
766671256
790834573
1244020105
1368579616
1168571213
809937884
2112066569
416149332
940272667
259870837
51906330
1920072465
1157081121
1762864924
1662003628
686402711
1368546827
2002427404
1258908549
801882728
2140583383
152091008
1619133880
1876784291
1246675569
1148710161
679620225
404972280
1205057793
81888803
482317860
1145703218
1451553200
1048530533
614214364
684640064
734441337
376843739
119612570
963793871
1782165695
1128977693
238508591
1721622069
448563192
1407283091
2055068957
444832401
480754309
694771208
306175363
249815692
1591061149
1118697655
86693686
1753209686
1948730912
1835358461
293995800
1029874574
1532395646
204876912
1321999825
1196034620
453480607
1582141134
1017665565
60279883
539622307
394128428
880260791
1716804476
500851629
503311184
512728269
233581571
51781626
1829658578
1403693686
292588413
1941020160
1773552680
1576853694
323288612
253921681
1767095466
1552944496
910304900
818854913
1062543641
514424902
1802973796
984675863
1643974384
605685412
1255330185
1682202307
335315939
175714187
1226617938
1959251063
48103463
242014333
566792505
1091163264
1884991676
725483824
860599203
974038121
1188208851
169601057
1488851516
1392550097
1732310423
1569615639
2075126896
33345270
287649519
1958266464
758968725
543949874
2063233722
1160602208
226881193
1958338111
200662738
1630811859
618267796
945456178
635757241
1266957179
301491830
2049977759
270836417
1485912106
351510563
1317106646
1523278326
1353636206
106914895
1389455743
2067592128
1298795607
915530263
621443838
1904424739
1469686464
14787701
177018640
2011404363
449265743
317257599
617815730
340433674
363957604
2146948961
913906990
1564896557
113816674
889021986
614353172
1651081323
1856382384
1095887354
229395349
1779313998
1637917634
753554338
2142753174
479485061
79534013
1017007359
231400231
1062353384
2036378849
290049598
1015678091
1334898259
641381948
2125675836
2076515786
537813516
991484253
1262424923
598027164
295503629
5571426
1100614621
826783427
429566776
2043192720
430102907
1203311945
118968926
541243541
1039951315
1197371990
1503991980
1939999111
1473353434
520134078
48897361
1792331243
1383308498
1321772448
372077603
1310621730
882624919
1855927734
926425094
1394934576
1027206654
1719648101
201528671
1634078557
634929231
1752197892
181093377
953542272
1153288932
552587047
944024056
1267224672
85483943
2076799316
1204120883
1986321976
1268195663
1214385616
291634698
1678210974
1644065896
2041358516
2014527918
1208888986
1818141425
857302282
606061529
1211456519
917890927
1290741365
1679880567
1405289437
1508314579
2007037959
421354292
1491239081
1259182489
651181384
1213267707
984709394
1616409583
1909238437
1197251262
568269586
850666008
545457423
1974797924
1021223041
61703019
686533247
407606947
1137581000
1930827803
1915347533
847808109
391285639
1477627545
1202517399
567306711
415905506
2103335672
2143555354
1324197839
1700156025
1353192425
1983243167
2060909771
1818028938
1226332714
479011449
40633584
1833180423
1629718001
116043095
1860226637
1061653432
2079612282
89036966
1186034439
1634281976
1859588939
107541537
1427553151
798901392
724421737
841177837
68471066
1031395050
764915418
1597262663
1868351330
1035282123
1662220047
1076709293
73050138
152545594
621188939
1637138051
1441260327
1180642782
1093786973
1404877470
1077691203
1743344790
985440284
539450122
332772905
721373259
228554537
1936331866
1009788978
2143601736
1037531145
832616242
960914938
1072390157
1609235701
2090943122
1224017535
1567302400
275313325
138508874
1199070655
966877639
2083237662
1914652792
475952991
542564863
726159199
796714180
2070288294
1900955090
884186592
81905106
1457768162
1444659641
1489338741
1615943746
459662151
2032604962
1021571632
1476952083
712030995
232315423
582908153
2094194602
206286512
420740111
2040738994
539552084
1995987889
1279042001
278292833
593999529
311217655
1814904320
2079692315
1586735440
1363786480
681244395
1905201859
708235900
1139131176
2005553561
1916221281
420226121
145145120
2073372331
268699985
1934125328
1308755664
853728836
2088268242
242353164
1604116649
668202260
1242037502
702052777
1453707093
461489926
1887182498
148684662
1285555720
626238823
736363017
425415841
1507449097
168440246
970448670
229188215
921122771
398590564
1224268059
1857299376
177811223
596545360
582378662
1274598923
1141600994
1483629972
797062803
1411215708
1518399938
1585030119
1908128062
1243867250
1793617446
2085338976
1941703468
2017702208
1828855959
868847390
1770751515
1922847991
541024914
2122620936
1860815823
823249010
1519738952
891081413
1450270051
1086557199
295424822
1478573683
1858058554
179279028
1215349821
1611750665
1990918406
1848769353
49960301
1832878198
833497246
858944884
2034210177
662015534
701803324
552637803
61954231
1482490742
747555561
1400885943
459021252
1254834719
1945589248
992238107
1327230590
1009984449
909374904
98674155
957047987
882694031
12125179
212590162
1300664882
1688536346
1431956035
986513811
1329269726
941897956
1932461938
1194251295
1239282173
524261766
226106912
2086312257
792789735
650371846
1859275574
891261692
278902136
1405856549
654345017
552684000
1880971829
1439821394
1712691636
1412341440
1284327080
91349706
258133731
497197394
1404962664
1295324716
1528686107
330314033
362846703
82890857
228180834
1220109934
616869657
2001977599
1595708195
393461982
1187181898
1013248749
662468304
2096767307
827222854
1255475368
1019984925
2139982146
1321580878
488816832
880646931
773169993
658347148
112443891
1519156258
1435636573
1360865419
1478668063
977979039
516787927
914721166
958628995
10958522
1606663418
182267760
696203957
1338883065
155901773
2113435415
1774695334
1345183534
984760669
276311275
528805587
1661972849
707162457
1729568649
1606190409
1459634487
969687150
415218123
1708420691
1585355202
1050905291
895657037
468847331
1299335296
795002827
698839327
1024883484
1242852320
647783021
766528626
1079589100
705972500
1553914286
457816045
1740766695
618687153
2057349196
1509903582
1013116599
1478313632
1776874965
95323558
1953763113
1400007966
113642915
240161032
928055056
2096577944
1749196961
1305750452
1851391457
531113570
984272002
1929413258
1356412848
1500342790
2081549389
645537145
472733826
1717333465
1059729520
2032324804
1889167738
1929154645
1910439792
2033039503
373421162
796428017
37952969
1029716390
2095280277
1371882698
495164998
1276710093
472249929
216492314
699439690
2111197393
1900821487
1067463779
72135173
1494459447
844356063
1022035988
2092192939
1736001615
1839257110
349465510
1921896683
712329918
813070753
743676843
1972579534
527939626
1973316683
1055891311
1025951343
841668215
146741307
353953726
1262730159
220227203
973231879
1312847047
259726102
1871507356
818767408
366314601
1674500983
147460085
1667965487
1987233965
1180409009
1484314755
883526627
1050944973
1071787894
876424891
2005636174
248379533
2019681772
1512781328
475017422
803136586
269790173
1629471586
288339813
1049962930
1815996067
1717360265
1817215818
121668678
1146953279
165878990
1133764762
571052440
1567976525
555842269
704397546
2011676247
104510786
28549023
562935768
1418640819
269854903
1678286282
1806286484
163350264
772769963
535465725
17252492
1819335658
1406581537
1795177616
495448031
481777468
1680679278
1266799530
860610831
348979764
925972582
528064042
1132752872
1821012911
1041432939
1795802456
178744077
303789659
1256567279
374348799
549685441
1898788290
1214196698
1570828519
634856201
500954735
1987460663
1962010926
1294613418
415847061
233876684
1097720348
432851157
635699402
2115109163
306895713
1635404049
2005541681
1287397883
1813703253
843292517
466557943
2054337480
1206989427
41957418
701361458
684867979
433318213
564622496
554769976
590097431
135552968
869490647
1161374220
1310221097
2001081580
416131571
2083157522
1810752855
1823330190
2057825672
1428934537
288557042
1260503339
1593850734
1669231201
355895227
343125934
2033380979
2132318066
1075994953
597567518
584763490
1246464547
1895395536
1108195394
1260410403
188630965
1930484364
209662445
1551473591
2084938826
1001798403
1376515033
194709540
776141361
1305714598
1914518761
964342434
1951555510
176309810
1008698951
224845390
271672660
1117595125
1978590614
726713930
2061982716
1854160646
1947563654
1837937210
760750885
107066334
420793971
1349014142
948600862
241280929
521368866
1226335273
1300953724
124643505
1097295950
278830617
150225846
371089133
831956184
2120803296
1850090833
1454327078
1032239580
1703592777
2069100168
2112760079
716464751
43137027
473144008
338604834
208414764
1729673148
204867618
1215838066
1092422967
1934722685
1485985163
255659388
1291730511
1425429323
1166823567
2030874733
1986055647
773004339
1191156855
1792124914
1512469877
1968331256
291002279
575420346
620126264
1418360117
2247352
916117475
938015990
1097695766
729259454
230782419
1032050980
1197229272
95950678
222329774
369001053
2021490078
1058136708
485269697
132739180
1062894939
1954864542
1750630982
1282406624
1365377378
1546219276
608240463
1552828365
1305630763
816047383
2056090801
1454662308
598461807
298670936
546604420
1785672410
745299507
1757096237
7797784
1909495632
7714065
426629144
1199650011
1047494525
1696493257
1821417905
413428632
569969872
1401923158
533886526
322489158
1617673665
2058340582
1937869430
1398359719
70623048
1165734578
1479700044
172636260
2056161222
1515131525
257665843
1249626826
1887918317
918361808
636414395
601434273
526862857
2126143730
672702485
842364349
286276103
1291403870
1232029963
1221037599
1665337987
1299791873
2096832845
1925549814
851247414
711647169
480210451
307308293
491205172
1453898619
1200507703
2080747175
871428787
136764797
193987013
110692313
1154372442
1071211899
1023862285
589317743
364093824
196310035
364428758
866722102
2139550401
1115643808
1250340490
2063149329
1407235708
1349595120
1146926031
694405541
349458326
1182032595
146906452
935858660
1222228011
1029044302
579900760
1927758937
452012732
1091290840
59059978
1315253831
20567092
1601836946
1667431531
1340295574
1381273385
557353653
295808199
533177328
67872127
569852760
44479259
241209133
1138268741
826629224
431322034
557193735
872480078
1536795709
1289681713
91901898
1445151665
1990107441
1079655594
296304856
237808446
1256381920
1523439398
1367986944
785458327
942570853
473195833
1826642336
717112540
954144608
757354849
306443807
1407336635
1942674617
744765081
1822932772
71298519
457966274
886359120
189313757
568905166
724924753
1842949735
147942651
701898722
781313335
881271452
665102473
1266285510
288220497
201803393
106923914
553743197
537829073
128925396
12886898
912309456
1058378049
1233009816
1180755217
1533175244
20099842
2076513256
693839142
722635981
1000723807
1558370897
620729446
1157571525
1542475919
136252669
481815567
1793473074
993523869
516570683
1497458131
260788103
1627150579
1357794554
1393654803
1636609357
572471604
83304968
1710912087
2133969294
1214343393
31258393
457221567
1179365555
1905579121
125379669
1282516116
492861509
484761750
751728353
2054033152
561690871
1739984622
741216126
1362575302
1444286595
1253960380
2034354112
1915861842
1254206669
991181872
354755057
1135438025
607247673
1780385182
282443110
765760106
345615664
2052507386
241456744
1489153370
289769234
1578011284
1433357169
904128979
2039471402
946813189
932162470
1230933043
1835588953
1619429
226610599
1854344174
1070213610
1306477448
99773661
83885400
1133485367
826912623
1392070702
981909623
659427979
395363939
2070575279
1762523666
786512368
1224806758
826726178
1243009987
1468625069
1002428640
246778539
224003196
1435673826
2048160201
2131666616
837918729
1620918149
494326133
1637908950
1448390671
1841436186
1724148102
536382276
211129333
1156211980
1193037138
26782134
494151996
1356124846
1006869674
2065834323
99924910
526416069
882063703
253690322
1615642015
1104606964
1284489792
313728348
1377192053
453938353
91019548
1218282981
115041303
727530603
1146924230
1226019899
791287930
276165887
1068289901
354317759
1904362604
963167127
751915381
4473536
864960319
1025445753
1805592142
1264950585
523714453
1405934180
441897165
1608046087
1212583217
703597663
1900041981
300653632
1550088146
496420187
2075754155
773075725
1348868137
1959114374
1068978571
1413164911
184211491
1039632057
601614729
1218887453
501924610
1372469814
1734444362
1781560988
875994431
1462740753
1178330025
1770956668
1955251589
958787096
1861282010
765083244
882236546
805109068
1053395438
77212091
2062824731
1429609172
1276903833
1522353999
1921059979
873100841
495995967
705420145
452889466
1716896579
140504164
943296028
807767301
266460289
246543992
2061562433
1900949534
1881959626
978609455
584160135
688008943
1289724345
1463006836
1530498138
216661918
626452014
470929108
965977203
1269152810
1906877568
1058874863
795015007
1598215005
634261696
657013589
115679735
2064407
1268906661
1634292157
268695960
1563232789
1150265388
1051620335
586139971
195153542
636139391
2051653962
32184604
1900810146
688458174
265552168
1810955178
1104579921
1381479529
1815838674
1576985700
7333138
1086586108
1905865289
283838065
1415953058
150034790
1416504109
902838786
1617209408
366312411
738862615
1261988695
825095744
1114858508
654103733
558796939
1102322794
1049524776
798085678
1132537832
2142177555
1380888683
1803114601
35536523
752431594
988720607
1692273532
1049755156
1848011962
615317651
1380521460
1762706178
1399164480
878270310
1574276527
1318435715
517854245
620152006
2069110713
1782516994
362353651
873203900
1344275523
1697678010
640398264
1901781834
1720073057
1279640464
1022061210
81227355
1639977247
1123881301
698730639
534282383
648145345
522423801
201819928
345642693
1883198944
1626081789
1359323406
2034943792
249917183
1731812180
1689858886
1241332384
451705595
268778221
1497310385
787918784
872536482
686599012
1682740852
1660126428
2024486851
738911990
977869876
790284643
954469439
1097586139
1994374295
276421129
30825269
1568607346
1880602933
1560346851
2144322520
420762122
36052763
605692226
1454625554
126529123
390667962
286419292
2018287846
1543176280
1746807882
1135610855
721073233
507976614
772008076
1701643225
1650798358
85356619
1111019512
938466573
1055605499
1105803094
1770501091
1937475549
2142760183
680208934
1433598598
170865212
1853422157
458145936
821012286
1192176345
1255822418
161085030
1608591902
1173342895
2131137754
376281731
1839659417
1803249710
1838015006
682632468
2945404
1387024474
1949569965
925177078
34569104
389269980
1313283619
370792130
394559646
2053578439
1413400535
1693528847
1457135360
443264892
763798506
1976976401
645672108
1367018523
1685280951
704640171
261193339
1429739304
1803823504
1091438039
1164048477
1412313107
103927074
36216200
383149504
431187152
782993512
1907055818
2021857962
780578023
2097386362
1984232882
1389255230
2124622546
1131136294
1687452140
1088653379
1122072310
105089114
1617738009
1917067666
1193275765
769136456
1594345063
1776778016
600513702
1255669852
1435668458
1660570463
599719720
94040486
1134177163
879688130
1436192379
1400819321
1359193710
565163948
834543715
1421543975
592927382
534994997
1280173778
1210797427
1581829416
878059586
1018261566
1370644982
2005144854
834070417
975778518
1660315352
501860529
1056612312
1731403548
1834437892
1887597714
1003892204
1670854956
522230607
563255671
1138768339
2132098058
1293384399
1717056221
1116454570
1288454900
1285950144
1008387175
1061970754
1637186621
1778711950
391573930
1112906325
900391729
1357151236
32414350
1871022638
1947402973
758469324
23495477
908901942
2020261740
2094228851
1448771780
964926926
1439050030
32664429
1114714447
1589554473
2139182759
21885962
37238881
986879499
251283142
1983754991
208799366
1796798263
659344078
703534118
1887315627
958856370
575240494
572856445
1503991045
1128710394
42790
654276958
1295031543
1076130800
73034740
778704343
760856395
1432374411
72657370
1324721708
1664426181
1574322061
513810723
1929033827
1306984461
1703706931
2037746302
1611134066
898085868
240766025
563853446
1169991770
71414263
24408900
1287111433
1783667924
1884429355
121321500
186660961
841625880
229955549
1470688294
1670141927
721665899
1852124028
855890336
1696093345
1916881210
205251799
1400500889
1916247900
1094150978
798230436
1299892581
1632516080
558144036
1644102617
2109755892
231344490
1153279646
1014068005
823617668
380979840
1087277313
74539066
1125720893
1306192110
1737520837
334435382
103147850
1152776980
1219902847
1938910527
1611879512
1921333902
1783621707
1600044289
605935458
553354807
440838891
566963850
1406087249
589720794
1280448160
1230353550
363503431
1413725898
1330091797
956071853
1502603147
2053056721
1069888716
1945238784
1340479227
1789973970
2102960968
1226529884
163518224
869669251
174298177
721526198
1296368868
471671375
639521843
217983094
1658999162
1883026445
456764992
244050177
1555409255
1894836612
750852385
298186693
453158461
605421484
1040067275
305972865
359679376
1744447188
1228821721
761976512
973482502
1707040214
1954277655
1311897849
2147066767
1640387469
302736656
1357517187
494632691
1866158579
512624510
1034577900
618110684
905850691
1418373848
1654029418
643259291
1212041641
959310675
672622251
1366797278
2000914420
349344264
1829419995
1898189866
754803932
487803258
286260404
63397922
168886547
759601646
255691890
421732818
1715420488
1164324193
732311011
218036865
1394334912
646077615
976751358
652258044
1731112766
1191379506
1839088120
471722768
1639433016
1480656
1760427078
1790511851
628072552
1087412660
2131233955
10050180
448563795
1117270970
515380581
600857169
1073072514
765998326
1656370777
364688165
141426345
1400982579
418399079
1945892560
689798331
542084182
1412399901
1731995705
333818547
593770507
1076884401
1092488030
679898757
302307046
2001083110
1064910303
209624827
1861259528
95443780
1148393386
691043768
203215730
375444109
1878610402
29571602
1800027205
2035073008
676428003
1750760138
355651427
1265267357
1150165739
341635297
1446146579
78036771
886763855
966979852
1785376641
272301935
833640575
42341985
42124653
1475122903
740306962
887811341
759494573
1390346725
1854671722
1417520081
427437290
885091480
372660689
1115342407
1317327525
1245761364
1262439962
763166722
1767639541
1674024547
1572769767
434693610
514333426
1739837523
868922176
1706018997
971059552
1095557815
1029667120
1749192524
208757066
1642187308
1882445674
833460487
1056633535
1838735225
514902368
1911990240
973338225
1973036584
1381623759
1005966025
1650991444
1297949466
723044716
620920709
823259578
419641839
570174214
887973261
1016863432
650613792
1864097694
803248115
513554838
2108526277
930252929
2111739720
897044585
1203155207
278795955
1371106514
516197362
1577658977
1436029258
863685580
1700056730
1099946179
949397337
945175643
1093764474
851236554
1936164664
2086554929
1860322457
1731695165
1890942714
1616236165
243575371
207579576
1170859256
538317751
710151399
1504433165
1434109931
203636185
2002939271
1846742321
2048321272
187141538
442742085
264261007
490762763
103726739
898382147
629311339
835162697
77227963
1134790284
1702669832
347453973
48785184
1200387810
1019249372
1876606317
2038715416
514034833
1604119715
1363980856
385677391
1333040892
1116263865
1215010803
1662440330
2104008300
1874039126
2048510209
1448387828
1026365675
1164167853
1123693130
1806630192
1555392062
627964725
665146167
1347672484
1289196445
2116773966
2145781346
392644035
967141654
1501211151
2066682324
1037960625
29539540
1181923680
1369079567
1420511356
605687741
2123466248
769899341
1436181042
1718645123
391058718
434995246
2035125833
1719250289
1696474878
2021950276
1526381109
2049818050
1828939307
1546645246
1352619739
994085129
1577852156
1409327722
478425928
1421665560
202208226
342899159
2131386235
686023722
1228224606
864083605
903484699
680618318
1142237601
74375131
531409808
1015481328
1005703467
2019889792
168464646
1813910615
1832771305
1187314084
544623888
2080520250
206245967
11777670
178096892
313851494
2086248180
415023385
21572532
129754142
760165932
1350264790
2145738941
1568249757
712929717
1801197712
983223703
80971281
1762124695
1990619262
655471226
1826926225
1283302082
1814107156
806887013
136232773
613572929
1841319937
444869138
1532655938
381487704
1441824937
868956395
1517837464
2061101180
1496138511
417809432
1230150881
703747134
2058775705
1044589814
249650529
443804142
525585245
1602688732
1670526361
1698711691
372813514
540920151
49544380
1931368251
20461483
1819024082
200793778
439751652
446394361
307454586
36223023
1600121233
1879714756
481817238
1834597028
1597017705
1192735044
656710385
1684887819
382364261
19147000
1002713839
1660255009
1553827053
2036585891
1149905868
546175827
1432288103
16586062
931343063
1005742314
295763925
1246636225
1749461998
1794119258
1150574163
1166787619
1319283530
58026967
748456963
638150523
481974358
421495940
1384070392
10255902
753979239
365367994
874021486
816531382
572054602
581798761
1134326086
1922599002
176342162
1795922847
1552896034
1734148263
1889605944
937550752
1807568264
2118102474
35492323
537721850
127581811
247321230
1482092132
113099035
446030846
1037289076
1935728942
1704388635
151206483
519540419
582943112
1724963457
1751994037
1513504466
1697891817
518314789
1848712547
2114265030
991725138
1147171353
795867243
74948955
2096334318
396501055
612365646
2024477026
28378737
1130388673
505668531
307830038
1055154474
1509677221
2062797699
178395172
243149288
851315471
1870590799
1581256225
1818515808
1296368992
466644452
645110302
1208581905
142446653
1964978684
723224153
1952447286
1705807499
982693522
1300772344
1386365400
1059629799
1076173519
1824248840
176759925
1300581126
1389089606
1760054325
2091459735
219139234
1429201117
1964772093
433049004
278923552
1952353885
1932428765
1817843620
232596033
2012985166
656247745
1721553224
1916245592
966694419
606887246
1939345943
385457089
992090579
1865780387
1431221294
904840909
600949976
1858119207
238737420
256111662
545002336
1653383323
1769499899
1147174511
982739276
1096815889
794739874
1117370762
916883460
84950947
845294742
868333482
1788448226
433047465
574001347
1236423973
1076394849
1458982725
2035033584
1561693325
1079787939
479317187
1658788762
1053561707
280713553
1781705198
636704330
1181957650
991879063
8629421
1941254702
397093917
1832205743
1616815910
1842891987
1256078388
349918842
1060040736
1403869157
493537656
1519729823
1368564628
46658292
137375308
2072998250
441166276
1512934956
446697883
1756474012
1018267882
354833484
999619200
1483481110
653589667
1558781144
2018454839
621306770
1101420122
511403644
1427689075
1634123184
789554538
608065841
573722734
36770915
101951448
146919709
717760197
1370249677
1499627938
1385590634
718455451
544309639
1156922976
1727510017
1407309590
1165426704
685840475
54995232
1207166391
66310109
699631784
326203779
1419448883
1438974041
61350129
91666136
1607483186
1696517089
925444582
678332855
1660252723
812791395
304876706
931231348
2141749187
1737503481
454722219
1735403177
757530639
154358411
1729727916
660716622
874810104
607713813
1855928485
1137847010
705969197
1609769153
6823765
1016699619
1543929744
320575085
66961077
1696977633
475800996
957469038
1377734047
1344187122
766492559
19678558
41475294
365856121
276185917
67518710
726236816
919065301
1207433190
1590908007
814692338
845191940
1046653534
216088540
1705244744
1656557475
1188440283
1402038586
1831656014
1312958148
1466697658
1966267073
1886513918
1617509480
1952165271
591776105
2018425639
1645067675
1752934178
1355915911
1728886575
325966328
1317094508
295084791
1268270854
2016886404
427785160
587461671
60929814
941152160
977671989
268129233
1666901910
1819450143
845293489
411779257
1587725738
1306286786
1554039367
585675283
2022673241
1918672526
1846870985
2064733480
191416171
793282255
834821525
178213876
1279405610
937801324
1143744730
2054660834
1116221806
1007109447
455836669
1545328635
1156538647
402569821
1905030665
143165318
1784124029
425332206
1024678808
1453927502
1045680629
1913107473
682334768
596284511
1848121830
765046428
597728634
1653921732
204329984
1518380939
1910643365
204855093
1957699790
456659766
1215602132
1166360882
1349576650
2038192802
1682922683
59449777
640135333
532942330
822629429
955381581
1701528216
190127565
2144316425
1292718579
1385630935
1534009025
2119918392
792590622
1012750061
404984593
277103601
1373411815
1758935342
630537305
1718952009
871628202
822303883
376927947
611145323
1630783450
1321501481
851876563
808950896
1940175944
1922095194
1305634709
999691503
717721029
1260587271
1892906264
1778690924
401028187
1117660175
1835314743
2069018593
797428361
1370833488
492426107
867494984
1140520246
1787295469
1804338460
1292928792
88264813
570722201
995448092
341889337
512517761
1740696818
1653891452
1899487507
1772793382
1230740153
741406417
1954260843
1964707878
1872039863
1060813345
782255029
1094481548
947072627
1356520367
1958780822
629268966
182410598
896651368
1729516514
1049200780
1028681469
928650468
2054280393
438401988
707875283
266925935
2037638641
241358644
1372948783
2036754933
1768511018
1160541634
854355327
248831137
2043282641
90583453
1334064018
276963385
612117808
664119384
634240533
712658828
1746729737
1802341128
955397453
68535057
212821714
270562191
527132395
771426775
775051747
559956740
1768943328
1980623980
1472142120
1595082771
321136584
1055160116
1290863173
2112253183
459334185
846924814
913798493
990555775
1090577907
100695449
1104358326
1568544999
1439054269
112406557
1667218325
1131548545
117978037
1307067632
1290431758
41065020
1903907186
1148570656
1379358550
1830386691
1317263502
198770539
1609942103
20304157
111427174
1972470545
1489296686
1433482518
1975015661
1732948296
520724116
362508652
852383394
1686891693
1232540848
2028319628
915308197
1959328062
2068439063
1568033647
1212332390
1053515668
408420563
1490940189
716103812
2022561615
271969281
353866611
386586438
885176418
1121052498
1037807265
764373640
626947659
201764110
305146320
539425148
480190916
1388730666
1648213474
2096293261
1814688548
194944167
1502864174
594987726
1006099643
1970748085
1914980464
408584181
283780265
1921764262
1281282097
416538343
2097154038
1052887826
1828132839
2145998051
1497785300
1738271223
150767009
1155414705
1941596340
1361816741
353230454
322565356
1232622544
1048727127
1016161393
972741718
934228508
1128394043
972717482
1889922457
66234828
923795194
1095098787
906248857
916704620
986320131
1240813594
1434407317
4846933
444446982
99864170
1831663107
1154785831
1447364692
921399154
532431025
1843357615
1598552293
1538629686
1922306046
1328602640
491019699
1538195081
831811579
919444681
471663155
1708636173
252428995
874003642
1343297348
768176033
395358531
932667937
844949338
145468413
1989272138
1729810393
254071377
678415713
1905032178
1612218362
950768144
1404931418
1828350762
607831967
1928644309
2098791097
1059681344
305692682
1309985604
65745393
172755759
389036500
1284427913
909517365
1345647532
853505691
507658983
1507687366
1867426163
2066672352
1736996295
411873007
964661422
28101039
2135136284
560177412
1523314206
1471026489
1170206781
800252910
1319544586
1810889185
828924159
1714451367
805423679
514994441
1836004572
305003691
1095753625
795044339
1772892909
1920576033
516358243
286833939
34667301
162692189
643217452
1093215764
1865722493
1408837341
1038199814
1835402726
9946759
1812362878
1097599969
227126596
878801716
1137721396
135252459
227864203
393669920
285595306
396860166
1156888682
1944997823
1842153708
1279377287
946386908
855482388
1917364361
1770754780
180617829
2057773586
865179626
1099359227
180406479
1988359145
552296501
1425675697
2051018909
1714287372
673009666
254543617
2104391368
2062149652
1576608130
2140980025
375847441
1095957205
540551274
965474804
739036444
1256746807
1106774165
1245593599
1492463697
108963979
1413477381
68294407
559568136
901019401
1536388
764788241
892356319
816687812
802663032
2028915130
227860059
812904627
1904230633
17073203
49527616
595523267
200847055
1727927843
1800881828
520411139
893856564
197490326
1719647572
1389613364
803608821
1180705405
930693573
2090220620
1367407848
1628347948
1770649318
847369642
360840280
339983647
7414208
2090026961
1643700940
665104797
437277754
378994524
226799787
1449321935
834117281
1549813696
17347002
224435177
594397983
1286582239
1448487
380720637
531472056
1047114977
924004005
1193739801
1982931971
1457436743
642314450
1203570541
2021916160
117783254
1562400442
500293008
859160901
1353146659
955779246
574668152
1587894099
1403306078
2132518715
680254814
780035992
646541716
830839270
745049226
287427320
1155231537
1781818728
1964905747
2119304532
1755265070
1492945244
994599460
647808979
1941224635
870311671
2125427201
723155789
550343275
34844463
1594133745
2134692533
182284450
637393202
1937131100
881157301
889582852
1788026955
1244415122
840781421
471772878
480152087
1776013684
1080483330
2115662816
1620800834
1690710545
1522680919
1789590819
32190317
1167181708
1742622459
1537460755
1750012742
1536096032
1259219814
45960558
883961650
756669053
926756972
762929556
1046311731
468301647
1178185983
386532403
1175021467
272580784
355456504
993745796
871393879
1292017280
156074171
1015153010
447772294
1610759697
1705522442
846108790
8090069
1990421068
94243839
1021814690
476906194
947235773
1560980791
61521841
1173155641
641331478
1372148320
1488315760
1210516114
1561231215
404541536
123357131
599882772
43035256
1974905351
1893284728
85656745
132469896
758524536
1921810083
1434004965
1589196612
1444447963
817546802
1370519465
745141095
187894109
1146720534
2028920489
2091444584
602948310
1897743634
1920070290
1846073696
447300913
1951961829
957445183
1342655449
1418978830
743187092
1873247310
725795133
903809131
1252493157
964634801
833530538
1186328350
2082241650
1309856732
498477645
738432804
1778739381
1065538096
341744445
1492064823
977283962
256751776
798679437
606738477
880685087
888351456
1797292976
1447701002
2070596429
642396659
1194297607
1418091532
1395187240
1098127756
299770797
1028763499
1036567369
745854805
1754865624
577480060
1232568948
1452931184
682236922
102748422
1128811877
1140398130
783583734
1603105106
479806389
728686125
1916433970
737154046
808746777
866616459
995760288
2030190296
929982385
1138353623
1712663810
1588798235
648171652
1761481727
1603474093
210261724
1401838444
1080587815
1190048966
1629788077
925869417
751988419
1547778879
2022479070
1340062485
1392085554
767197852
937607481
529814631
1998468287
1001937768
460533256
2101500346
1422588217
435000434
1846045934
1870999382
1852655207
1690945750
379746855
164317643
443072111
930281944
1405660838
1281952453
1064176610
667020876
164608701
1393747154
1107181859
718429019
999073767
744474441
421772782
634901532
1527636881
135582532
1485413723
1409843837
1511215237
18569126
976923852
328116003
1075733101
589436132
1383131683
412213775
236142247
1795869219
469666206
1988706834
1568925559
1684342968
1945732049
1697062380
1943957030
760696947
1735568588
525317183
1876372673
360150143
1713459684
933991222
1233652040
993216244
17588176
1065798126
333299370
2123009346
1415188660
567140326
1208758372
1459305764
395256667
488215862
1642251143
362872732
262576220
1423600459
905560569
1537801729
1116403950
47510718
819053557
274396777
1402610944
1732242865
404628110
1763219320
1560062424
787815495
1972597340
550773911
1773772613
608565428
78841031
1268736627
1754271612
539303262
1395422103
1175702364
129950637
1450540795
1032728995
393546542
1711561628
1097887130
270411421
948880268
1698564826
489905158
1439911949
275683520
791830482
363229364
1166634098
456885545
623685993
2114772237
1202171162
378238446
2134169098
581959392
1016295478
968371975
1338720423
37111783
2120745939
1876195348
1966254112
2102849045
244084536
1006800730
963654979
1354458032
2044741041
1745676201
2118858886
1979684984
1012433081
1480731448
1387620537
1440874680
1325752838
1588955321
858040625
114583089
295329359
723797771
2122799111
675184728
1789988535
2078384669
1436296351
1138971699
1210067885
2135551571
714501356
2080005380
450858808
1683883423
991438085
766344260
1195696
1816656790
111822007
348959359
49249618
1705646325
268221808
1722326548
1097066214
1438195840
1465317642
1193592147
1063489841
843242459
12705851
1815258494
1527133856
1927409196
9725930
956730218
497445030
1723855355
1965795483
326579226
341625341
661052493
79133495
857289757
1817202741
809675185
707043618
717695077
1165266693
362041859
1414361320
1919397634
141494778
213320944
381291867
1071785535
175935075
1924705740
1801003812
190002634
1817155167
1030144083
683290664
733093471
1728098954
1175473330
1483886687
238539439
608828466
610163644
91526411
603510470
1298567174
1522766636
1783030484
1044572466
772739058
1696866848
454842252
862941812
522988974
1299641612
1610496310
1258012099
1727544470
1094791649
1867279173
416807318
1516817508
1038941438
419327494
486407811
1306086145
1226605609
925754341
763421000
1225764665
1295668351
1620287567
1717979677
2094279238
430437748
1707097410
330994798
645194511
822856961
301546188
1198569572
1605285772
2136952103
2093196184
230619720
1335101341
1149134478
1900362889
2009686754
1261078106
1998145013
214252160
2106261410
848893379
520706056
901087445
84863887
970893297
623547839
1892509377
774512214
1378560388
1509562428
1642006267
1460078045
320042002
2069558594
1915753580
653518123
1358514230
1292002357
641677880
1241841207
2117686
1714170071
553582594
1765507183
436808123
710428841
716126760
1342325330
1959491697
2045970228
1302199882
418464010
1514668011
48769430
993600176
686352620
791398017
943882997
804864971
817243490
534593244
1528351073
1959744350
1653619187
327973518
640201060
1759358364
31547701
331310210
413225582
778418213
1894463052
1758659316
196989749
703793267
1626858658
1644872038
837901730
2062356785
1323900979
434553792
1434803149
1893226880
2132141471
93994966
665516882
1085291198
948437710
1083891631
807467550
1642210866
281700092
1264725054
1890499213
43218084
781793936
1587150640
383098857
1861925802
48545896
34405706
557429282
397782014
347602207
1221859569
761432699
388265856
498345807
1784290266
898992016
770949280
1509023933
1777220036
1571441117
723390312
389625216
482257582
148535162
332255215
1017210224
540298410
1370343727
598268141
885617365
952651474
541285824
1714321973
1509587948
462217926
39409405
904991253
1017436986
1388443501
328449380
1586769048
1506348646
1072626472
866364615
1922574527
402483315
874161634
2064631942
505178098
652314606
819579721
1451161419
1541473031
636524823
588133752
1803970649
1911622015
1153653931
1246660244
1763434056
2138982222
1609759019
101721005
686638337
764908227
1928172079
1808541329
234785959
1082303441
271427952
1467504722
1477365328
1470263570
1852130981
432878344
845527113
502470423
2051926018
2113006798
399131314
88360414
1106131486
440895925
1015261823
1652242338
2001115176
1043068260
174438348
1631923907
896881912
1353590421
1510557621
1237548126
612616737
441206810
2003968647
2061110722
221065558
1039461335
662902532
1206486008
1729119099
329532588
1321295586
417190061
1759289854
689334638
151538469
1067081091
590153355
1663540695
1961768980
1844230573
870267681
345744876
750504366
323932203
685431561
1562714028
1643540485
702654143
911727193
1168500143
1335833440
506045244
1976948246
1421965557
979814517
87382561
2014653796
1090155340
2100816986
1089988010
226681160
1941176839
731449718
46121659
1168653393
1116759960
579216240
1339242348
1196377036
449152481
1938033394
1146831455
1210904431
1411412275
1825430176
1290145764
335686133
2140211568
480099176
1860827261
1078237357
1194761535
212987814
2094139107
1518349525
1543934851
374286540
977078074
348289734
2001084047
371270334
20454444
746642180
607122788
1920632842
1767759340
92951038
1480529555
1435836161
1172504523
867581965
1454871119
814955840
129597299
1931533038
1982225563
321094608
756242920
1474718900
481372036
516416476
1739442938
1265523809
707741154
1541466744
124654247
1047985852
220501238
2042516951
2130232307
1278422413
1775726187
169209879
67934868
1676323040
148546512
325170385
1569315211
1806581459
881098652
1690713215
1697591750
802208607
1122750464
1765962105
456470424
1475715534
1143208253
1326025499
1712402777
61254574
714149728
856183636
952690094
494997915
1162672489
532066822
1583305120
1697356722
179739195
292979064
285499242
627472798
2070152225
1507895992
1339028416
77980393
1406186092
646023590
368151803
1539866404
1430309818
514169250
710764677
2140837385
611478565
2130143557
924856880
1861683237
383121485
1355798195
866269494
1618415313
1160148542
1446614101
1833119583
935445561
1549463657
46724199
500657913
2074899435
1812586666
1552481811
128960759
2071769920
1534566614
1734265043
2062867247
1790787922
1017701952
1214521614
2017390332
1479978755
1727153138
500856016
1483956005
96260123
412988430
460785438
2047903302
1268904502
1499409094
1374252197
1882272960
1539366521
1970352311
597512331
263237507
1697554537
726828098
1205370838
2063087024
1254430597
205374765
1618361751
1964969839
1406619297
429139344
228647006
1361453991
2004917255
1469326540
369800475
1110972135
538938054
1607815607
692530160
636940500
95259039
1948390590
1963281660
436226824
46425059
745046552
1024226127
1240532794
289571437
412824658
1627148931
1666288926
1755247234
293285408
972112431
15962351
152975069
2036581650
2102252122
661283360
1413013450
1481741201
1493870486
409387166
732228479
209547977
1225629596
1390361564
1838345816
990150084
875117911
168695961
97518215
1110842173
847600885
896384904
815628701
692129561
1985097918
402436963
1966048046
1729664528
717653035
1026690836
1256400509
1552582380
1015695864
1848347644
1297981857
60783979
1640918570
163450927
1491409655
545131469
1601369212
1982973164
1633961857
774501771
1941723858
328381640
1403639208
1402499517
2117682886
698282370
1368693583
1672639644
1872329050
1148928743
519933740
1157497573
1129777881
1333222590
508594347
466062095
1077079969
2102041820
1222953063
868501477
2074461422
827478440
541476978
1816570705
528868219
628787377
717280259
1413336968
943963458
1956275183
647882889
827912756
1564311828
19724522
1017535821
1606940194
1405814478
1685042901
463000596
1311895098
1623393310
705647693
191230191
1402646208
1398441922
413943303
807623450
990931043
1868545825
664780126
1640400046
588925534
1005650273
109718893
785922818
889269231
1592861770
1129601696
1433534276
1110130628
345643030
661385348
922101370
65260968
2108607563
1428463495
135512321
201847964
1844271993
38192056
1070025895
1798403352
394428233
1693749975
220801774
723026889
1734299127
70177476
1694163582
2047189861
561134754
492967858
84158234
1179420418
1256484236
881166883
477145518
250149979
865878689
745813364
494907667
1484185039
2003188483
1900666393
368474452
64884044
440735404
1319919491
1223056695
908817910
1921663618
693032
628606294
389027407
1719110990
1626979726
462086446
1721701128
441131852
1610253767
941565718
1166266633
112644728
1980658483
1620220908
336140106
249796421
1772548894
1961485446
1772763557
272789727
194439183
376577292
2013743803
227245132
1758445442
1227716980
380982826
23878211
466817087
597405134
1216586600
344382091
2095169618
1099898450
1087307534
1702948910
1745990584
870307861
1234963921
1225190891
747831931
804081866
1766958701
1656818331
2022553299
1325395788
1225536589
928853251
958468941
1052466105
581116176
1525547213
1848467848
1492293548
1738098536
637555165
1571899408
844029664
1615949154
1726460250
1654892672
1280986857
889177628
1407410529
1196623431
949966753
670137415
366774751
863204453
531493773
1122190565
446608364
841223080
1207412715
1463810245
2022412032
877980085
1704152406
1933588228
216726688
941012477
756653869
1409552297
555246755
1702670630
1491834118
1725936989
1240355311
2111458004
156467663
439629824
1609651680
1782923207
621935833
273499939
1574647150
174407798
554144124
1021115260
642211003
481959601
1523333075
265202114
677485471
899777751
2066060473
239713539
379071025
981807857
577569299
484284592
1634858095
985318968
1914068823
1139769997
1808412381
1203635708
1537780008
1638110571
1959932596
445561587
1989761608
177847156
2136646159
1679494404
2073793416
1291300783
218420325
448752019
1695812552
525928824
1461553819
1862595035
428001487
2136886647
1174530801
1307013288
1842585321
565446790
1125107176
1997265348
983988698
394981990
541205067
829443858
817916944
1939478227
867897656
289320718
234260549
1122240726
1822149158
227191664
1292075136
462953571
296488971
1424254805
1742278480
378054905
158457024
1674091749
1159603949
1036997484
2121946582
1477921955
1856695026
1431855330
1773471759
1490678433
938700545
1613631605
132279463
700597572
141705372
1736244556
2117514430
636124115
256095627
1315604933
1970396632
1702894464
977471079
1744195750
969805442
1042436011
1679436927
306159661
2034579960
501007828
1238731794
1286077385
147786883
1959269853
2041340665
342599296
743972972
2037952165
298779169
1298740595
877885749
277171675
1328270601
452012424
1592215611
2140011705
423363185
1318490771
1238759778
1481414523
1762216965
2031728726
1701086992
811063989
515708843
866504224
1067390404
1180826216
304789141
1706732547
712825291
635158436
1743078915
507220365
780419561
772091668
1972527078
205254648
1857055918
429176489
1162515098
1044593691
427353183
1077798196
284729627
216058182
1039966952
1266722537
1539869586
2005445376
1534156503
2085227800
550985613
1087545294
1142431454
1729076126
1668599877
1096024647
1947735641
942546743
1181193867
913163502
1203816911
578096138
751147379
1149727566
198474487
233268202
1209064984
2052078739
899406980
1960518674
1550467192
1556022754
665063339
432028665
1825239844
1638565025
1126688473
1610091322
1851115548
1089626205
625308403
373712865
317800538
710040844
1379981148
1770335537
813392970
941133381
943023627
40063177
1124623563
1696043014
1572209697
18383378
96272931
1582156346
1073599923
504778652
519421250
1054521803
1467101760
786421215
1636552616
519783490
1884741980
709948742
774433667
1558581454
11902490
129896594
213566519
679537422
1671029739
2020954924
657940044
554184066
1692533459
55213772
1677928418
1038168893
1342602042
1979073161
2003425634
1240519314
1062773451
1882331310
1622875268
1794039626
945393744
10071321
1757150751
72332474
887771120
1668991748
1547576499
1065142283
271998828
1876743224
1724764759
557138660
1767469789
522763850
512207844
1443865773
1826717645
1610258858
55003567
1177906705
426644280
214278000
1753190212
177328676
2060315584
1796458373
2049821811
197947759
35381260
139061075
1249420475
1703484344
276564242
486102935
380354601
512072268
2100967304
1474831071
929121102
1615757974
1462415414
236501992
2026508178
392433640
1548627714
1295661946
1696975740
1187513947
567948481
839526120
1553707657
1611504615
702978735
743489087
717565528
455371872
723611164
104911573
593180141
389509653
436868583
354690247
748123821
1640635
307543522
1834830371
2130330618
164952025
305597280
1273502852
1195790319
1310819541
276765060
597798787
1084435355
1971883295
1366670606
1556139810
1240960719
406956261
2108494090
1493697971
1789684021
1758876755
1627147127
928655974
808040802
80290549
1594480665
494565263
1182674505
899217758
367312537
2128685159
734170772
2123976483
1447972110
1806540811
1592387960
171473472
208997775
1793005336
1875873390
1668087791
1795293602
1058853431
1601424929
1713565644
628696796
896983136
1282966089
1940014526
1175339681
1101554037
2030984599
1040667698
774829924
864310023
1285817494
1745237746
404955160
1029040359
214429050
1146244179
2068083733
1394436432
634259611
841136242
57570474
515019825
2095722660
1785523956
1600626743
1559597464
1787847435
193873165
19197661
1951885060
621526977
1329433770
99128972
1965225642
274551271
415085987
1532827583
2014282976
429105134
1869248720
1508741396
2009450319
2028733396
64489873
1941724131
1310751212
1865337714
199151712
1119416465
1846640237
1339498695
336342400
796267225
1194623466
1790425623
1527857836
495011157
2016947004
753750555
1709753690
18646796
291950864
437250175
965531966
2103137917
683129015
196331984
154530363
683933288
1693571968
1986748468
775667499
1505110614
1837708861
1218104166
1758534603
1660404221
1493147099
1351499907
921963157
1944653385
1135746866
1952723776
17479614
1593910659
756802630
1736197476
1908835063
1548984119
297247509
1849425729
151392745
1962971248
1942524806
706367510
1469016644
529518743
628354502
1426249232
1402672203
878216391
716435572
1145171650
1548305564
1144386873
1909288699
4886384
1278873331
48932916
1829824427
935781626
1772199913
1639106371
1221599866
1367653479
340885499
631687955
210851420
1643033404
1213193378
951021505
1856559226
1306734350
1706417090
720105730
2105692547
1843011343
749597996
1435209449
33717529
292192973
2123060459
1329289481
579497615
1415625606
991118835
1701397532
1447387292
1270260704
2066850807
347964631
613026448
702443656
2020693422
105592228
2084077425
384915475
582078314
1712931218
589140831
443745065
1001561368
2059704654
1434765879
427476359
1244525651
1025290065
708955682
355704185
1415270172
1237007269
798649742
46398538
332598633
1706576206
2040144131
1187927752
988553354
1924892880
41425477
333151563
1842134019
365686296
1238948280
606059442
1065816257
2136904598
265571657
69976661
1438322520
843441948
1556706876
1698321823
1263939900
1514282474
1059624880
854312623
86658166
974385382
1149037713
1902129996
1765043416
1947377976
857663107
901877384
1267513064
1868972936
1847063347
1550741659
1779978604
1596413367
887147317
1964420941
2050381950
2009373146
482560060
909819496
432068266
707803904
835240714
647944070
1725614215
1265973677
557709889
207809192
405022267
1651908515
670400470
378558119
688715080
1823865943
982626295
521038042
203449336
1177332043
2118069989
1343137190
1463872118
2135381508
745074668
1763825941
65959369
1331059955
1678688870
1430711897
667916820
2026462813
931621168
1013223624
2010565666
1606067792
1972844568
935236541
2054988944
1114298272
1088699017
1377313408
61352235
1986912426
15786467
22264229
1862148104
1147811732
333855575
1350690365
191916347
2003525196
1754705444
2121256394
1292263684
1944629019
1279410819
1709604934
536300219
767651961
1069903618
434900580
575652393
462369241
335245219
964127460
393950854
1355771748
1564287807
455611114
455765040
931495664
33911347
313687385
1865418584
1964360481
1088699640
919753696
973872605
1564158159
101241311
934507353
704631251
1897392678
1221389070
48411439
849474528
1199742021
1841903110
586643046
17673553
1590723184
1377591376
2118583207
1290023405
1065232928
816688891
1360176430
1517976259
37179560
39066554
2093060441
1420560567
987696612
1307245661
114793185
451653011
2103003429
360525873
1736026460
978018237
670463477
701486725
275839129
106173191
1518507830
766872822
1656627647
682007646
1608798
1991456137
434957242
75405995
351970580
1084179806
158982690
1968204356
1490124231
1443142122
1639626615
1037770271
1758602249
1597102259
249195271
1864860459
1282179683
2113819694
630864820
621619526
1380127978
879590059
917003779
804681417
843900264
1350159521
1249738176
566018536
1159909231
930110174
886179290
898986824
1066994919
1868942400
1608265746
824782853
1155926623
762178846
614981182
655232140
1219986072
2069808154
1056520651
1895679481
632742829
940060997
1749752907
1245775043
2082339536
1223234721
647643070
686335895
1595730042
1284176778
1624127041
1317934182
250764583
2026723192
1404119933
125014959
2025266437
277429231
260533075
821932536
1946012828
1484130
930591652
1721674388
965215364
945571546
1360350156
510450092
1433513676
1278402607
192734360
213726935
1649650092
604314813
43335998
1480251062
704558349
1337260313
606381838
2115270002
1536140797
384807412
25957934
1073285508
1572725595
1681471914
35211620
331111735
1600465410
119027539
385908365
1318891856
661362952
233540590
1127155408
742549272
1212483016
538075530
2118622999
1538437870
1114937450
1294975331
859410368
1787713118
1284354108
913486289
1476629974
957702606
1716850499
1256971363
1565757938
394854425
264458093
135904481
2043937240
1201948460
1942593037
1274304204
504905682
1527059406
299483289
1172403225
725125995
1232988808
1884446850
2014997219
1464785265
543810309
621846533
53243024
2452492
1446746470
143128017
559700794
92812177
463481170
853627258
1205282809
566883902
1974415235
1908574140
1471658486
405684311
46191767
947848967
554392489
1980308805
94559923
596824961
907915714
210081532
822463622
57199344
762657096
908328535
790296313
26030458
1963543995
1814100911
125614928
1452115382
1096464097
622225153
1335471667
770088172
1865924687
1866917890
2147210518
1082263365
1595201066
908418689
1524951262
1566817400
1694674087
600380049
114860035
189337365
1617620289
337620165
1506672918
622455260
1792830926
416151233
1340128394
1311593221
1297083976
433087271
1249611638
1518483843
258891555
806116802
2064952639
1244498067
2088873909
1814258698
1186280051
1046381512
1708729333
1425597793
2107940514
1501195322
982135716
108784364
1957779172
1257270166
1083633596
2053474450
1672425389
1518782829
1403187426
700257405
1726283652
503473910
159370781
1595090851
524433673
522814247
2096765450
1048864336
794135884
390252337
1131408043
968167379
958240205
139565826
970581500
1528190806
183273311
1668333785
1645205877
216433596
1471671123
382482972
2033309569
1031591857
692937418
1289450329
1144970821
59916930
822440073
1503443051
1208092072
710400091
900549383
1236463911
1033844120
1447825780
461420311
1114023239
354968522
1088410525
1697442180
1621837934
1002724154
1511801326
318075461
141152004
588253465
1956271341
1865690567
477202912
864244641
2034055929
630013932
1653623551
1673689292
2101379254
1951405485
1718800770
585429898
1984626875
1570664388
17726976
467331794
760716423
2014475483
1098206893
339355473
2053422165
1555876773
1326785443
1222349459
1073452882
846445915
2088979310
785529794
247481365
2089574321
622155484
1734666191
1314623680
490129187
380122461
30615038
1110418303
1775649242
873896259
1439624869
1030251015
1104058555
738174120
1437846130
1528341277
1314871950
312401015
799309619
339027269
1816538635
1687577963
1893222077
375279767
1040264221
1940686957
511741280
1267318163
128598481
2107473460
1540372422
331122334
998546196
809665640
1020096943
1193762678
141890715
628046091
1370948392
806712660
1237235207
1812348688
1189490759
1228871734
1769747704
48638683
691412573
774973915
493846009
1030731199
1998176794
1352292025
1608533973
1619409851
581523152
779032074
610446714
1644920220
152066962
1911911033
176082956
334999313
669325890
367630747
911376831
659474972
18003303
1561080975
23459556
1515465503
706657971
629901488
1678541257
1350399547
1941132504
1574461180
1237996405
29737423
1786169919
563590384
2035828461
1646398552
710529722
1250047164
1392423703
1492645728
430258824
170030380
1713390783
1536675144
556803125
1854079523
1089331519
2094713850
1531432538
83700999
1667010710
119978436
2062672520
595174558
1754689413
1027064338
1498565525
965989784
1212131848
691116313
656249670
1748046475
50888076
1889069075
874563846
2134672585
606421730
1995833806
386396189
1717101481
996507944
805428965
1001125206
1584985551
1371735872
1566466509
2119249484
2003818688
1549930104
318432030
2120179450
95031612
1478190306
1080427953
993806321
1499489178
29990779
611177395
1511111933
1907717176
229790750
2072977838
594035426
1666133822
1384406077
1758804874
1537160745
723319117
310648571
199940281
292256032
723232679
1738466096
1849514017
1504029157
403193936
1430137344
1815299348
802218251
739410513
617877754
2123833955
1457715059
62928398
2017049566
1266122769
502748334
525485456
1729677258
752703038
1488274890
471637140
179881189
1725540918
726850220
1449251034
229226658
361462382
2117946588
1164153514
