5400
535278392
1480820964
12256063
432752069
205825653
2054277463
1783507474
855505638
1050498417
1505584686
2135250022
909452133
1074856964
1668743322
1438802549
1481357776
2086749684
358495966
1242799041
589355919
102469793
1785012516
1438393924
1420740729
353031627
2135889362
1614611428
862563271
1827284327
72070307
2116524355
2115447838
1081169920
869219528
992132014
1383056210
787792194
1846093673
397100864
519757639
686877095
1132072162
1400454653
1907804650
1509642607
675926214
1905421410
909990255
749812238
1025447479
456366519
993421486
392001832
291044263
584662162
537466706
506352270
2108432381
1758509610
417124853
1509186082
893644220
1188768811
1209737907
1485004468
1856581702
1888136911
1103317308
1441684425
214888366
1646475128
637573796
469201942
2076611834
132641485
496282298
1194128323
62674414
1004415739
1673935622
1196186261
670886474
271496652
1856369717
715419145
1055229773
409922384
798614877
575624168
1254040608
70919056
1396755612
792573044
983959124
1638186300
1490954142
237757525
499029373
1177660322
1319111531
1119491879
2048423993
1762889102
2033173800
268474800
1673590785
1772243543
706626031
1058608209
530951610
286144838
165494525
1245041822
285766962
1450823539
521552449
1560289316
1734715999
1220728221
1716542090
420908808
2110631127
1097082625
1509271424
799305057
466791644
1744369539
1542040201
657139170
1263255181
369795510
117530179
246854763
1028536120
384957601
130946870
1842749355
1138643119
263535488
961293255
1926298621
888673892
250303093
1663460700
917697844
514955509
1556997472
476002035
1759928556
190278321
532856422
2119221054
1379326243
797205491
1237699544
18124631
1630854701
995471144
121415287
193215496
1477673179
721165717
266116995
1982051804
1043928268
1510720135
1181505561
2036754575
1708911421
1208670420
71949752
1021322352
673453079
1809903140
1102991778
2115161616
1886071171
652695509
71833361
178902621
1230184785
1601957532
405047582
320109404
1552754526
102175626
444741890
663736260
944340936
1191574483
1038398641
47287306
862548450
1846166712
2053297351
446998027
1940666735
138399875
126391002
1206432119
1731199287
466217609
231040960
881133516
1958733233
1541976838
1903178236
520141122
1015545525
322425799
1904845725
1754285212
2095608438
351763547
277231804
1267341066
222334591
1633723904
1569240519
89314615
1655368601
1210425472
949366213
804416206
952342148
929031722
342659152
2091049796
1118913360
206321524
80003092
2043283976
919242475
643170338
401158369
200200746
424679879
739443491
246025869
1113294694
1624580588
1693470488
2111302105
893240822
1762559345
1097955758
1083043911
607468171
652362760
654517556
1656006948
425864085
850385531
1401015212
1330003073
1713686593
65711029
800445407
368918822
1675510198
591360943
791014669
137827037
2082777731
647872922
1723904912
1022537816
419078050
2090760615
1392417987
1073029745
1052489834
1658871888
1497181136
1211918641
915324508
1561570156
1731489066
1309274881
1498328568
546151703
780647274
955095652
939228972
710747572
1502792521
576334936
266581158
469339780
968097839
1366062754
769111357
79965100
1450510284
548265563
483912444
1823872523
1880276740
1857781032
969845885
1186131557
1996840429
249219287
117894231
1729734396
759819269
1722073268
1597026785
894195093
491650222
34644994
1894013285
218631798
1300148908
1732718726
951426058
646301253
379325847
1472686133
17260605
1652374566
1175551252
1954930674
1139888652
21163079
1018477953
1724880262
615007089
442108365
90963074
1071206001
318395517
468943158
1851540694
889486530
210756424
804455160
39924242
922922861
1422017771
506664178
1471082079
505448053
1694057710
568405381
60781867
1176580779
1151364699
703255920
583802990
2016639794
1759845058
580178397
1203010716
1772702714
831409238
812996299
1230202046
1648020455
291458061
858407348
1445160560
1287519023
1838552053
2017745683
1597206335
157014430
1094090140
1023451508
1645002714
1349260437
368262005
2005441246
1330325582
1363164512
1839569095
1586671514
1189645541
2017953767
1147470360
1213959256
576500272
1813254269
1685017766
1074891886
1204965657
1491773924
1513289758
451619902
148009752
245773386
1877720366
1682014959
1508316892
1154972360
895715078
707249448
2144738263
220895788
965196584
169398171
1647671183
339406622
1084520851
1467201584
171552935
1293847545
1798741275
1403021636
1874830368
68302722
1852146546
836060154
364024062
416215871
810917397
110545247
437218431
1228015865
1336199574
1294618040
1155956509
16818629
1451323030
1532277404
1289504641
330294325
384657858
1843275965
1992992872
423270855
1860025419
1853094517
1766021952
1596808790
2013791075
765550084
64269732
2066896212
1884207568
163074096
1158776095
210069655
1960656560
1570993559
1232972502
500829836
2065999586
414844279
815751433
1633392699
1208636638
181320811
1016544906
747702214
2126076066
1037227461
1270829807
705523328
1034393723
679874207
1525846792
720753542
562020599
466399022
306023735
1518707008
1791032612
107257303
1960404331
1373281420
1812297521
148011325
678566272
712073768
1409327053
1434434052
1725500925
836463969
1466318693
2132991503
275046628
1230481107
873156116
564828514
2086635507
1209432356
2142344010
1074074055
268677931
1729261831
839847701
1128013879
1403681303
1367761550
1522674034
1031772904
820662130
1831475018
2030283509
1842784379
998784502
1233028292
1946647876
2136021367
1648126961
1704102765
1075655422
548522748
594208848
533281606
1304516559
1470828579
1695661572
726311894
1961920864
1558586875
1447907617
1390946588
674060008
1546562463
1274282565
559768285
1472850375
641410683
1491737440
989233632
254178739
933989070
1978598418
1287995187
2058711258
1928777509
1673837916
1907183961
783717446
153126463
229811802
1303473012
867804202
1328513252
293898292
1678361329
253362196
612268303
893840068
1420631621
851704535
404734748
2049028175
974482131
2025126760
699205764
651295332
1344854752
197616829
1409026691
325342536
1632668895
1618691569
105999326
854601034
786806836
629986030
1254785782
1328908779
641623324
1565107275
383202406
622727867
868395330
498450399
616355187
272784318
1771270047
1186031707
993727921
917797122
2003551623
1383118517
1921774035
762371003
495300931
1035335942
1410837856
1492546993
1416335474
1650449381
609605055
1554458106
1472134703
2147244623
1014254404
1051815218
438190449
322008437
326980846
2103732607
1685144334
99399056
1960163663
770644813
50793539
795505105
1678500252
1537994997
1728892075
205906131
1410401114
1111071507
185034926
199422162
571822950
599927118
890802126
1235412931
845168537
1743875633
1643666102
91540390
530428156
1597745998
934048104
812815103
590960218
2033550800
1462090295
1734089824
931198574
1943945874
1074630313
1038151656
1919338978
81611342
975928188
1254737478
970776107
1020524004
1542227180
1983043980
954367744
1745134326
1303705257
539491753
1719445784
1991249757
1439021403
1326678006
2113045534
44695040
144584861
848351256
2043078002
1455825794
769892743
1750331378
2030557677
1876842875
32973151
368487443
1890400378
1179851548
2021853968
329030591
685718412
1241991601
73989580
276752744
1209935040
1509439729
765027206
1267786436
342091222
598934223
1702723291
797856031
477680561
1040720842
381485368
1524930934
701784065
2105434005
1565010256
1493673233
763550804
1881533672
665807247
333680990
1353270100
562883114
988911154
1228679280
1801456615
1052121365
772381450
418062617
1656619821
1829954524
1923398314
235808599
1359752758
648128570
1686787029
1448455314
1631302933
812731591
559820855
801472382
1893127282
1206590693
377903655
1851272343
1506138253
1852042428
1126005748
1477846763
929111692
1234535775
536528078
2001844078
275324800
1656838641
2012764070
1742255507
161317457
626885321
918635031
218957855
583808492
1498219110
1418721562
200600627
38900664
1942245728
157704395
1433667320
2032306602
2098934500
1516788166
33438849
865717414
1894568103
1612830671
959795558
2036404950
1762074494
1419870173
1560433115
1894733213
315263782
208719401
819708479
288693184
1639639808
1972553008
990484431
1177537685
690142818
332538596
651688148
1262291176
1103736837
835199002
2076820479
1613172301
534733622
572831085
251388426
1141055683
1079740306
1960930010
688544971
1260059985
473183595
1881648381
1944600594
1933202399
1525387848
1825811393
1631273389
198789682
1293270084
1788657906
1525428672
1572668714
1251475370
1208769963
884814642
935803898
1736593878
109871382
2128001905
1691210087
226760350
1660335840
106715924
1349744453
1729964881
1328323844
37375529
119166898
751582374
23261796
528274524
1193920392
1268474148
1508388033
1503809725
134218006
126615311
1347393318
1215902413
755557804
730003221
1829369930
1312466555
294832333
192289236
211075104
1437797337
874135902
347857786
1166589852
426326023
98960503
1669234689
1257333926
970292600
1173079990
1400051767
141918919
970554201
1410804556
1159095390
2113576905
1305065240
338406516
1473219095
210487936
1115290484
1167761196
611991549
1986853142
517833038
667300130
318323066
1214508832
65789966
1481274304
949083026
979348506
865846691
319122919
1139947807
1372021082
283408076
1505179392
1457673964
802812011
1473713922
187897997
1287763893
2057761208
1040234934
406501625
1343369394
927613434
543570259
1312574777
1215366751
942872864
1569380426
508351363
360664878
1918871687
1997711651
1490507200
979018134
546717889
397524757
211432273
275187492
331677765
523838769
296448772
1330329916
1808861607
1605541838
1197284965
857744658
876495217
1134310466
771400489
1223997434
70817002
645167436
1266171269
1827075077
1235732498
1038659358
877488844
1278430157
1394002924
185966442
533947222
1220232866
2086116573
1751926491
564174005
1789160879
367831122
1777025888
2004505723
533757600
929086470
1786646094
1435836848
1611655605
685144961
1249049395
956141504
1745851536
1882742454
270074158
169984149
472049482
1385314207
1287014980
1066735201
1194008644
1111310681
1562938473
994502275
1358753992
1051178485
1453336858
1250243471
851796179
446753985
755439110
54816484
1594817440
1915945158
1640271149
793068617
103302177
1362296434
1320060189
265382629
382496982
667982402
1780085047
48791598
370110379
713977690
773507519
1960176116
1756246974
522962086
505732336
256426114
1795442597
1613290681
996042175
1093058945
1007135607
212781626
286616896
141773132
1791752085
1791217651
1609102110
1505973666
1160628707
1976911212
1331092613
383225856
1499953631
1807746710
1920970191
1075142629
1399854219
1721788643
1443957179
1790444705
975544456
835893864
979892852
129153103
795061070
212682639
236716348
761059629
960961629
1973217611
843312856
1612782838
1107317200
1684872188
182813783
1149815260
1723106582
178560273
1528879652
924580344
1561294485
1157599573
1841861033
2091902148
709255700
1630548922
272092262
400306629
493697804
925829795
1851190553
1315983998
2048864577
1434691406
1809850100
199353541
2140896344
604957484
672442162
332209522
2073522250
1761597029
1848900613
1639987640
1596381715
129752644
1847961117
564853300
1463526295
564382585
904324951
1584080105
962445203
1958616974
91040935
1510936483
677142142
1819280574
1003373907
2106012070
735668900
1418576499
1168073537
1805631158
279989237
2133572859
563864487
87771320
1197012165
1907948251
1103421246
317155903
411579863
1443640110
1145733521
1376024822
1869503087
2016175219
951069347
1373192065
605359351
163443201
1656510137
1594605553
528319210
941443934
770002347
840433090
1715466642
1515198664
1225497681
796774575
227363114
404091796
728978552
1182711419
1502886586
1803657857
286069925
1566891238
1131053787
1118036349
1296030012
1080802539
1740340987
1324396189
679777089
847535131
1721567428
1009262917
1447332481
223157995
134978461
413911113
1837859965
1337381843
128892711
759795624
809415851
284146770
1034337592
1520774995
1370060241
122527763
1900322015
1317609742
1448134857
823125705
2108516269
59252513
337550881
787659428
260682925
24652358
1259726156
111948447
637697451
1030756290
1138779516
1301054456
678181754
1141942320
1520917882
697974164
1294027119
151135490
1506274461
698583492
1026331156
1253017532
152322540
719157336
1401258916
1902651152
1534236065
1556762811
230575121
758181379
768272505
1916792038
1059413236
1437473248
391416843
814160683
1450915910
867074149
1551135698
1403848747
159220840
1677811188
712854565
692040117
11036824
1868540941
1539464129
1355702413
682569910
55705489
546188119
1135029013
508377599
1813769902
179172786
459964144
1009788710
131465057
509796428
153990118
702307464
1727995314
883555198
218473987
1703724206
787388904
669780647
1072846687
573496261
380612335
1967527100
1749326595
1975256321
2129629222
834386830
448185995
995173894
835125334
1808031114
1485925640
931498876
1195929312
1321467087
1834295429
2090996955
2145099693
522252224
1149386076
1064937876
495966025
1791449486
171424470
1153692862
1638765370
319515144
662832931
1241213205
1408288359
570123806
223537329
1272941973
1559535884
777156623
1195075616
1339855351
91872681
1717389251
2032190368
1555638872
1481676754
859921123
960849945
436974530
1959701085
1127759133
706671550
488087745
1406899633
711946386
1301430403
1020538185
431681053
794699179
1162770019
1576884893
182342002
1082244138
304096626
53490717
1512564350
2123500132
1714776049
204692349
187064788
928935483
1147931857
1923931362
183735658
581215469
1893911098
2040941373
1853785515
726821874
623277785
811607022
1965689044
214100070
208948594
1477803039
46722050
212391918
1118451143
795931710
1008771742
527861992
1788745695
1569977376
1295743954
1312070159
1857369595
833695739
552821048
1104708517
548703813
727413705
1967004781
1766582015
870532618
1120516176
1071916686
1148561195
1991777031
795967257
1131085127
2008402141
1063968373
1987606035
68944250
1751456465
820180689
1503552741
19979697
1141483089
1402726965
1382047896
776893501
2031150906
2016997493
473319333
630674761
1359006711
2007010798
1810597565
1790885278
154172970
647574791
1362371715
1537547291
2017063623
956297412
1656690267
321331294
58016393
1523718009
1009179592
250106255
1626261917
1935868936
4285491
1493314428
1600720982
1496766737
24131883
1252050389
790330287
857426644
1689384088
884343268
1795081391
1563914553
190184286
1477198122
1805138359
1726718566
1246986915
371303147
961857020
544888107
1969544149
676645772
1168425378
898828929
120064206
1930179018
1730775843
2079867049
916821956
916518291
1852171890
1805216949
364824680
1878408700
92415298
664403282
1663301411
784736178
1859459082
366896347
227824176
2144144107
453166472
1020799769
2101859603
1159512661
2023877545
2104101021
327454141
1996478566
1283016452
1088227281
1870669806
1274459729
1384489904
1493151797
1791934993
779561522
1561965943
447231904
1723861274
859274410
545830789
686996909
1865129188
1928204301
1458361773
2041875675
1716370685
1049527843
1757043625
1371366736
1618295684
489516627
1274064404
1369427809
224639782
1590918168
1423575520
702117257
140587579
1336493288
1080757678
794068542
656651986
990152549
1366493444
1331371740
1657574403
1979709514
1861096715
1278590338
1029416324
359045570
1256846574
969784319
286915532
1121687776
915324350
1674367049
110938271
1497871507
1761363616
483563893
18977529
146090784
600662557
1886990172
673493980
1038299462
1228004511
1342291543
1345526300
1777987532
615532032
329394514
1679316655
182979061
1489011116
277656505
313127214
2098375585
412098166
233485235
1821442979
723591209
241268423
287526030
1217601336
550301582
202807625
1273442624
872118329
1505723898
1687746864
1822060116
1743084121
1571184818
300869075
735394753
860415227
1455867237
351259555
802478112
80416652
1350172731
1218985008
1087728250
1047655842
790309099
882818588
1332603891
1082026864
990868273
1045063093
2015828682
533453172
1152516827
1932277025
2108060910
1194811723
1997294423
35407102
619067590
1387219476
1667495265
1534833475
1964208410
1168880602
667373037
1427922272
382404104
1441895645
1323383703
399466346
1821300782
1587608768
662551798
162225189
7070361
783262202
1447554995
1497075169
149578859
1225831625
1282055694
1122541251
293672042
1407909077
433870064
588007495
1088707053
1600011300
1111491331
1681964156
1235914695
1534647344
1331895859
1520227614
1205751508
136241586
1417826870
565054736
674742056
1623402848
1906161307
471941100
869659523
15985609
642092392
1093349920
2104576703
1037797734
1734904148
1960960422
857725606
871800747
1942788946
1037540834
1105518946
1331717162
1325091258
1130948674
1180975324
1614170591
445287941
491658229
2016608162
464776357
969620301
505536201
324916409
2110277126
1141238874
1739413709
1038006336
1443178764
1167030721
1089156432
81428305
1709835996
807270569
1389521487
1335852141
1437268626
518471868
572115286
209595281
1739922937
993131027
1363498844
1706353428
978396567
438449196
1869507883
2059898538
300238008
1554678637
1431805895
1824289114
360143281
782936035
1400729714
30863323
439378650
2053421970
955565271
1065968315
297941418
1100081213
67643353
393670793
1789958106
226469374
1520750787
645820535
815686435
1270776146
969438472
182932513
2111848940
889940388
541122306
15309393
1454733066
138184544
1378766628
1122617474
1369966235
1931123240
802792438
484568561
2142577000
1999626015
2072988202
949005661
1509874278
1890942778
1330640182
1646743342
300425604
568886542
1816665927
1666178158
2073823491
1160731686
2065650098
344211476
1780568445
748213746
1162884344
1791979967
926629278
1566423320
1692035354
305244287
1484304079
1647171244
1623139927
318804908
1307740605
1060219320
702129301
314351273
1717199349
113867830
1824803887
1995717205
1192914618
104011275
849063449
183381810
1583859365
1566503805
1401963573
1190393869
1615324332
358482576
1264056577
2050303063
782922678
1827727848
280000772
1583137153
265839391
451008343
641944015
101830287
1570325225
837932261
878488284
633058592
1653598295
574793920
403062221
1745079476
1785682293
138820081
1966503553
1437393909
482935269
291274652
2128991133
1383715748
290795343
979957395
1358618191
1325144255
666293454
214474807
1696461586
289633872
198940618
1110542435
1554370962
1552392255
1933124752
1613026218
250475823
1241836980
105433491
1740395926
76002508
1399132732
348281966
649899730
1154952123
1630331143
574055883
183825371
483191128
633870166
198153766
286579342
1250781634
669789662
2131198311
71463247
1123505687
489370453
879928188
1138252871
320441312
397389611
1621208124
685087871
818540223
272272284
275649579
1822940487
1655570250
2140931845
755759301
521751414
1093024853
151039905
795033599
1229648591
783108735
680223985
424740205
1338287290
123462856
1876255127
512904609
2109957728
744658166
336416447
2117665627
1611622146
2037003123
1871600903
1756117709
901938665
518795199
451438666
1834270368
1099444480
1303617679
1735532591
1312220170
771769134
349707363
1335770023
1054516942
67946936
1285773696
1600959254
2130906523
1643432926
1710396977
695271743
1893062244
912549859
1992607977
319188953
1026845287
980648488
1640405247
476800881
1344740126
1107032798
2144149149
1201457972
1918608610
967339097
1062234723
1659525747
64486756
1313108376
1058461462
1113398111
1596089922
1089959032
2120360090
1562955002
859818408
1479738275
1443841171
1384210750
772366080
759017791
188361442
189628299
528127663
1248032877
1830163950
72290119
1371033270
636792051
348904029
1182452013
682774206
39612351
122609541
827839133
929041431
465022561
641329237
2103467765
1471788748
1333111052
233087634
1115445809
1974373626
313196660
872611826
1489968022
611940248
400575551
1396659588
405872422
1087696481
1967471055
1835025686
1288620170
1370432647
1884369295
1856728058
763702505
203390063
1274709462
1112923352
984999203
1451115605
315435204
1894997643
711649427
1637857858
1447684990
787838345
1757638351
1850955956
1092043367
309015329
969071098
409496145
564958719
2085801606
867870989
127461020
1061230295
451806384
396915304
836474356
1525095662
1202339966
2130765195
1774091806
853347880
1682803458
1820382712
1183487466
909954043
1077494968
129846358
185713192
1397926258
2008261560
692822603
187177393
1795484270
742981148
1601872696
787050831
2010433844
1718999251
968210308
369897579
1596064879
1709883557
1925912144
77753592
796522033
517663225
7208912
768233419
1054552502
535206180
544079834
535740756
804694441
491934586
842807141
156851485
1570201183
1666962919
91729908
1123462762
125408411
2057164582
1146729650
172864630
1543148194
1452510757
1123759424
315338432
506062850
2003633100
1116483619
430256453
803551937
2105879124
565585027
1856864404
868720042
1173011827
25332872
1873098255
1255501608
1150086059
406741032
1117858966
636337900
1908196643
1106484887
793424988
992623730
1171551476
1479663900
1306136334
1802939687
1727348963
2029974807
1573663931
1154018080
1508725245
652770889
1970593607
1367501414
947274821
307208467
1588453170
228870189
605912981
1713878230
1543813049
647946361
1715951502
545324499
1021805257
447081626
1792930772
1364750273
376577493
546449715
73203785
272988262
698129777
2038007044
755705249
331272400
1990986326
1766250196
1112688978
315578481
954623132
330963743
71800192
2083780366
78311630
1599748983
1955875385
335251289
87018561
1208048582
84956324
853657671
1581631613
919384474
1602203700
817780870
27496494
89710805
1828949450
1971369990
1448678191
1179902862
619726082
1112691241
1680620239
1166899064
265882718
2123862082
1270867513
1842287668
1422030904
849933292
797322758
1659136412
327992550
1547516152
1352593824
576546306
1086776804
1855815667
98806401
1706214594
742088132
450658312
1518438675
1284908035
1420287843
1785315890
211998806
106341166
674280888
1215947250
1405659887
1164118309
1379988376
1289541857
1234554518
1074950874
1017670854
1962627258
116132062
1576831119
1927837168
1976827085
39623494
1900690859
599813235
1945238798
2081230792
2139624808
237700950
880101387
1179733026
631435818
1008561904
1147542866
22802279
249064255
108600760
564952976
1803941246
1183034069
2059503557
589608546
919511793
1624233265
1548127231
862575063
1733606073
242808329
529836933
1812947763
363460754
736393017
1746668165
1025689586
184669878
1006247571
1025456130
250485880
207395167
54957266
1545256638
840219887
1290773321
537948971
1140227129
2084765983
1730941433
136894959
1299301053
499774934
1726259561
1163955907
1650147353
245374698
1580456363
497722043
642100808
1734361585
836993360
202743931
680152201
352270509
1094081368
199508744
9051705
336710324
1209346591
925807477
37680132
1117491237
1505754251
513101622
172833821
1568660411
356827671
128841432
904370631
1758309581
1008477810
1811211195
871712487
272607834
510506676
573179475
973879946
2137597007
1604078817
270789850
149953224
1193877132
1759233198
457257267
1365701588
538731138
1991309100
1237413712
861190381
937925154
157089717
661570390
2116979801
961704315
525649774
69259229
1257688974
1699529028
67492499
180505683
2098396130
1561772319
608797480
2074221379
812401228
736444914
1158098723
83421250
409727922
813363151
665262851
1219251883
1417982303
1028627608
454444743
376997692
1142515108
536777152
792506979
1036623635
1823671035
1054141272
1004986754
447558997
311823652
494467438
725854285
627425723
887679348
1606658791
2067218114
1414030040
867956363
1275395961
803511904
195965945
2137287922
1544323560
2095981837
669133848
1304102730
510577285
974029291
1628734303
1928295055
2141260065
1254812112
1635557833
549553680
212047730
2015335192
1643287909
2014397514
1595183968
1445427709
23662728
97952432
614695261
786459885
1339093022
1974606260
436139470
239886627
755976534
2036792781
1534413041
1934691886
684654822
498114305
463556459
1406587511
1501371
33763761
580656574
298311694
699229726
703168016
1850528131
833662967
443719684
1674598748
1720673483
451067722
117061039
170976602
1443596161
1679463136
1741519936
824875246
984908286
784991184
1776240126
599658633
118169354
1447547790
1020931819
1761191403
391814804
1061521533
1561490742
1653133518
1816768369
1594659206
117724483
1933004533
775451225
555987758
1986523622
2098795571
319062750
622705496
1795408154
1814561618
2045512477
1702001996
696681159
1799908807
1869143240
862131851
1322368952
1321557018
1291621545
319453948
1346227832
813014550
1325843368
1708869706
1803576078
786080484
1155408237
2028725119
352232430
967449133
1837483867
2006047833
594790686
1397971726
628584806
1911396786
200622561
808555792
1075563030
438783483
2038260701
557566076
1101642514
306066200
1732616187
1092847144
742770797
527109903
626606468
1744009279
895120046
1463222348
1391047883
2053026376
2118295744
1569165656
1645040763
1058130183
1434391288
302060908
615628833
2104931179
332389348
373312771
850049817
1182560855
1521149039
1703694734
753308017
1762885840
1336439933
1237436900
2045839268
959450252
1788790295
1347970736
336449569
2034431581
172334957
2105779842
1632864595
1664784807
1163588858
1519378982
1380992041
2134662523
1415680948
532455638
736137868
728239214
2050151389
552940669
1828855098
1897264291
2143048341
1340644817
831177296
18927825
694334516
354531565
1187855193
1911322483
44199686
1960882554
1599359921
519721998
1990696258
1805041248
1862104747
1392289411
1790301943
688203544
953957874
846826583
1901663384
1344310973
2087643011
774819749
863541618
620333341
2009975891
428310755
1451550091
420181656
547237384
1519670774
1964617770
1903339708
95524355
102224532
831318521
1370148383
1062910713
458701125
247606
1217832616
748744427
2021737178
2143736240
347209840
2006652588
161193713
430834688
795802306
2069571257
554187856
463334053
1323275252
703801861
1507023149
791596801
1877769205
2034028744
1494965000
1404496134
578433508
690783721
1023635309
1913690639
1006462941
1721306492
79819747
848670454
1142927103
1635822398
1048290896
1944627624
1647668182
1710542995
1287429404
457512091
1231426224
1660244796
511707030
1966070808
478653409
178530911
1104655829
2139140226
30318578
1532671701
1248094667
1004368307
563268518
1766428497
435154574
333488025
311090334
745265104
848951609
1715721588
1090450797
1723277206
1462292679
109530137
764647853
1787873150
1596898987
1320117210
1936581334
565309388
1238714125
1557214944
1553070947
818081608
1128212622
877081557
1719460975
1947685013
2106729758
1015463770
2015002867
1444108578
1876529645
2108677768
760801903
669259517
1108520903
84929033
62524636
827520741
1725156204
166741761
1583647591
480109455
538912086
1026173599
1196747903
928836236
1846715029
605577907
108006870
966683519
725959854
2040539633
509075638
1619185194
1673751055
1311375537
2047045247
700497967
1085986323
25399234
356197652
1637546993
872907139
935563978
758802997
2096142015
1676817142
342411742
232224953
1697699406
814865998
1426912372
1521648671
1813745784
157339103
1462031211
1124935026
290918339
716608023
711340898
1644891887
470057748
1073199674
193789606
607979708
1184625387
1349276713
22566858
1719088223
1534640204
1238250726
1471724427
554932841
614443639
1824524536
1531456380
1440873799
2036817336
1417554927
21323751
505804354
13404485
1278888410
376111724
556030384
1868201316
565364285
555479054
1793123011
464605779
632745292
1501397791
231549045
1020433800
275311524
1949886071
826923381
25002150
137268996
2059169293
704331776
1879291920
392285668
234224478
2014449465
572493788
1844582413
916415891
180975062
2020924227
1632071438
1347808620
1870363601
1300579027
903366152
718648908
499951133
74150
1526934200
785533290
1636819578
1618865465
1658664021
704978736
1982053484
649798132
616971617
1613443595
1042929975
247380668
582214390
483039433
496614314
506605210
1984187616
1136207985
1531957590
1451816710
1003077378
1149050474
307873199
1083809392
648015956
1589695371
576790356
1249007094
591145855
1412592927
968172408
1615991874
680081224
1984481423
43319981
2110733207
457181042
1954935894
813386989
743753617
1796092756
1777423101
558607851
4129768
1518024617
1721847048
23327094
637586189
798850642
340671481
1622232850
1960463176
1557147198
453464875
1779105604
1154111035
96125893
356684625
1966282475
1904424457
505115080
815842348
1996401651
72092784
1021659263
182351537
1648771447
1926740095
526591620
1888161743
1600093197
960120148
1026584967
1564400115
1459690979
1363533698
922260905
2066292750
680676177
699946141
1460555278
1643073296
50730641
1136793565
1275835759
2062950617
981750932
93311450
986455510
994954731
474003653
480212507
1043378514
1369065536
755055059
2060050732
1749080547
2020637960
1844755767
218759007
1498903031
1405198029
916130825
1126857344
120437832
437090428
1772031812
1537405094
1454712018
1211418287
1168397189
655208994
953206871
1088723667
1378407920
448726921
186631421
2125710473
1807488928
304545897
321475169
1781220500
971799311
180799751
56336954
1930610396
1684793067
1990363536
376342504
1048192131
739029932
1966656240
1859840435
286846563
525852392
1529374253
221771697
398262132
2040367121
1825438336
1500458355
1302402639
1451275344
272755509
1742215501
44333149
1126128421
2134894017
1416424693
1769773945
1494727402
698413343
1130943934
538564656
1993077726
87097977
1338055832
1385702604
1399123374
2009668822
1829375700
1798624883
473269061
1555494532
58240507
937585648
2084501196
1587226515
1372727256
137584659
1706536515
2064048170
1782192012
74777582
815085463
88221332
1810926849
1626562767
540710072
1640209796
1831918971
377430677
629919798
2080559822
1568816036
1936624133
969398584
611194141
32184441
645031776
2041161743
342675996
160975471
1454906287
930195989
1249344825
447282851
1928438816
228095473
1215167930
468742340
452766561
319539267
2054530182
1771989855
1711383769
754370445
751283057
266309565
1224994113
423006284
2063153642
396781241
133953314
800852409
191231247
1726888121
1706326868
3932507
897979439
787000861
885240763
1554944035
1645805691
1604794133
2115607981
272549388
137198132
435240008
666649701
1969987169
573589431
488117964
1617629908
1429945393
1380608775
934924510
318909899
1954639452
762831075
1334029639
1184290583
1935309902
1222633005
623212701
375772791
639318412
756532867
247898306
1456270586
1444373091
1058616023
2087589250
178802393
1673478233
2127896312
921563349
2123179382
313890204
795617422
1795417784
897194431
1537135148
355828909
931102176
1287055122
1988792307
1910339268
509546542
448525376
1811437116
1191464519
1710526998
253425410
1503176369
736554354
675488613
1065459029
990597577
716822232
65431548
403652660
1845236326
645907535
452241139
1398185450
1411281475
977585393
1231860659
813997045
1688860290
1455874905
1038130708
1413812593
840405929
464868313
1680747093
1528732036
1610705321
97462955
1530270115
1646161233
1076218116
189438593
2074282538
751650404
1286503876
604879541
1190238056
361122030
2029872336
56743072
1795793537
526972472
1499416476
1961507721
1608178299
1329538606
1831207041
1590143316
26008570
1657801360
1707796255
1592862145
1794384519
339294357
416974009
1374385189
958185502
1359395653
1636470728
1294469634
1239145780
719531514
301674775
930385129
1954087340
1238949443
860131202
772004109
748692622
1312618156
915514515
1287229274
1961723029
1518186469
1621710867
1015098284
2139375629
1798081692
610723040
446276418
1480648107
901618226
1338148269
1608420090
1966625882
2090122268
1647011714
1731708128
257229642
555351363
437512197
242792436
771922664
984476535
1118902371
756550756
1576633526
460781536
168725024
1078522818
475740909
1914757965
716661511
874444256
342909462
566701747
2069215688
495273958
1736026120
2003015249
29964747
150120983
1394896158
372872206
1985351653
904056310
743715683
1255663933
917315165
792610085
1225906220
1852387554
2142140668
754579319
496079670
573340361
1608984896
190259258
2103492421
1829694575
871054303
1749865952
585919150
729771064
550310568
532944830
1420930901
1270174568
1746076422
1802462070
948490851
2126719107
464271679
1529271482
580660742
1492017498
663086156
785500677
1857806331
1373973787
1501670206
1392972832
937378504
797656877
128870444
1571597226
180694504
607572286
801385922
1744826175
2109996469
1263940810
1778684529
126839460
1761240092
899157603
1287669078
1875846030
1328676927
1607343996
1692592659
1913680212
1625603948
1038370915
856046927
566647353
1609958651
1969523459
732791011
1461680695
198220325
2032211138
208285749
572420294
582641484
1908232517
1858796621
2088359894
1850667814
1022296993
1561726970
682410241
1043442716
1332767287
1273994337
817937685
623441693
1807509250
1059958053
1601857734
1106446627
1775088579
121259168
1521583240
1447397156
976886497
1870970881
901616100
1804135893
1629665878
1705214884
1728051596
1174454804
1536314795
333901704
62175852
1815185836
1006796835
557751101
22191889
292916044
1222723482
1131534825
2078538870
1070683767
168773027
265062332
618723368
775492584
2020619098
2038504592
104093309
1167564358
1824936349
874580319
825479268
1879597478
2033313112
1001151436
1098183385
1792345251
181254248
316254955
1334281034
1961351104
117548190
1532447582
129921003
1485049422
306455869
1122421480
357581935
2016722498
1277424075
1532212715
1916283042
872655097
244490397
1382457965
1885366090
757648050
612978747
571835737
2025814952
595833727
1983928815
944917963
154183685
1632610107
1465060524
1090046583
1777406998
1721992659
1967681127
729601236
1741320855
1198422913
1528432290
957990322
403976365
1942124850
410104110
1466184159
1205086970
1801286724
1501001626
1178529267
929557714
713191365
505967589
122968799
675247505
1867729786
1179630277
1481963942
173180857
1274830072
1364872709
6047886
1125744259
1394790350
2136938045
66905682
401779888
153537887
1926489436
1653931835
972898917
636120427
143163710
1387004037
1234353051
401501808
1436595603
171611607
1671943702
582333806
426143240
2061364271
1803423726
1602262768
1928124596
152518365
1194241489
1485891168
1352503414
685288407
767052128
1816645371
1508429560
1891651438
1901586147
512652172
24225498
545433956
1628869648
2082101085
3098186
1176848501
1888783896
876514683
807158091
550157926
1295708156
320516625
388817732
384884012
1679616129
253274601
1902479910
287455922
468810034
701115047
722077751
1228668073
716094343
1968638909
33492542
562621873
1987031040
617438565
1872141765
1578293457
1567462515
650398350
169903040
631975438
284541189
1726136261
1069013653
2135682700
1667567748
1945820140
568759275
328327443
22138067
1837836408
1943538582
1362169358
170730920
1150720433
1257480538
778339236
1556426718
149182209
1406688139
544891536
808479130
752372562
869437718
96285089
969657028
1597340828
151296930
622557876
756308491
1396387113
966496861
302951953
1380272905
212714256
344525630
845303734
1153672451
108820687
1012590158
1453091536
578842958
1339348374
1860837230
1290292860
295334074
76868883
2058987625
293900608
27810505
1395484729
352209864
1054170757
1916052305
321148302
1231590989
576457181
1343473880
1149878428
1726597598
1660218167
660482845
701436740
449632108
1876722650
2012637412
177356066
1570529622
2132601370
1856325279
252552264
1802421648
891583962
485760120
150855031
995176468
644277402
101633166
1743662071
1202369736
1057574325
1997947201
66898511
2073063947
1002110675
627864463
1531443815
1059306220
1106978835
1973614905
1398070677
1731414351
1294794837
433396357
148968730
980973618
284895548
1716941286
900737573
1357481480
548101053
1337921632
889568895
1203363574
505633803
2105421200
882738279
515993262
1786787448
943479911
689045179
304347991
1296089807
997608076
700647791
1697744758
1176793409
366544300
1768761884
1503181871
1090477788
1275644639
365078410
2015648543
702853236
1570462631
24603327
1583135192
1797798024
472833300
424715846
1988510366
769155764
2024160701
1172916143
1435893594
1215391648
45360050
16526971
1960127527
514509351
1392337795
237317417
453824833
1348475628
2017197464
1948897699
187852068
1958085746
1139516616
83555507
1957590783
1102880759
2066271535
2009076385
729178280
1743786381
2089501041
1365077075
1548878202
337144830
1541751219
352710068
1137082331
2032786746
1223698785
2005524415
1681855478
1994793709
1309646361
355688410
1378671102
1763722786
276055251
1931583450
1794550730
1721999378
990314858
1647570733
766641271
903816705
564509687
716540491
1925048504
9829840
1918545699
1025192755
1769528047
1458985428
1985429258
2101580279
292213801
1570217327
1956337320
449535089
1448888108
285264229
1012027049
1244022503
217262561
1551380434
890133404
390970488
1200556280
1493004342
254509981
1945525897
1497178112
1684978807
1321409860
274550279
1589476871
1610245190
1874384445
2128493331
1269968467
1209903690
1233797098
396573991
1144089336
2140266308
631891903
182416338
2031343371
296273727
726594387
220556936
1333248408
1605977461
1472350423
176840052
1376939659
542986363
844249983
1382484147
1158179390
1315057313
1194705600
916951425
858120980
543947306
885536863
649788040
1836059544
1634561417
983998160
1599305512
1009288474
87357365
1113026265
1565033619
1786499565
460331044
1162210885
1527499249
1681117043
1319502713
1140461241
1027719269
1323776032
1808437095
915788455
1949246270
1581199018
36333322
1992375516
2093754492
487313156
43091813
525190568
1433305335
50383354
1605174079
1039817187
1729831101
1897072056
281612218
2011226334
363908792
345000425
2066503691
1765165696
1581022670
992604413
762419835
354821692
602434718
1347133998
56659007
716357623
152505794
238490682
937887061
933414826
1935325287
1669191556
502494665
447053549
505094149
663890098
806461684
569798464
1759089910
2001193430
1640669716
1139386540
1529154716
1950213575
485046508
1122600806
695136688
676002346
400776596
1452212909
1527889081
2015611193
969546850
530416245
184177620
1586910308
188791695
1019952662
428159787
466738852
1125918063
1247748780
121658705
441775727
1349230207
1858945208
358814580
87721952
1523302682
1385874136
837571939
1774122963
218415244
32664604
578366024
1073104105
487913313
980589992
1375973493
1556886216
1743305293
266200556
450622885
428309443
505443412
511120909
1598789537
1797852034
1785072546
837935218
1081420919
908083409
686984659
1543569127
1142977009
1626159144
990192595
1839915382
1061439178
40508939
942427640
581821288
1681877686
110397747
979527929
240978697
1624311348
1188027479
1092516182
2105429711
151124707
1488564482
714752073
148071388
558890118
1086933497
162437095
1446981
1938518125
1142099043
700913318
626073085
1996035526
1185481612
1636695220
1688115088
1969780351
2050058754
1745971027
1282727945
1007689313
443300928
927124951
113972258
270572787
327209718
567395637
1937640700
1277119517
806126821
562236607
1216275927
1010426185
1393250788
105177599
1148455712
82036180
1272157328
358718859
211144773
405681706
8240202
1397855906
1051692497
2070686567
2100367441
567103492
340674493
1607666381
1827567926
249621350
742775791
1441340962
445797288
685893339
735426599
749917229
1457932838
1716002708
1758861465
1521469532
45889506
797646750
846646749
534287302
36377260
1548005687
372804388
1693345061
136764634
2079963991
719961352
898457834
2009899098
235562444
2073028395
261278046
182153187
1533707780
541493859
596111213
49509077
2011386432
1799132144
115534426
1700001083
129982177
1276727946
1108220024
519144456
1105322512
741471591
289892073
1893535374
1164591157
169382429
545809010
722800730
1025826838
53326623
2143817474
100254694
1915373400
1174236659
101157058
1488805222
1512930902
407961901
1455057824
2101955538
1562033350
805173994
1044120632
1748075470
13065675
362538877
522340116
1433326112
1620319300
610895480
861901335
1756968404
1375901416
2060094022
1900295204
1115374031
1449073837
1390861744
1972419938
1350010880
2092941552
1125413343
1760171919
190384922
515487660
1372886477
1881171506
1619507448
1833826870
424530652
1406774957
968486088
313406091
1783321665
760301890
1776023927
1083895906
1995101549
184358983
1090960303
1513891117
155326210
688490775
660485242
57993308
711253646
113073128
1624320748
1054049042
1649703832
1391867087
30594784
1717487013
1635899083
1594815151
659002181
849453698
1890256833
10539218
838703079
779490181
1945989982
128994935
405453879
1697662255
579170746
804708080
1434992888
1273695219
1259633935
958030401
482714339
1574346660
468117371
449013144
724268299
512401443
1651644717
379792030
23544540
880566704
484726576
999979198
1251572238
282755207
2130645236
1112683682
1692294568
556711460
940881713
79085868
1286274968
1380394127
1477646799
786900714
511132440
990343970
631459374
692651264
2018371365
417583784
260578677
546457919
1056676040
1592119762
528743092
2042212278
683019496
1933355214
1966047552
1826556932
1899242218
1450821243
1397324614
1935431997
1095765697
1387963296
841576260
709923217
510430071
2015420520
371046145
1142247225
603329732
387557196
413015419
540030055
1534667405
404052570
660342001
577838093
1038522721
57706189
1951995314
1728975115
1119800960
1131356610
1850569702
2058227583
1610428676
625675348
1489403450
1249086646
2143061018
1568071553
1065816926
288867996
917328353
1448476979
148005163
474471777
1888968079
1472921484
1449802392
1528083216
1446976772
555562525
891942220
1248236317
1646803887
1574353149
1330041088
1824891845
1875780836
1901824602
1834935520
652746246
185308515
1813714352
245339712
1527146
1670002303
408745120
1080858313
1939626070
171130782
1808399164
571501146
828756211
79306953
1307740971
689927604
1630997646
1299854671
187904467
1196856482
886195405
67140906
1987611313
48117917
1387167470
1689935835
730033422
1710951815
1676295331
341997195
376332102
1666525765
1431041135
1709465197
1549095844
1746847006
608260415
2140181138
2082516017
1434677847
1575893842
647581342
2106885976
2129193803
1199351861
2112977029
1206211529
313154502
2080256784
801543127
1077062929
2132228285
626031792
1190050395
459898776
1973329452
1385518079
1875091442
1580102872
573584862
1341105802
1845730189
1485940756
83600618
1213609990
1332853428
40673732
416777003
1668096803
1091426850
2020318457
280549372
2121736634
1860028939
2028147284
2059673968
277847200
2086696485
582126891
2141250246
1065256161
1843665425
1603651517
1087945132
597095096
1226340827
1315245744
153812324
909217450
1163273501
820375156
366863548
1735639482
439599398
1408050816
943076367
1563733311
1428314950
531818051
1784574919
1710287691
485081788
2035962090
858173096
937301905
1811802934
1573734933
1478866926
625942139
281433835
556632418
1709504944
79320660
756058440
87816073
31443632
600989452
2080800918
1681347119
1245662584
977455833
1478637681
2094208994
995874189
1908510264
1354183759
2131213537
724358809
1044789233
415961452
1352476458
1727027735
1784148472
924197137
460354149
1601371564
1753434390
556075790
378928351
344029668
740867491
1370781642
513325710
405581729
16063341
1954529975
406311683
245972751
292854255
1876669402
1143178274
2142479683
173130963
1721123629
425348990
578937676
150023184
1119117855
1860660603
90942419
1228594273
1942408760
887327410
244455711
1333960473
1236200039
934857619
1391455288
413139557
919380705
1741363374
626741845
728181360
1252939277
1657123556
119682012
1003710537
1618724660
49221633
1342835102
1767152466
1249188016
67370749
1939618870
2127583389
905891435
1547375371
1036519755
2080889773
433313813
993090103
956494497
355712731
974561979
933320440
741389338
1053194970
739914761
266683985
1052492070
1214689199
1172065239
6663079
1432833157
2068985040
189370045
372581499
579065170
628814114
1971632146
188384496
810499511
1942911865
1586091047
610942032
1550412059
2067366493
1839629129
967835926
1332109922
1360526575
392184514
38388996
1940327043
417538831
495042595
2004152814
1254182380
1980640598
2049454845
443477231
1088480213
1579343085
1120517857
703194140
1101632380
1481559301
1447943927
1446437210
1514406701
1286769159
326162010
1250305932
543034962
518222431
1657482146
1824446122
1711776546
1815174664
301345525
76470131
1987389922
1734414356
1399222185
225710204
802189903
1890348439
817199002
1319100863
1247881739
838434485
1530084399
1857415560
2104875838
878261834
146330971
411504623
1989571147
352256810
1893016525
1762253790
1068059819
889333558
143426360
1173425736
1020513960
2019153957
1225032715
1734445085
1526694315
1705322546
529837656
1315468395
1544338195
963622229
466963450
351452795
1708902749
1153704525
174406205
2066140363
360033145
939349773
1765786864
1361151519
1472024193
1206355997
77301808
1530371431
758273093
1818363740
292248199
301737432
1181638904
1288887451
1153056712
644706095
321253826
1205675314
893084276
2110335624
1838529444
1626029208
1183258332
1739118065
6656189
1061006437
1939727485
606564627
1563020927
1330636150
141203721
1727101183
1976325409
8633999
941384274
1598041370
1262879978
103071242
5369966
1809914528
674350191
1945381306
1865326634
92991896
635571958
59694690
747810107
283156539
113380107
1226699080
349137978
883144789
552282183
451090257
1162906954
2142706268
670582285
1884411363
835937950
498264684
490692887
42367757
853886301
267046016
163236484
17554779
2088880539
1541892178
1695212938
989914285
231360409
1601451446
823750089
768531036
1894724085
2105708839
1510426094
2143387842
210013318
507713451
1445842250
99742932
1436182071
133581682
1377615522
303387855
1678924593
1695907722
1755158104
1709191617
1087053612
1603603661
2128969784
1322239809
1062932507
270585234
1497288321
373947294
1395838894
458482150
1553135475
522528777
304145998
906804410
895359927
986229112
2085579992
1830713028
1152718052
1966553057
737459997
1941990313
1076300713
1349781434
1024472503
1732058680
1633916364
617853157
262924612
1702978538
1454267533
485089287
2101115792
122477106
1565084407
149212714
869788282
1172611603
186532918
239567154
672950735
256468015
1292984763
101962753
1891649029
1259445720
59029776
747980532
1692651033
1428763774
1857465143
454924237
6178230
2060931662
1220786589
1562649135
1600053203
1368099454
2067064055
1331234799
349880551
1309885812
1378063329
1482498318
895551713
1442346198
1729888376
1877980184
705553847
468357207
973549303
1384314509
1031122231
1932712232
243624811
742937881
1451294662
1700063032
675434807
2011530042
2069033632
941390958
1760253865
1109611661
7487917
964272569
512879068
2097634421
915311037
296487561
23200568
166286827
2069531423
190759487
1941329784
590697648
1209300006
880090791
263389132
1403763936
846541492
1902771785
1773121945
839910324
1390399184
406997757
786070515
626472704
617204957
1731446515
1805389569
109530711
1014339564
776020161
1298565545
177750676
389542938
1244418017
532139929
2009591403
1503754310
440416397
339240871
1190246132
17109272
1771214920
436200033
1922759477
1676970652
1467955709
539478095
1518685425
1466704605
574452289
469110599
1270313141
1820730326
1368449966
185080357
1779312190
2091877910
515279623
1845968380
1770371165
544643791
433001369
1620037709
982341016
925679114
1948742462
2132000294
97857652
1404309759
31510167
1000450426
287860521
888290292
1956161021
379162604
1745073328
1719744842
64112854
1752692954
1740236817
1079453462
788697681
100707181
404170159
977150273
4124059
137489788
110358163
1779770573
900768212
1703495871
726200665
166918290
2064475922
1380113044
871670267
224665820
1668694415
157034626
1787009647
454875308
524134101
809730004
1236058837
848827599
2016799056
2067585814
861028640
1530694997
1917381956
279269521
561525424
1958793358
87696519
1700661477
331492057
514284695
1066652312
1825029253
1753775182
785105428
1105238346
2060958438
1102465405
1427754558
1685212462
519010213
180444111
1420279118
18288938
171942376
774685860
680293521
1161673520
1151320493
103237068
2095760569
539656336
115564245
351699224
449491941
1409083836
164998843
385872032
1064947838
1734872848
1965345528
157329467
1447791236
824057060
1504014076
1294261154
766678766
1963990963
1182285654
542126314
114055416
247666727
280598178
990369581
1217877198
1796954166
1367661903
2018469721
774744544
522135053
1848927828
250186879
2038207690
944875920
853989002
881716
168950279
1986469871
527635051
113378918
834205645
1966299145
51623053
2077222373
1052672099
1758688943
1664289723
1331378347
1977023631
1832125167
1843437854
1784035278
465434069
221526572
1620657856
2132641840
952682608
214412467
1479192047
162486866
1858428332
748101963
1855685832
2098090694
194899534
214024882
1612782884
1551973073
2035993824
125801030
676043431
1149269988
1178286046
1401300401
615622882
809651288
1035875137
2033232416
1250212270
368500593
1838443556
613167470
1620495220
1155862102
2006196738
562644297
2004530947
1169752855
1005066547
1454621910
92800743
1450546685
886215913
1576142683
480990279
2023322895
1333615168
1777093110
604777988
1764300081
594524618
2044551886
1471252188
1064200497
610509222
1957543399
208513871
1482646317
1213380690
525967696
1450885202
565984289
498368255
29604122
894486886
1226212450
1946581681
808774574
1331574438
1209138128
47671369
384464553
342621044
1078997564
1773040913
1345540626
1301687254
379055917
1967620598
1019075966
904012806
1038705409
1287482762
148296587
781923798
676339350
56321607
8029937
2126438021
1550045930
166610092
255419955
1289848501
998824668
479129005
135317478
655672896
371296834
268352746
1417215850
1954034889
1073825449
1271854787
1896462457
406699630
1888642884
1286357749
691379141
1577747111
1463803286
1011297859
1388198759
2075998845
1842586862
41072004
1554073291
214116005
932903927
758241045
1549797093
1732544011
1161913187
730672485
1604461329
194089897
41117604
422154747
659860585
844696850
58339390
1052296682
344355488
642859112
1042339759
1971135990
1986175038
572302121
1381272947
1245275088
332045940
1532161993
1141930991
235227277
976241150
934792304
1229355743
2040561342
1316044424
1640495304
328566145
570189030
1402266631
233178344
1186921750
987097029
376250880
1099927215
434876118
106456185
742118521
1378093288
1928439266
1457689221
899504017
417728728
535544589
841381584
1578722340
100670626
747904134
1929206983
1541092438
1282812514
770844368
963172777
1110568714
1426871547
1074635957
240768582
1285184758
2118937376
1450663840
1526112486
1597170781
1811078663
1771612123
825821360
1419431262
1210859172
2010815595
1709014666
1348324945
1563182332
1121336346
565985365
808247302
1439128817
635321562
1522895495
1564826198
1071103569
1548987638
318362382
713512816
458688913
190208542
1305938717
450650354
1429565217
1669464823
1658054982
1588552743
85417192
881413666
765607058
240578043
558019752
1436519388
454116709
577941188
472156912
1388461155
864622939
1784498151
49835039
1611883076
171445227
1140022916
1027222555
697669930
1646993961
521205954
2024487656
784004743
1756007317
1648763346
500466832
1985458659
374547855
358864343
1561187903
145331555
512099573
1235367540
2083769654
1111831928
1323763839
239142635
156584991
1004138791
1589867294
1537437909
1992391271
803060530
1884917219
1040715646
1761561083
2018617600
1813664492
740181228
660047141
1945127975
1746804438
1557779951
733636021
1530319280
2082827141
453365185
1055502925
1255795356
882807407
70757285
1643144556
173505637
1296668258
1407440268
2115033872
1517689161
1983051304
1383355784
1886553915
1621311515
601786077
996334937
116929616
289498298
1302025576
1819743013
1741146410
1276559485
52007480
1936336280
623679360
858647068
1820033441
374384530
1805464042
496580185
372930612
1045149056
1204668959
1688854525
1549327069
992108706
1993873340
726399007
1585064621
696542188
178374068
609754633
546969251
1557602265
1758095675
1170997392
1513854361
143515327
1250557895
1140499727
2013858034
70148357
1745417521
551909448
2046715602
1749201490
1641722411
286205652
576089081
1771652114
1197716120
1882799316
1469306512
1129599723
1226056455
2107477608
773826502
795448080
964692019
408184910
1142255371
1616061345
2021518386
968394707
1945541369
634571764
1066734910
1958337257
1629344957
1640529575
119817154
1311770747
48980414
826091333
1607071996
1398653201
432246295
820166014
599213122
1760941750
1662525110
191537490
1337334467
1712528624
1876282290
187908182
600585270
733221359
850313871
938344650
1602449936
174804383
836448359
469661394
100715962
1830140631
1107874901
611573743
305319530
1753716501
1314036008
698214358
1669367774
2101426964
1933129917
224244752
1870798763
157067984
414573816
2138323226
1835785484
503639486
1101003516
1596904865
1005895085
619196221
1958657228
1559443340
849450114
2134222480
1979716651
1833666579
1669181559
148391844
2087541817
1379131240
174721371
801061605
731329480
1988755986
55310314
405085519
1431394392
312501232
545550991
333908210
1790412579
269841765
523818084
68969838
160721056
1714435913
1058417511
289439772
1029931506
790828817
794300027
2136927081
1497837322
28709641
318503837
1087613099
1114351062
704194279
1378500177
1263539997
409993021
784334804
1191009883
401976419
1670269569
684193914
267457741
544699787
1314629371
1267293527
1919011683
408116783
1931044395
517273964
1000710763
307511616
1789933120
1266608725
2003304097
934134211
361649328
74955712
504406060
790817221
79808412
13946052
236929044
1338545201
2076680306
711523256
931444503
1007983516
967395020
397318625
1478667153
118149997
304138672
518236408
79349802
242796586
1570585194
1264147963
2042001761
1112622833
1763708630
1024978555
1397765287
576237188
1426885378
2115478568
1422345681
1349715741
1008874608
527448533
1382491669
788849282
167463772
2080341751
575363417
536347938
445140317
1294484561
736679339
437572987
304185327
1365938185
1183182952
1870763037
1474789983
464919042
317314356
1230527798
978053069
1031278634
1554809790
157609854
129686088
1552228950
1404065349
1950039331
1266598887
1763759851
376311818
989316097
1763115590
260253539
299660037
890940873
2119868302
727540642
735862390
1477359637
1189090745
1929338627
20084023
990700754
826480615
1121838140
943147977
992866939
1895916939
1767600550
92741359
479894693
365405215
232013257
1708387
1391174574
321339818
1292796742
1179513491
1810537799
701390376
1750078696
1032490133
1829014777
1299889989
1803172526
1648982637
1289700242
1895876983
2041369847
778733184
262310048
333415025
2131872213
266178798
1839598012
49978282
1502722206
1103822093
1364529870
2016642229
559085069
377727152
1647906503
582649032
352571733
1621191098
1077661653
605085188
1292967783
769725584
55746312
869594852
1007292467
1851722305
149099917
1720814751
697452927
1862225720
290634754
32042503
1080249622
1038756030
760378193
1519729875
1996366563
606487487
2073470047
1859565663
231624453
1467573048
1020082435
1242108059
345967927
1675138406
1287805879
1010351794
1684264084
198243209
482672609
313616556
963978517
57796405
1551643309
1151224631
495098533
1902245996
327037556
1895148418
396053119
233252006
119164786
419975778
600663557
130792494
1692832776
892210659
1123952766
187222279
1271018721
388512620
112921121
1581186365
1914554732
133388932
1407532338
78063689
1366969211
752920301
842559938
960706113
1815076917
32553606
1573773826
1400419835
1940744247
495466514
1927063218
1415439960
1250023282
2075622631
1930974035
1688358345
379606433
1030642652
254728731
2082199539
1433413374
437575370
235321498
1073839087
609835900
941756828
1585343406
1560046185
899631126
996791205
1468935275
1046004847
846841378
368751320
1707930379
62839025
410926302
176475374
1685701816
2063461261
1904832454
1432533727
592070262
730956462
444274873
461210139
559913549
766131647
640960269
207916888
1357021995
379794231
1198098483
387102929
1172820255
955045716
217700359
653871142
106829294
1301703153
563829018
420089089
1206231208
1505684721
684643381
1989769012
1133757074
1112973960
1076560335
101824707
1724013311
79303525
489724280
1737486448
187476950
1926208768
888679027
1034181601
129660310
493914036
1412086671
1351520771
1450859391
1208395039
181810173
745456837
996970665
1416066672
1355713274
1896156221
1256114947
236313299
1282195551
1672984540
1698332789
406013198
782015818
1387899233
960916086
25786994
608844628
2051651395
486298413
641063077
1851807132
1663309364
271853853
245310497
1185439926
459197385
59071245
1736367789
1358785384
956967188
148864372
2129077407
1969407563
1208896548
1652241702
1716393078
548369445
450800359
2011458846
1908915251
245326467
1874633991
268357997
1219989468
1765501437
2053250714
1241879719
476211085
917050745
604840361
782728027
1558840909
1066611686
973441294
1434464342
1834690443
1299984287
1289073349
38789411
1670845889
1500196555
814692752
1215439547
1359071493
8715082
1620359117
842341508
1694338156
1430369220
2139197759
483524110
1918709037
1762673507
1172882953
1894234667
2098573377
861446649
1891879875
444140451
1972932882
1206770794
579498224
579781034
727680866
539026673
806143581
264197041
1213388305
247802743
2085097966
972865004
1389568108
1352138169
1418709173
153724341
1146079601
127643435
813928701
622249254
913496462
1360497190
1332432059
1890164821
17526014
185435964
1722952629
1091403892
1593813425
1192676798
1935263258
485472562
1353661987
1438121008
1113472550
1860711426
1984915277
1180579991
1780771591
2035238219
82411224
760612920
959122029
14796649
1153765757
2049765408
207092636
246710392
942046457
638508545
291143858
1494732057
493557474
47208246
800819680
1445762508
2007751301
2021028348
760547145
839617199
623877912
137205049
554255030
1568647094
1259722236
2025849116
1756578467
695533804
29544701
566042391
493433936
1717360426
901157128
1604491749
1800002917
1172829124
479665174
1417166500
1076762403
1217940764
1851218607
896508919
1991725109
1338700386
1183023015
121150219
2035553907
2147172553
702281031
1339779033
1391700465
1981832920
679990181
1846132894
