2700
910977240
1043624814
2041686538
129951891
1470449756
2035439226
1726449851
349604572
1400584071
1116920150
24806736
1809254156
1682842615
881235045
74754559
2088319142
1000758229
348028946
1149344453
444571505
1378771395
144289689
2041269086
1933287413
1742522027
553014956
220151195
2145553393
1395067754
719787346
1619347581
65237606
1146522561
1991084998
1284564227
2072950751
1278767209
1297823464
1083573746
947943152
1132570839
412718240
2097837237
1180608482
576712258
1329238065
1459402871
328995258
1842400657
206714342
1252623342
1058079129
444053806
1304080470
1601743928
1415236530
583803875
839093088
2143987312
773002122
278438613
753746347
1797230128
638573407
1608783813
212996067
1363194890
821910976
1803412305
1367150980
1899344711
2076355664
25567049
1133552987
1190006967
507648309
1349181677
1673337006
1722310752
2015782594
317948651
1156095135
490730608
1368244251
1007876082
344556136
1219105447
1652783324
1633297640
320061055
470528880
1901696385
1157841649
2088416721
653313859
1225989340
649021897
1678266825
2135819756
1580215854
1812881957
1307204797
1511408567
290251548
1087135784
1542923589
776753253
472119084
2134525142
843738140
848977246
1453734014
156092664
1266390638
496495462
653770579
867168083
1263414290
218579402
407105316
45326047
2044566027
1483959230
1098464841
992822461
1885683706
1471659719
1444791935
793018080
602260421
1310321146
1888328997
964218404
1627958825
918522450
1578365742
103960689
2009288407
526928669
1919942081
509051622
1146742892
309693003
695641695
461442180
1988371746
1231587344
581043036
142905400
1855181616
2099256493
1266652946
791643846
1134487579
691992141
1527667179
1982538142
80596532
2084790260
289245408
2015507569
185530345
1979289374
48054024
660744309
932232306
1645312585
326227198
525333832
1182956566
1824602012
461048118
925508741
1824394233
58516055
450883865
2142296866
1243245348
200083843
1011920903
258796535
1363721717
929867375
1468987568
1601106388
557617904
1501010561
229528653
2088727128
1799384711
731035050
192754661
1993934689
1677172795
1364608142
1936181188
1151701496
1689148771
996419235
1766170710
966226917
1299785449
942828840
933434788
1209520874
1740928192
364085401
121075812
1990386135
2081794645
788844229
643369467
1309356955
81678991
493683294
1734327265
58529096
1667409035
68337519
705149393
1127936092
986992500
301263653
889501629
1194046697
417500876
1573747057
437717937
1316244467
1512081190
732414647
2014547335
427102561
1136847317
2081645357
191840059
1067734780
458612992
2029821989
520076465
182381945
405554458
1817401132
331445464
2112337957
1634277168
1758032720
1603578172
1240417806
1722042171
756149293
268580469
958166187
1078705850
237587380
255403114
2049907216
1744942606
1565572346
513146590
1131788140
5853188
1250206065
858059984
1903112906
242384552
878162011
498057700
395418057
1997942507
708549705
688414179
1875831679
1142144294
509624721
509703434
798026489
767603152
1618107548
1755687020
117766513
530302166
2057488290
1558091357
1907423327
1848912512
1853833796
2128390698
90846258
932587457
390446598
1852880128
384259499
1855843849
595277310
44584469
1497783622
1555152801
665783315
1973287410
268412064
1954831481
1081339918
1687034931
14608578
597734684
297225559
1291955870
230382834
1738533051
767574321
419414466
1002947648
1191872444
239016270
961987999
1886622903
1829118266
1307990555
1043241232
1375084550
168826454
967199745
1395942134
62703553
1126610751
453251963
2110861700
1695888913
1675732750
1353010540
2029806486
176988310
924485534
1508456077
190502839
1620906676
1558638277
1980258639
964420994
1080147780
734306754
1368638531
1059396963
1026251826
637082085
2110572603
1203621986
334332561
1262833819
291388953
1863016770
1805523742
305058730
1512068632
680483901
2143276761
457122274
1940909336
1157125982
1550877235
1002065573
1724017535
1781963447
91543249
1282272980
692005602
1944424626
937014798
1012485218
1866949879
1457192522
1877271388
1041228643
964012348
1271726955
2066585029
30877071
1824381730
840950490
550902596
1302365924
74889603
1292669693
1342145110
1730204161
389409551
846271820
1320176632
728089630
1934071286
2075891614
294069938
1516957929
128613716
109140894
917680215
206499811
580495432
1400006424
348602460
2028589074
1187811110
1467677857
1747696113
832951199
1958138543
1543756776
1744201351
681276633
1160804777
1482836246
1832048623
1594995342
386906004
2141773316
1571410623
1487119242
1499282009
321528343
895762515
2003588032
669778198
1662904955
1480730833
817489824
4045369
1140490812
1193195120
417925459
1220323774
540187396
1780104823
405380086
1014241084
858326270
1539527733
822982777
160449568
1665871630
2130174795
484700617
286190289
509833033
729239970
553509164
975782709
206836471
1665051084
1663302220
874549963
1636579064
1290259681
714581827
1295401384
329738212
493137337
1713679680
901282086
801704646
764383746
2128795882
439110265
325356711
774462824
1919480326
2008964126
1296259909
1191109495
1716647961
1782784190
1975100648
1812873599
1645586066
1932498282
1511711086
1436893590
458572120
1561560993
1755259278
1318175811
1138600055
1732142046
1594501030
1973236489
264221866
1364691662
1468352578
497810017
889183192
785592680
1815941516
704253027
1971199250
508347798
1265876058
437086890
1456944260
418372861
987325356
1930934435
52435134
171486050
840631760
1386206740
1753005386
1081409782
1639533534
946634960
213065936
177131569
743971330
2076770170
754687974
2143894607
1305995436
1784468411
695177727
2050568120
615113620
1022325769
1721183594
1021475306
1324339841
1620119206
1052226461
310539801
236505562
146887487
1336075684
1781610742
684433995
424494356
1760084043
321013594
1276131737
884807202
426541090
955110467
969439841
508233795
1518202387
636192677
1672096953
612128894
431485758
424135577
1728744972
1939157007
1778742659
714908535
921481725
2101387224
1867348995
1157040660
518236616
350593532
661101277
928110418
712603012
1984046086
102344585
816787251
1642838866
637868487
1895806254
974747569
909068439
2051053277
56580391
1626658497
1665882487
447541633
554120936
1210726726
20818303
1859513464
1115411455
1054138556
1891126220
980085078
198358361
1195079977
1244285831
369828544
717013489
687716521
1923355525
84340560
660664545
1031767082
2068356965
514787934
1187527684
498769625
1964798698
468379606
1421598048
884989812
1814256342
401542514
639029904
2052124530
1239282941
1963750741
1672194475
1025216583
1884815483
481425515
822056151
1816095404
1947760168
1004060767
154912610
1005020155
1952737388
724877869
936778073
1356823823
778415074
1688354776
563213269
1395669021
149309354
1030312777
630883741
1609074416
2071047449
386957377
899104531
1314865695
1556920435
1452756673
1589352049
492119367
1372944700
873589984
1559434315
545281960
1190904291
1522456999
1953146810
791312554
329482542
1540331197
886587933
548026089
534896839
608002813
1963047975
1403088421
572927753
2015558857
1143210447
1359531473
1266650742
1815374848
1107002913
1412564687
2119200244
1879954585
1162805286
487162457
1952500096
976375892
1945988816
1912643460
106967561
1219744125
1857053955
455703216
403217918
798821686
1970511503
1747794431
20119804
408317246
1905449813
2128995658
625912998
593431129
473892024
1082442611
1204582651
1339207469
144414946
122568864
221164458
576053676
720723936
1460952398
2106513841
2132866456
235104041
1454941041
1183454803
151201506
1110656494
153003378
1738902523
1498856470
841067045
1075315776
1700488382
184496157
1786784691
737344902
337750451
1554670841
180971884
913605128
98296912
481156450
2135190767
136762290
558400960
586743849
1408784249
721791941
1813714890
1404395810
1666274534
900786652
362034285
2135823479
1515706839
1181665445
1485326037
1924597717
125511147
1432788459
1491473120
753755607
672141702
161292249
837682720
1959395260
1808081207
1146827447
2137739107
1952366369
745333335
46678133
1163902921
221782395
1671401273
94443057
917729730
1258010887
919927612
1662274160
2090416820
805091312
95930218
1055730472
1165550155
293569117
1033035378
1633039638
189801253
1468352519
1339701468
1151078494
781939429
907585519
149940571
1987713060
871862926
1546934466
661025074
1369008192
667739755
511499512
2065783841
537621393
1685428008
1378237279
2127897931
665395718
879720696
1585365677
1300718234
1969190759
189447317
28824297
147863929
1955774664
1428580203
1604694082
1002314537
2078362554
632001425
793730285
22857928
2024711057
1553496145
1044872053
889233362
1191204996
655112688
115816662
899100110
190139781
434406101
1084505973
1281232180
272666266
2057167495
534425698
310446523
967880296
692582253
1820599890
1077971901
334278154
2134793642
762625886
593579316
1550805391
1534552058
1607937933
298210817
518688672
2119802928
281074537
137773060
551165644
1143541515
819394941
1147978495
1513188399
1044204672
538819805
213485842
566931874
542201995
975865805
2123189128
6431865
1885223495
420619698
678835787
1292210800
1687251319
1468796136
1663865956
1241614717
1544551891
1357097475
1349567658
1903494336
1683466229
930132301
496727382
2094310450
1177448682
1483700388
585181314
1925605679
573719385
103963398
929693927
719257103
909720170
1740972501
360633682
1055491008
2043919326
1463514880
1898745150
1300424801
1499551319
100884524
1860093263
1106363678
1950968600
1354022910
1989327658
155436195
1678286201
32956560
1935901223
886673820
920914832
1043662461
1716551398
111823984
1915964985
1878723026
1312763009
1135053298
491929916
1324546431
1180248058
1825233263
124490704
27051280
1594328178
662033126
795680973
1677258361
485255268
703442325
1855393445
729761101
878440658
1893424526
1127659610
1926932574
116743660
1457076953
1514036369
771936211
471697281
1597452001
998938336
560799828
1144756526
557738840
1170644973
892175385
1371084332
1096656899
1946178814
1593855506
1374037522
1237772617
941426870
1683366802
1929586888
2082983514
176167839
1603989257
1271960374
1648715534
676617175
1108400625
69604069
1935971086
1460219236
2109230849
1831992032
411559742
1689549624
417203439
1797388108
833362952
36335161
654839800
689310271
2051802164
2092691030
18545767
1801375605
1268058806
1252846176
414183785
1932003674
1054161122
1318283551
1756682885
1238398021
449561834
720396369
1334811122
1901061084
1118119957
2020824421
220021595
1647093231
227261601
779732619
822500723
1856057362
30794973
242964898
2080451856
364057383
1727707157
1748227429
280692317
136067045
2106997304
360440187
1329702917
470246023
1827019038
434212372
1474665771
734068733
424145737
1664198018
2024711945
1587362094
526525973
1027785480
849031258
578048057
465576888
611529737
302237315
657867704
919294338
1063952304
1201380480
2100738980
556363460
1775269861
1168577824
166870420
1151959553
1590178006
522278119
1580050587
1778929719
992231794
78240805
326171056
1945459233
1012984824
2100505118
905861149
333538180
1385680344
1586194001
1669753271
88047815
1354577935
335024930
771419823
1744940273
1066946440
1866320039
2097194625
1127868638
352777509
311227782
396458970
216588324
1379825212
2011998893
855636118
1277368609
1356465224
886860957
1508704857
114665850
1336407654
1460014496
1012981444
747861284
491180015
418943338
1962442710
334755070
264442371
872748358
364386214
1747747890
1300681559
1047970791
1416885579
279787287
1158422542
1400819445
2053154943
749353317
232989432
877490577
1231777453
815445076
1321014402
670104199
1562109476
198589597
692909121
431218296
601885525
2023344441
367986820
1406325233
1757641788
954020178
103294586
914615366
78841153
109195911
372097672
1902629173
831354208
1703280447
180865282
262005584
543341079
1392399653
1375550925
349470305
1600275400
2076908204
974955789
2077112765
1259975243
973440512
332477213
485831165
969197705
274058050
2031469773
1572166562
1183820167
913855088
2079760365
125230601
499932125
173766038
221444969
1194423285
1782355588
1566492523
2079280971
481417027
112252191
492626321
80309589
1791636180
1583199053
1162394178
2143248613
1741069377
1902678647
1363641274
1501173748
1604228867
1112310995
642781406
632082962
259825127
64520684
1970848943
1029331428
1549055390
916972342
524093505
82904275
1147340532
1452049
2065910036
592345865
764117313
1674510797
743210665
601639034
414418023
742107278
1402354079
857093175
1280217923
892237599
2081962429
1575706994
913771933
2001587887
249990035
2039166835
420213417
568280135
1864445802
441389438
141339543
1135875137
393889689
1167177657
1603001618
2065161840
779865587
1399168796
171065829
1606593208
116773649
1111159164
1751813509
1492071726
1713259416
262561329
338646514
1423344202
822818617
2124001777
2090075640
1576123229
1330693759
209663880
398579596
1434669710
548104531
868802514
1598150112
705195802
1472191825
2074358133
1613555756
861118949
1679397695
967049846
1660609372
1966203238
1370531474
1397815054
214541317
1687866937
610294392
984730332
1578447354
1787641540
970400009
1375494296
419031287
1121522773
615065799
1472240312
1664723980
2084001384
1062106038
1979579244
1717378878
1244764190
1710584910
196414733
1114237351
142189330
1513305432
1235587668
1573322971
1114795225
1270482632
1074429488
1997011314
1221284400
1566553394
71611558
1534616172
1513004155
1037846202
579179295
1197483887
589581483
264913510
548028321
991558240
1550463106
1687256602
1821950560
2050279042
371342957
2047177849
697296134
2012817801
1230518678
983573374
1828379507
650901300
411016803
878867126
477737961
1980154512
984274700
1384325502
1139773179
1140813958
1683797754
573914307
1669832779
672649769
469057447
1257184897
1656878768
986597190
1188736269
649786042
112790471
1743284143
1604307321
255444421
2129730907
1626388100
747145568
2235369
1428311206
1952472093
2028859648
539168234
1234077454
1609426858
1126317920
355790994
1720989297
714742430
60187375
1098940929
1531885837
758364623
690075040
572891336
1983226336
774596743
560792085
155879802
1707852129
1471187615
1134677547
1358732517
915338468
1429220796
916386008
1821093687
1517928344
258932032
1930653067
1781062967
1602726469
1284979588
1291884746
112323301
1473080330
1806943249
2135196689
1773283843
1456855614
154211837
116241000
2009196565
1293197408
337471045
859378848
1703765075
1935655331
973126272
708529561
1441549919
1702944654
289802822
1096170943
1368575094
2081377056
273574306
1807472894
1325730185
1793318221
694631413
677331170
1301695330
580359742
1375497543
1138043576
912036238
1889404559
1300215164
1908705894
1243724359
1521254170
1251860899
883460020
1534800479
926878054
997926745
1103411691
1884367410
237774760
1338998105
172797034
641619054
1498963273
433848231
1373612651
1498491948
1320845015
760371384
1033491427
349684644
1912720013
1902588769
236681652
1107237323
1162791002
1835579006
1107804388
1479473369
227537561
156370229
765169825
120282223
1077093759
301255476
656262389
1797546053
1425856503
1248972191
1057598378
1459467740
1609964592
1926858241
368363696
557228708
75654821
1844298738
1095819764
603686780
63840213
371021798
1397445650
1225387292
1575418722
1542636829
19574256
103816060
904861951
1984887781
246126022
525416477
1727786050
1055464520
335410432
1459022723
2018635049
1269579624
1730374743
1855557850
1691226176
1873562325
1754271768
1944578598
1919813396
210422210
772697221
1484218496
604522450
2135216159
101175997
895863113
543481451
2038621296
275901229
1687532658
1057489967
1118040573
834835412
1162756943
1142915113
702300988
1869284161
304580143
841207755
1692500939
1417360782
575431367
2027820676
750570385
1345232854
1211826962
782489206
612085693
390278431
1011665513
1773760649
1939430823
1813742131
560911573
1022127296
1621374
1355647632
915668154
1268157091
1516804959
157174650
797534547
1582995674
927652631
2072772982
2079761578
1527518757
1108848902
1688699802
1936865888
2136119667
601220376
220065859
1907612996
1052377513
1371610283
343122323
1712133689
704671415
267857272
663840985
896629156
1318256890
321222340
1852117921
242706138
172646886
1311720652
1022769074
1926909178
1620579518
1055275507
389039930
1109883533
1937083780
1997390264
1573055715
2103341747
1535513313
755141281
93958327
1265486797
939287829
1367279865
176939906
2056623652
1878339255
2115370993
1627771841
1389906269
1142373616
169612587
25971076
163789582
2020245503
836332143
1142639365
133668230
192336689
2113683319
545335411
1962738984
551259290
2137365796
200724578
637957955
2058409597
2106132218
324430975
410189913
371445397
1673016696
2087797984
284348838
1021210311
198432928
673574185
1280960620
502021519
2063229545
569882777
1732852621
1173144976
1055774735
1091073394
1039626700
394581575
1493806443
2037740185
92414009
840928447
96577155
2084096688
1146130529
103817886
901956130
114293056
389091019
725977004
938421193
1258862121
1559871705
1700839770
1636709919
578099769
1922433769
606016271
1948867963
1344801697
495538018
661188238
380588346
1719333354
454077465
1517726839
1905657665
2109583978
103522550
1595673532
1540674848
1137833000
1727378917
812350081
145724244
198356128
1104771582
887236274
1282131490
1745417159
1699090487
225301846
1479070084
2140086296
11552602
1740473173
993276477
1008937674
1070085867
393072050
173195328
466181342
955016762
985801214
1134033293
1694515747
1979939328
884717023
1602507718
862381741
990210934
1333741663
2118358735
1305893424
1839023558
1729800417
1107574413
1980726424
627862678
232458559
763422262
1698566728
1956145762
814027668
1207220539
1873944650
1684817602
1507839122
1439952532
1431343306
1911973012
1378040564
666978926
324804346
179038127
2012993412
1465493655
525830994
557491327
1442039287
1133416169
1239554176
1859294400
540202077
1013499701
596594358
1431295738
1940276245
271319470
484116592
449721285
1623284238
301236066
1031456424
1599024327
19379824
1007141883
913132811
960205469
280130905
1043419200
1028228703
1437180667
1063327485
446981322
242069515
1299230556
854011839
1778109256
651153307
406014606
1940381885
2031135116
1028681158
581500868
1242568664
830561208
1049664451
227577994
1583388663
534861268
225197685
2127805056
1041811838
1890258663
223978279
914720321
1062425118
1730999031
51338394
1166286249
327513510
533355727
586245483
1403464054
942816672
1628018898
870747725
1468250085
1430415968
1426583269
5714160
2045684544
2110925392
1057797406
1714826489
461811664
828742385
521431384
840248195
313440692
1754599591
927781872
275066011
1015155694
1768040339
228274670
1126455821
1667941931
344365781
1298491185
1901733053
1243872070
1445848491
1542928615
1357031495
1511018239
1638574970
66883399
438982598
133045446
1624827870
1386856580
681243052
2048009750
1157490413
457892470
1637530547
1467074487
1880557018
336799015
1998522419
1726331231
2057845395
556086588
1509097735
1244549929
1799054458
686663029
854834495
677534620
1239508084
923296231
27433888
126967414
321256821
1091185144
160360737
1703054046
721910856
312938899
121096897
1402542369
295905317
1020202327
942109635
1913076130
1080523448
1568244471
422092955
580422338
1069359254
871949454
1486314416
729618207
842514791
936334039
1508772360
1184750408
1132433451
1310541493
1255128793
1109644656
507814729
1138967631
821090248
1660590686
1168971099
1634702543
56549885
708277237
1808723051
1030818012
1355335006
1919813605
535219052
1816642141
663239021
303793557
1948019149
1112344420
1800241494
1282497573
63296377
501947511
2137944149
1508407661
272265639
276702641
737785238
908463986
996596502
1125585569
1724870932
685433613
1014131596
509185880
824184555
728113683
1139254585
181272279
80899306
1562689947
569399259
287342055
1550992776
745956432
576098779
937815224
862446815
849397933
1998280757
916455724
1935287405
2094710531
1939088980
1943626235
515616825
484943902
1193293648
1179830101
665096697
1607236307
1470534941
391784114
1161364980
1900499819
1361965355
1317332019
1090426747
2127726764
2029995310
1562774807
547390515
488393409
1340357302
1375312399
1069836649
1190906233
271735669
329103727
1622161389
1158472245
427035138
982720875
1906470857
691754576
1688224143
27093541
1071490396
1235650996
686956130
1702654087
277368088
1248249991
1787899470
1394065342
446812121
1306334655
1096517696
760546308
611182368
1331069281
1061334406
32670896
299319747
2079065776
2060202303
1994303131
6975315
296219243
1667704933
1336243698
548017397
1696190755
711418779
1689073940
1402825095
698475845
882339134
68880999
781842939
2027759035
896684879
1985510045
1718203699
1505412023
1177958157
1179859696
1175339195
803486004
2139435
2008010747
1015190678
138469194
1514518117
55069378
939253766
662572166
1217591109
1148193899
1951053131
329562721
1521424608
2006290226
354254342
166048966
1585932486
83573109
1543845865
1843744533
1400639813
274741138
87914535
1072669453
1211900371
680681063
1431877729
194926424
243425117
2013402480
621931158
144239817
84138961
26298614
1067734430
1396217261
285300678
1123443828
858437851
855151430
1041000780
137122996
1101445467
1488723081
1538354431
1367904851
1953600867
1460849717
1440169446
1747989395
1794580760
1388615345
1841673737
449119999
1488718344
168708383
1726215768
507753823
1171285205
1427607223
727676728
892071022
133136331
709590965
1645011052
153849958
296615978
2103228276
1744022003
296089305
540493418
2145251900
487949125
1938827429
2134579628
1584935927
1965196495
2101029995
231513375
233272944
1105930002
986011782
1712556773
386326346
914424706
504081836
80787917
290815638
790060255
1460942980
215410866
528258249
1523871472
1074429172
1169740381
1233150236
2045019963
705095496
1007520469
2086959045
2067784917
1710901020
1959535325
1194106950
1655988586
389435730
1952420974
558054326
14934143
858532528
1832122115
510538426
738756672
203028891
1084095417
1889233921
1366278641
1652588703
404599188
2012072706
1690108298
995737876
1008570876
1704178920
1663391376
522822693
1886311500
504373250
1442104289
1881255608
98831211
331295177
2026791102
867220056
2072709202
1115632802
1698185122
2113386436
2032601023
1233620710
1713643544
599554597
531375493
1486200842
1531307473
1905493955
597498250
1102684199
1562958158
1696200015
1615608685
19649865
538226785
1194870772
304139969
1890802188
1693670958
210198305
690067477
608660389
478718752
185624564
740669451
431243440
980194722
1656804756
1881985278
1965844137
307853904
1745577305
1988063649
2026875044
2071921609
1984899086
391695063
1028685279
1521148847
1237161005
905620150
1845558962
490230253
1587060887
372031868
1789945000
467097031
1438770753
172502357
904007491
1297929757
78891822
336613219
2114392875
653029577
555594693
968484639
1552109456
2146245594
1719418381
1000437479
359075123
1297714531
640058083
106033267
921052249
152923077
1751736699
798796016
1874176721
525354500
527028249
77829391
1335437993
1145000883
1789343662
701943227
1703436341
592903593
202823013
218520523
1391886322
1746742830
1978737999
1825131681
1944323473
932014322
1114264527
2140868207
662964602
1229433671
1957607678
1345328166
358489972
1831015739
345790934
866304534
2130033831
1792366649
215118693
1362731504
1176512065
1317007587
751832134
178773728
1280436054
1578378995
1325043597
784927383
793562864
547279918
1686466137
1073293351
733443870
296548053
257149540
977928698
373772826
1343883178
2081237199
754369609
1749434812
1354308679
1555966782
630645514
1281143962
1516883335
914248470
1521566937
1823034676
1380575467
716426018
913356787
2068778903
601155770
2125347419
1499115078
180557787
1507996562
1651613076
1745437157
1262671919
1251157394
1504324138
1980334270
654040993
157409237
803354625
589234520
2123245490
664920418
187905045
122535621
1941039891
618882761
2127206966
1428897125
1072300960
1305121492
1891366844
689436332
155963555
688610932
1018754496
1327631653
2139465055
2002473285
929590046
1618102642
1198309137
877265394
339048098
1950637541
1534837481
1930517954
831496711
1066103650
197838078
1670298041
1974799115
1636039890
808048056
1085647346
809473680
1116984342
1797724440
1659740910
1657678543
1442422183
216622030
770400483
1698885905
1038906842
954753673
313989264
271556707
1156375464
1772832606
1672507120
1915277232
1445467718
1238827121
1098988038
316231690
435054829
435484233
1963985129
1758367517
442379914
2122011145
463696947
1830224000
1468253893
431999784
528954770
569086341
2035284523
1100873345
279185683
1874666073
1491443160
1891257408
228283460
1847527448
1776255054
1198144930
253204364
69703692
525311384
141259828
203597213
1174387025
1062771497
2041716453
393389071
326795000
862096601
1907882379
1119802208
1034799696
1108082701
500486669
1179459513
1604646360
1125667146
910792499
537491569
543589950
1153189705
1623649984
379056414
1118168486
1154086881
1918391325
1240639709
949626346
257750142
364690764
1011121025
1754450442
130530591
324389673
47282576
1761843503
396590647
334921150
400435230
954234972
990057386
939160484
329681156
1531071751
535451173
1076801565
1670769696
1131276232
306884160
1312090365
1813022359
678819185
1961226645
1848270066
1514132246
634452551
1385727578
729494090
1215478455
6050792
581685310
1726700718
952272056
2103788403
770827304
2080246624
1322094312
1936785470
428574021
303088
444124707
446484827
2002348005
87960522
852039226
613363833
1530511120
1351645008
1359292905
1242756047
1465061394
1485016934
292656182
1184202891
1758285577
810081266
2014791494
669058321
1232749248
834059819
1428555246
1787542242
1242444218
1296152231
631476977
297087303
1269421351
1595675634
305703364
1120575405
647403167
1153771650
923582108
1814773508
1194726269
779159850
1824622266
530951522
155576516
1272042208
1539262719
266819274
1555613907
2079029751
941815125
169273533
109434348
331030292
499058148
1391643436
1525630931
530247342
549463799
15508485
501307167
929793665
1218881207
1121640652
1227518491
363586573
1348841021
2096711860
1332590750
499702520
798572887
1142003421
231784522
1577915079
501483260
12918057
2105909602
1572507129
1923471681
1796238861
1500662388
804697976
2019302926
406982356
1398152272
1347549544
69003003
62730666
518967132
1037294395
1589500313
1291942054
146644608
496281458
1314381785
1536212751
19774721
1712167618
1408802913
862710842
2080182548
812161546
2054340272
50318725
1055406330
1295544285
1616765711
1434122462
968546141
505582434
2021100334
1520809616
1157965612
2116253486
1354080951
1601500192
735565890
775314952
159113867
1622228451
805778302
1279900301
59046376
321569225
1201047114
1317606524
741375626
1393776946
621598764
1428518775
889627747
641178513
865330737
1625647366
1818410626
1525676133
182609698
484796237
1515554528
1338169747
2115147863
1846668959
904933083
366005647
1269174563
1661208647
1011431234
1782823386
471326772
1795776585
1806438598
1897534684
1736306250
1799414801
579109996
768026744
165325863
1557457060
582411024
1816222796
1088423302
393992386
2134245019
657950699
84188675
1200122650
46655831
1984318611
720131383
1324507281
738885344
824604809
2034569916
1960889006
1810412624
988639270
1649990278
1331616193
1758572503
1385734388
1471556061
1057239802
572697080
1413282713
963615262
611962576
1817482470
139687414
831770261
736386909
1604226414
1958450582
1604233080
576536104
2011042481
489488936
247774951
1170400092
1303774950
1055989549
1293561168
1598677662
2113238802
1440591544
414553198
1029141171
91696016
514423630
2064676197
1229880007
214630574
1423182516
1376111479
35137891
1478100498
410605356
821031147
340857343
1289119672
982160175
864471932
488887149
1072176585
604303895
1329545178
1559905968
69690662
652180380
655159039
994981065
2048262005
1166599489
545732950
2097321088
786971500
1609463121
2022869996
1926123943
1779352802
992275579
1489957879
761371307
1569865167
49051667
1982659367
1896789682
112303405
845720855
204065990
853501047
693393606
1132824948
391356669
1562361871
838947903
446856957
81228012
1904718219
791386604
1581024584
603517961
1531699841
2076564266
1215312904
24503213
1669283214
573421612
38593935
1945470745
1045295859
1872744592
1058136174
63277062
263915599
629513027
395217479
2135232339
313093622
789448604
335454741
2021599256
1025088954
1050797142
1692107200
395668782
1352974469
937758966
20670815
549190869
1046371769
1343583562
997707863
1135064206
560304115
1471726136
1525924024
1164949079
1401865404
766114187
1811626090
1426273287
1135542643
1823981148
1020564583
1567917089
1026667221
2049207678
1765606040
1887075767
1019347502
880344354
1672018785
1856576678
1039185044
524002921
499238271
1644326524
568299496
154883055
1203306052
312526222
1729841762
1346427680
405482978
878392937
1726808067
236387486
745168907
660953968
747385111
670706570
1395246848
621502737
1052395583
1788944009
2040751550
1422613053
1550887283
305080357
2104541652
757914792
963266262
1451316821
1399823958
785900751
930201683
1365728094
