2400
634604262
1280498477
1573630749
2097918770
1031906694
1230764976
945665538
1589471303
1550765920
1821882616
436975994
1299681224
1450193876
290659075
54848172
1150460733
896771157
866267330
1461529262
749902754
1629262873
740520982
408660779
1358191255
209082783
2092135811
2078741990
2127026505
1683257552
1892798911
1001929165
1581785715
1394210236
194538703
1906065966
436342918
750825043
944109158
19887226
2050676756
941210879
1903998761
1016690364
686249530
1348461372
376873847
2008292748
1755654619
1146419811
1821358247
694534883
572953568
641953777
1453826305
186131390
1218584414
1918682685
452698182
1515505233
922161459
1192107892
590989096
2024794390
1280811297
1694748530
2041475149
575338603
946469316
1253373573
1636631621
1398246560
334561503
24126225
1198851530
958656746
338552672
402783279
1786013271
861548813
1548452282
1362031627
82321785
1983557617
692349013
978911664
1740382755
1320895863
1372905314
818570154
1772842634
1569973544
1428785136
1379822165
1061264412
1449249921
2015090475
1868646745
1199475669
1814706422
971855660
1428157235
337473324
346400198
915582766
599849592
1939870500
802984779
1572828083
1893694503
106919373
1774113871
990101229
461443685
1862443328
1467901105
1684836499
127913654
2044514677
1654048642
37222107
1755396915
634642019
126479804
1129184703
1481860713
1284502186
1182507848
2001692815
841544834
1054180790
1609860806
1881878676
143473048
84582691
406161138
978046685
206134346
319319329
1067772112
730680122
1678999547
561644534
654169674
1045239191
1015084733
103386772
1913353341
654615854
1186233271
1337764058
1809351012
268427682
1849783768
411110959
324827897
1742754547
1155350843
1997180164
265243734
884873590
2090304002
713245652
401376551
1725410883
1198685867
464462981
395253538
853634020
357859810
180601362
53386395
220585441
1869300943
1163223831
1357325906
1942477218
440033735
112877318
2060751447
1335320091
900582954
811975354
1051355652
1342848017
1151950003
1457142722
43075588
1208584038
1538148246
855002450
1601357539
912575984
810533681
1585105997
1291646792
1306269768
1632606152
1573692276
1271291355
2110894760
291226692
1477631980
773552577
768916515
1418078192
32638236
1209979736
324370329
2058302741
642099501
1543803232
1106547530
1866246945
1666799919
122853499
1409139274
949311689
574735724
1244540978
1237302097
402319030
18298300
2044736038
59869712
1685760219
1609713010
198754333
58119934
2043574775
2074863603
647725528
1886646104
1982241921
8500455
1243442049
650286587
133539419
1105165401
691866754
1966644007
922186137
1269768908
2048812238
22101304
1640765348
1286587950
324223948
678056028
463467404
1752508714
534326867
367406833
729394106
1389389860
202755360
721646137
686244948
763557157
169534162
1046180410
266549789
2084363272
731564622
639143367
669688809
570904321
337018141
1897216850
1079860518
1046248122
770580755
674554056
241252432
1733141059
421339067
1785164750
1721841915
691569663
982172488
854123073
526505431
1672283466
1727552984
443367982
495141773
239347468
481687321
1762314817
1764411059
659112409
459702940
1473417790
619449779
154569223
1765580424
1848187480
1684771710
589683859
2033768792
2014289027
630393240
326554226
772964380
665789559
428919440
1795890569
1637086464
227962671
2029736952
1788488891
1750306289
809210965
1351731421
1522341830
1037171125
745698641
171080616
846451794
489107175
1839789720
1874886940
386183495
1183244931
903479062
64047508
1530338303
302351744
1514684659
1310409785
51030916
874957670
1261554082
532580514
1949005275
1088338063
835541578
1570801985
1652861675
97400924
688031646
221498898
863140470
1151613713
1382916765
841266619
20201171
715939087
1247832183
25444612
459272719
448009202
1118862102
153740426
1480059389
2056218046
1430561017
673538840
1172560896
900081250
1819397589
389656427
1236150828
169000630
1884877505
1182390147
2122741437
2113632705
1033279097
2134963685
724205657
116350044
1119171842
132000827
1937131335
2100265356
2129881396
2020451732
2004646035
1760428783
2114902970
108503250
1713906305
262890795
1373961201
1192133216
541635010
1677430608
1943699448
1162145586
1678324818
437995645
1696247099
1291120176
401860250
668941875
1440704562
1878070134
801310551
1587909358
286461154
366522682
1281356822
437449778
1656557500
1424495505
596741477
780417191
751461440
1681768852
1794826996
1446872746
1591914296
774752285
1965762554
1417675238
186334526
1666976658
1721757427
1640956527
1517864016
1836491523
1673178854
885904020
827386628
1116289447
1472892576
524219585
1690081755
1610774855
2020309455
1053684458
2003571233
514096265
1872460849
762098509
1833815989
515459397
570910462
1831688076
1654206444
1040470745
1445969008
2141299509
871228132
1594491855
338093085
820570397
710484791
1130778974
1825154967
448102965
1194440169
1493914561
1920136678
1135791102
2027664257
476113644
206303442
64269832
849680323
392062539
1886994489
2117708054
386669035
265763050
2022092485
224947328
484461834
626242162
781323780
1859253598
1422886993
1894695498
1624662743
1319187367
906991423
802275683
1012423026
218184153
502641130
453461150
1721041331
841150904
2003614995
1300100798
1228133264
107699111
1281053399
2067036931
1105001244
676549797
1412076152
1118263239
729083092
1101128768
1740552331
196732793
1025393128
701109037
475168772
896750653
109239484
1398098191
600197507
1174968687
1610962024
1449341820
1913916447
1724681723
2023467455
1114125154
213454190
801044158
1110721382
494097450
1376150010
613654713
1487286743
392481055
1936274707
1193968460
508410771
2073949221
1323030959
1234299550
748040631
1406399462
1221632566
868985192
1574046706
2060302902
1091010781
1068389305
551701803
234269121
970944449
1062961429
1984835398
1087290690
1255449045
417601127
1770788749
224474308
2080143877
1003722938
274518830
420138142
829443222
1937475326
356129552
1694006061
1522001472
452443309
284778590
99071817
728030650
2114247681
2061754565
651249387
925870806
467779533
1034224325
105354461
1694992193
261420567
177207680
1852935889
1235621656
319767163
1407037826
1537936529
458741853
1757685761
1772356772
502512966
365583300
1903262654
208090809
1031118394
1305560325
1374617249
1665579266
1250687216
573772460
1325334654
585512876
97773926
665759407
1798899982
1431563408
1961847943
596297352
1564969912
441269439
79951395
1629481891
584163452
1650629619
1243451173
1810791297
1183434400
379304287
1170177095
2029080540
1710927819
1365046122
1225485305
251541178
499847387
1148130421
881339408
1193620372
1095859439
589977156
1236330940
1260357194
611403659
1726328732
764802465
150961339
1155100404
116090580
33035245
1752304032
1239322203
1146351535
648499575
654517844
541644766
1967656567
1158570503
1576401271
1770985189
1246446794
1005815758
358729794
202881820
1531938256
1503133616
761573136
1815669073
1634939444
243202426
1331503141
869308120
1567251641
1665471598
104541518
275622688
162813501
1140488
236623824
1982016220
1524531656
2085161992
1618389076
1061054669
1999991263
2035169672
2070466334
1866023274
2053458766
993255043
1602423970
1902206029
145388056
107923947
1089937967
1640855237
676560408
28137457
1843103940
1230616091
259356267
924756258
1954493193
864289139
248731234
278028415
568136695
656499846
35248540
1308223658
23097418
1359313315
816877493
2113160244
474674764
433380413
1367423381
1814913475
1345166869
1851499126
1865837672
1232731089
822432156
870375399
965902145
96009712
212622666
940585020
1671413310
1805874108
1248962641
1714571366
94037762
181665463
180794456
697143799
345566600
1550767257
404055584
652725407
1627981827
1391674829
1794020914
1564588239
810812076
769641294
954361916
1208338862
1828314283
1978768691
1047751581
1258479568
330214444
1994969286
833979442
44829377
1930939029
1608122077
206150136
154555461
116017221
1798730268
545722745
1531810151
776710699
198434045
918817810
1161379212
947252320
475830314
1020096571
594173104
1103089555
1924229494
1656732075
1200317756
508193968
15061171
1435603407
2102080114
380965216
1503649552
549531563
2017197762
106456193
2110035150
498434223
1715430981
2041172426
1299826663
948181024
2014867535
1049116337
1319539246
921495684
1809621517
1867712030
926631698
394052213
52238680
1556888806
1235874403
199728685
1354804680
1508326987
370695882
46901962
1890065437
1338277824
452240202
707667786
89470845
658222566
196426320
1294140029
1173234841
7671722
883793641
1815102231
2031459165
1613968277
117470273
1897805875
1865494870
1838015304
1339568931
1678078362
1758899133
301949151
2049925173
277577637
1413044829
1220864298
2056342100
392133661
1854961924
699630204
677138664
2032622000
479173244
1052905067
1345237615
1026489568
925506025
2057939035
927392259
1867127816
402298411
840779682
398485077
1299834782
1657238331
1211739541
1370898195
520583682
1606247493
1374591100
628347938
1407455435
874053468
1262633063
1191013235
876612561
1696093657
342891364
2069440233
359249470
1395496868
1275324923
874613531
975492728
1099677069
1043466894
1175096621
969672369
138820379
147723951
1663183290
44881061
1029486808
1046529699
1907720673
1227860560
1932252879
1107172919
753107805
1987870189
551286443
1218240534
872813648
1852656187
1669795380
1674595073
1245367297
1304383186
82739411
887430601
125054827
244586640
381289140
1719853827
547125286
1383289177
2002289270
1309836888
879944347
1713264838
1069292510
491466534
921469968
1822860359
1732907359
1466328817
620865829
2086135676
1568132960
1285325679
519093267
1495729110
1856894320
833248371
1595912870
1568063968
69888308
4277988
1071973628
186863898
750415973
677534292
580987659
736464729
1581634366
969276446
246522749
1497307720
105121372
261141428
1189511617
960505669
1230265710
800475150
1615037532
915940129
1079133516
2056004215
351646462
2005015277
324961841
1982593933
579241140
1480453113
158764475
1952960387
2054524555
854015065
2102575520
154147381
1753332076
1201355394
644143556
1114463054
302710976
620635828
1190085216
1366155951
1444263948
38904238
374244917
1495852288
496523755
292341371
682475752
1538774843
400350672
1745291590
595532190
1283920672
786339452
1021763841
1076970505
467584106
867014683
1453667949
1958415503
595925908
1526769362
785816890
330688645
861588185
507423934
1972065134
1407226420
401787550
1969797081
1312230044
1895999851
1413899634
577601853
1345419119
2118803268
1791396940
1854896698
169912894
207431556
2032890560
1185309562
12463843
1937011491
360936350
321219284
1585968593
1677685355
1243757673
2096026010
1259209587
1449320234
1093747355
136190669
632154328
210751288
667057930
168935822
682427340
373984892
191263366
1931082
1187153742
723157322
1952870994
812509609
1715620796
855379617
1105476534
1187451272
1916364457
17666680
1413468451
1256589425
317557769
294672279
1564777915
1584359184
1011889536
246848046
1019142576
611527689
571904798
1977062063
591030006
212806006
105333572
1891796628
1271626992
2027486066
1076810688
1426711537
2028158244
1381533265
1187776766
1027564367
2135955287
721157394
2061823653
1446654336
229352800
1800302412
1645588527
1151345307
93767717
1566171082
2102016251
1963649923
658836335
314434202
1647549483
994206881
2130203141
958644969
1080706426
1529140242
1999489637
1748578833
913637
1878409176
693971630
1350204732
819227546
619694042
38483104
1916095473
228072362
1409812591
235963060
676128264
1771524216
1712162025
1125489531
1516831335
1907710663
961288510
1785023999
374873298
1160670639
1645638741
1322669849
546198588
105858539
1252825812
732777454
1070190878
618764929
236482741
1719127928
537244559
1226724735
1673088004
1996623431
621054506
1863750480
257396453
2070381336
1692094284
1873046374
196692478
1432355483
1191571471
1695842566
198239762
1359613935
1823365696
249125514
2025772897
1016297736
317657742
280592988
1090475820
54606544
268063545
654929621
524101071
1299688793
1613672881
715272912
1969378688
1518598137
1883393362
73790826
1923095661
1074253338
1842185568
2034447075
2034675387
1980265088
1738422183
80200854
459677908
365036770
1801225777
1232384213
189878754
1954551059
371860924
1931723700
121364053
1255964437
973419566
1089466133
357308702
1675989157
1238865597
1227977515
1469714123
1590457435
842784750
1799278095
1437896666
1625089579
488685125
1203991740
1399145010
748630013
1519645224
27087563
713866258
1847946561
1226689562
1985090317
537896483
732239909
473314169
239939502
1374545346
748543171
1199322090
976734772
649907969
1357821556
561583294
735792140
350052154
1012552388
14153157
1444925168
703037173
1780203295
723187445
1087851669
1893944449
793533477
1677125046
1109825396
805924403
1778129470
1218343763
947722952
1961061438
368901448
1650848701
1831625499
130356040
1065544249
4760309
1490054594
632807085
1322826125
1861776431
400147000
1242655451
1871418653
323053406
1990873426
1594748601
1619893068
984180641
433462818
1592246104
1240517617
710259156
1748545150
1157945594
1207647263
207536791
28328409
687043008
846566141
1474022449
913298243
2064553023
1110756591
806270352
536404186
482591018
369117475
2067374076
770571121
1955764685
991239509
432469374
772743147
671060638
1151840604
848101162
265344784
1406315697
686072920
2031485771
1629429058
1830500629
152172710
653650876
1123881924
1804706335
1032947775
425096201
1506965484
2014330395
1973796911
537059269
106423375
402401637
1979295204
190593238
20109349
815212775
861013
1790907782
1148356750
1129550881
801544722
889448179
54425466
1852000101
596295986
1088606018
1227347284
182099511
240896012
52690943
934193185
870348088
1654703023
2091229101
967556255
411317525
391537234
442513746
1768971774
871556121
545908751
95596869
1334629875
1709457598
253719234
56542373
223262109
1731781596
1795458712
62852769
1999103295
1021471492
1041228321
1860147136
407862524
357477056
1827642025
54651620
302867549
1789847647
1722187884
1312142515
1178712851
1452547327
1647954680
1489955044
1037633905
964247309
1431309519
480407922
1090402290
854889716
94531794
798122944
536563779
1701383996
306265470
1444069403
953812240
573614819
281846108
1332721361
1458897401
1633213289
1575143315
935229209
516621446
1378483608
119813173
1195476287
1367653401
1607651473
1078945758
120166572
1354658284
934345093
605342859
1203503755
1816558071
886017327
342092221
1007131529
681667102
240427480
1695735937
460405361
1447369622
1152838187
383856634
159429214
2124116620
196368171
1207353706
1215781024
1560145504
1428341392
572537968
1666782149
1325072932
718512342
1982440360
137425181
1616262363
870562749
1591228454
997868293
1414793512
334492659
891594419
1639401404
1325575780
1221069959
1383496480
1415468739
105937023
1163426763
348249418
1399232627
736174033
1185171106
1401459872
618480279
229821013
1103618534
1944016171
403464106
1019468540
1344150926
213406484
1776033126
1577749058
683677173
332668711
876061164
590300850
79245015
1457114019
576613071
1167776948
1030231388
322394013
405484357
1065969409
178637344
1384866652
1383686759
1676871468
7058472
1215900986
1123156165
1597728074
1238481364
1239930244
162084811
397998214
559768659
349039244
1930778360
1447368619
750455130
46808387
1225286329
338022574
739900858
1743453460
292891284
1153599907
1535430459
1243880570
99149611
1857317027
1991149250
1293286697
583164116
1759740921
97383293
551904297
625974614
360831611
1950350293
2047194759
739972782
2111116259
1875507369
318143693
1825667364
1054869852
829757241
2014654440
390654310
1209865376
387695452
1623477624
89314057
43657682
1591875994
541635405
1126252142
266843676
1676829158
1138640055
1277734742
1835747633
1844875647
1118098865
210209585
1774650632
2062013771
925261828
1327236775
2133251648
1693262862
1901559612
1016175916
1315206149
1679939713
1259549800
1875840471
605235398
775771107
137556779
1749934660
564421162
1546954862
780400005
1258585440
1509296490
1208961657
687527943
1856745582
1773904886
1128778752
883326552
541645405
1364408928
1479646907
84098901
1627753845
381094619
1056759023
1081039100
377339354
2069692130
1225858543
1822535056
1120761745
1526001024
1134055006
505661092
1506221283
353805054
875729832
1022370439
752561362
890286110
1491875265
1937098706
794464492
1613300748
2125369737
1684152701
14447562
1807764317
260379391
246555574
1001430861
1508448391
741291809
1454094315
2036818679
1545852166
983078772
2105569545
1469579683
1628469328
217053836
1752860511
53389501
453445850
590770037
1941249458
1890250112
1520952328
188706684
729861152
1809306638
160747219
154863780
716535347
296115394
111398257
2097352693
55731587
317954989
503104578
1719950191
32354012
1327715709
1421008812
2109539433
1267981795
1771579029
1082836030
149467642
1222175345
1966223692
700352222
1972628231
133919571
756896742
1034972611
930050218
991642483
1918363346
647854112
299671622
916725307
1769669345
1837149752
927718938
1462620945
476925998
544750050
329647824
2100468372
1875467031
1360873287
622455518
1478277578
199259056
459254746
2026295104
156004223
224596875
110516255
920451475
987178828
1775750161
932548206
602751107
484505361
1881783374
331080881
457221970
1469145636
767004650
570887012
1211170716
1589929622
1147929796
677469828
1251709756
934858862
1720252936
947469757
2091308876
672978563
955122975
412298261
1043605008
1895431895
1287885128
837269835
2088141085
656493157
898860334
1866346726
575101818
1842915767
2029547757
999625566
938634273
1336588494
824984819
432625024
928090267
744080385
1004507106
458058227
2066843186
840373126
853689548
1294012411
924394771
457146440
877070742
123399344
246088293
1895714743
734661916
1689578250
838570628
1582782465
1600415072
78406641
1448354519
775515379
1964308054
468127452
2029773990
1650070442
515858
1001240930
331349823
1740340939
1600483601
577620100
1226025315
1222497024
1496428019
1414692840
264326466
1555870558
1606766062
740758152
205893871
1423578339
1485393421
164789033
269363580
867654662
113116698
1021189156
619894067
540917601
1832306475
1184376877
493215151
968291702
236126766
277008920
1475396207
51849118
1738405270
954287421
1052289653
863579904
1771955086
542336473
165855019
885922174
1585172773
1888573802
1842449954
1491137504
1741474682
1702352504
609514447
1341120641
904246854
917912869
704777588
859533767
239248153
428832701
387363616
17649486
78294461
1866375662
760216279
920068532
2132370427
1437629073
173949394
1227540297
882291592
1969396364
1755660117
275566559
1397120964
274298241
1982111422
1547845972
1511522444
54403737
193044941
1054516116
1990232134
450161576
1934281448
1146574107
1606832592
1428006604
2075037541
833693467
839431979
1586419075
989729168
295518655
1112289274
1492946290
1098179398
1158828046
808711856
987506877
1759432674
3077377
959592491
1521859991
215264991
325224243
1771555032
62152612
879312220
467211437
1225548686
1030104931
406782334
894152744
66613153
1105003141
1981821799
175506600
1535725426
1921076312
1297199264
680669678
1377383876
1963404816
1828320682
1163653309
434341172
2132264659
806690900
909901471
1074705791
945757263
1485765092
710726402
1714733711
2144326272
893127181
1351195451
414392739
1242410112
478851081
1826127306
1881882860
1007670317
1206208009
21047317
817663175
371976944
1105087031
257991048
27328081
2027610585
1667207734
550201487
603271630
94935333
1245021302
779015798
1066730628
1541360160
1164925659
782420844
1897249715
1906292128
1781361898
78422907
1007071696
1329012075
1570144826
1133801996
1623297419
1000604701
1590504487
827164337
1429405724
1985656086
1037969611
911423824
1143278255
729453908
851496122
1761279446
2125712824
1690647341
1906472235
719110440
934665823
1388859186
1742078739
1506970910
822158650
1724593047
1054891013
1697674384
915751970
1462858983
423294495
720750609
1540654350
1294140031
1988454466
1473810882
1796493217
594226822
1258227357
539777462
1475225570
1268741642
406946544
113586692
1222259846
532615533
995465157
169347982
1958497468
463228153
777697996
1996050875
489459364
847292463
706401927
1266339541
1583644199
849133352
1711476063
59365443
1641654826
1760885258
723157618
1544471406
950983523
2107377111
145763760
275685525
1061473009
1227625486
932754588
1366311100
1800626134
831513436
452283762
866484299
1242854763
1833734070
1402775717
379182307
1009330766
1637690089
90104853
220680277
688043463
684792873
998081603
443708820
1941423803
729696518
1271953263
640611502
1867475159
406324584
774971189
1575827263
1756001324
1788595096
2011456302
1347577012
408191650
463781055
148687698
1782293978
1856335535
39250148
2060296559
485339740
817649797
1559453731
136846472
1469162487
1157445064
1879443781
1799066166
627053394
1507452645
566117222
600944930
754678693
1104139686
1965247898
599770016
2090526696
1940069139
1238726396
419821946
29746706
369110571
1244469170
1714797103
1115866092
1506613756
2057851013
1475870629
1761088382
647183291
1790481193
1219278910
1906472501
1082820835
404812503
691810418
1331671787
401563195
724974679
1347651142
531632258
1567348011
1265751535
2137334367
347011903
1199415928
1760061567
1055275812
157544473
685866071
2018856661
157441625
1210888663
271386822
1150013059
924713896
1646380247
618681313
557783001
975251226
292959042
1448594935
2016546324
2091051692
2146671130
891802025
1526716400
435110301
1842576348
2005578404
2026780653
872391038
475455046
900354968
274377726
1444920581
178073137
1521370142
871585321
655836910
39545633
462907277
1980542287
594655971
624204926
2098340593
1514468363
849162401
580160784
227021721
801536660
666449523
2030948330
2027572409
1192863144
554611240
626789387
2135760384
1184350133
1061801208
1682673893
558785135
902795390
1471079635
870789849
2111788359
827112851
312706674
191721162
1904931249
357757648
1510240330
1353570163
2012338131
1329451566
283221114
1687144549
706001892
1784065119
1213813388
933454636
1873173558
1443954919
57361134
851301154
432930553
1354679870
498902956
1589762607
568555794
1391294983
258371543
433431601
785235059
1287453132
302412139
1332143073
1338830214
2141266650
426550134
327038806
194576989
1008679492
610099264
822268684
1994254443
1278746097
536981487
766474142
2101228242
1481653225
1925093985
2107223305
1680167105
495342379
1095532984
457983820
1322404805
1502215128
587695192
2023109288
790892003
1629681446
1083303747
1062111175
382742512
1807370306
1107396736
544139275
1221414735
928388080
2146523466
2063933848
987360578
1167673584
485482465
1939676180
1797837903
326635648
48480908
669256754
106694321
1383204463
975132962
23458006
1444361345
1396914489
771508209
1164334701
1351793282
2132603494
888676690
1593140134
1706567624
1838630702
409669756
58863090
1316047864
1521250280
1645316935
961238313
787664335
2033117423
1673661731
1915676659
1290488208
1531665111
1070061688
1551536274
1855977133
1808222721
779862373
1048381559
807392921
936218659
1473511432
683267234
936798871
305765207
1438911158
96488080
870773291
1718777451
1449490346
231136068
1842950542
1644599886
1526917206
1733011672
172015512
1901692101
993917608
1159422272
908581932
1691621903
1638482953
490693750
338087509
1898499045
693064423
594816723
791726801
509381320
1505737133
82382406
289366472
509967735
2036015197
2049580742
1478850015
1833992570
196566803
523603454
1123203522
167670740
1410637965
551364533
913356442
128598169
1509723180
833956403
526539318
763935567
944011240
1609654994
1699679583
1391673212
751543082
1353814321
1354912418
598612100
1903065224
341710002
1544088463
2029761197
482859131
987095033
1570015083
2035126814
595159762
89044260
1464793589
964957153
282327613
250129042
1984297124
667809475
802739511
68548305
1916297700
425241089
598554897
68682909
78514853
1763862329
1488503839
250793858
459478221
794759428
1170730941
1834453115
972017110
906026199
648778365
1327988880
850793531
1880474098
804154059
1884315544
2000504465
1590342230
895070441
1793236464
1011202437
2013633230
1528934742
2019773124
234665412
1336355654
733179543
1132074731
886701738
1973774086
1379683369
238856685
1943003193
810548435
1143259245
1484275176
882296167
1932486436
1373048479
1551533073
654137002
806343872
1766525371
670748811
742793155
1625872558
1257233910
1239715624
532397639
1853022799
195879840
82050898
700749796
1616608809
2094168436
834025611
1256134734
287923627
1962141172
2069722673
806320120
1895901083
2059616950
1652206688
711461355
932974663
2099801594
2083349481
1333072508
1054947781
300680494
737861191
1484072076
481483920
644835181
660439687
1248266651
1939879670
604684006
1690144992
1226190324
1464682025
1137316903
783556465
862885934
176244271
727869367
1872322036
1199662972
1240267261
1868026972
1753162425
281204968
1205451713
1013823898
1775812100
1261098776
1913804201
882503079
1261508541
838930123
343318836
2043934862
1248858492
1631424160
1741353045
1933137075
709899503
75951236
494157061
253737716
1522902799
116847697
2113020432
516846494
758604877
1391385969
956799713
1723314526
294372667
1902381600
329485367
539685596
405359205
2083409089
817501121
1872326129
2016194857
1593882259
1197449480
1017479412
540364589
1322642904
831968623
1733701021
1665709949
800656362
1549937725
132618959
577676760
1425277925
1120561902
1020370709
1724265406
533500075
1118493188
79516441
922047548
2098768630
1127498919
1078111022
234068080
571705255
1379385516
963058366
944847780
754720357
241844152
1962294541
3897249
1982216125
1777460903
468551873
2006917333
1783038586
162410133
2035550626
1525320298
921056120
1120652345
1526145717
1980740363
1711057610
2035638518
430266474
679983272
1038721615
1737618021
