1800
1032897314
514737971
1155695515
699660940
253278463
1405640535
1791805727
1201303421
1616724199
285613252
1408515764
1117892169
820676387
1559373131
888391309
651950739
1954979738
564701196
725306100
1389268659
1015392389
1102048028
1465632030
283028579
2618660
1279139351
536201796
884503923
1211842379
105740319
1276355474
1193314999
1884807687
1761581746
1406659212
1203860884
1110645663
1693531876
1518973179
228972463
1704941614
759114004
1025977808
1412457311
2046002085
69035320
2093479018
193108827
733111356
2114046785
204976692
274947035
996867089
1870842775
743601471
14035512
820704373
1026261722
181107201
2008305016
1610354504
195434033
1126662787
314093141
1912971701
1505581055
835957723
1133477820
1510675990
1557574653
1029831734
228241103
1856009862
195388094
1377042938
2000427844
1603141460
435676906
1207802218
513185750
1526446130
1134612825
1277674276
248951302
2015238107
597413029
691876404
607404710
1669115209
2008019442
1953061465
33408650
1393283777
401630555
791873089
1461616125
1987209032
345782644
1597732424
1789941003
1777635704
1543412845
1894450625
726308074
681347405
2098220017
1916033578
1088314041
341469949
314265838
1320622247
1779554405
1760825506
516031641
917185795
992697738
1354626298
443178059
1042114395
633153109
1479941404
1177451977
170334787
90371346
666503920
1221827485
233349626
1191342491
951105523
2036865248
1764813137
488591834
765564583
1053423282
1859799332
351554076
181509466
1115064012
822474157
1159841092
1193236471
1266968828
763295088
937649449
183960283
1908985586
1420664590
534596215
1968680116
2018052241
698654627
1471292727
1694654632
20535360
569411875
565382384
235690215
1961496323
938666119
370811255
304953599
1612968132
1387389967
727773669
1682067222
1033167038
975528237
1164160665
1973411806
286119287
1193980801
1025646491
99186526
1920144738
1516753582
1544513072
1816806349
559921842
1703352373
1392608507
1392932863
2040365005
1985250857
1173466958
612283772
598856612
996513258
450781806
1390312931
601961950
1712622886
1396721028
835628861
1965677291
498621793
1419956657
1269105596
752261306
1814169917
638698050
1906941427
912988691
596153116
1294748995
1093376565
248142894
975991703
516891543
1966975152
9990602
2015074202
73808153
521384028
1123586044
396289608
1746359502
1159362642
2129158667
553275330
789998010
1929534212
647603749
1447584543
1653913140
1930821629
894112177
1952083100
1692118316
995499452
1564572813
1638276112
1363453336
250823903
1554142920
476689166
1792955106
1860088249
688939937
1431288638
1186006412
843785869
1561050773
603669621
733131513
35049052
1362503486
654682820
1939588554
2016880246
247240093
689366480
216905352
1314910542
1330058813
283204943
396127079
1430138955
166719253
1911179461
1928028311
1606428202
467864245
136811807
1949276262
1677943224
1852222873
1083986682
1665619031
1302449904
321810898
758951135
1119392796
1530319530
720997139
1652712894
1451712181
1662348177
161305507
1094377257
1307890318
21519672
1841111123
389523260
1769471359
2064998898
1234197488
1303023387
1868660047
308045139
87551275
202787089
1052436417
357287498
1380180253
1255968615
1360198407
755147135
455762124
1217581455
17274294
1205478187
1351675057
828795736
1954445123
2049892844
1365827958
133784263
379439225
1386430666
1778402196
54570541
515205911
1693702482
1766315102
487391997
912921196
949415394
313486752
2030512972
1788027930
1451222065
1041868350
470344842
794582846
1669318453
1183301095
534464012
1633439126
182178152
2067714635
662941259
1383103312
1993539400
507992725
1416116743
441481099
854305208
373812148
1555350161
266902643
369239915
1490830580
663315249
28155775
942766135
900310002
2073790544
2017061304
47117956
294740300
1494385975
128300992
382865931
1283642421
126399077
1898644176
404820445
2072870736
892998698
398864366
1650187914
1408533627
1015646213
262441219
1172165792
455369070
1092975638
1498512557
701472503
713815007
1446325339
649307827
1380063380
360302036
1125607744
1493868518
258684645
1111400758
1146873467
1010734867
1161690360
1324772630
1388318719
1559408791
146174982
1702383937
169372121
871050933
38973330
823075658
1043297507
1115185763
1532089884
2075859278
599989822
548889391
896676959
266192807
803845219
1738116866
185030383
1448174732
1883727619
1304679238
1465986328
1208767583
580733854
1064746124
228405916
764542475
979037261
785403639
773497347
1301407515
1325096658
1389930108
954904373
389421014
504816093
149577493
1303759193
63031313
1613890406
220710230
2142168334
1581339337
661868449
1137561080
1045286747
1462530826
1535673953
1448466097
833193659
1157351291
639916518
1953967747
191602253
835886832
1201517837
439969163
326477905
1501433058
1398376752
1365796192
561096507
36324710
1070081184
2111525330
1118210243
625951138
98505077
1629433861
2106173515
762686421
1075346124
590764158
2057722069
546640746
1361124254
1396550953
1419015903
1709992427
377337069
2078841775
1859584842
1901446856
194055218
350544986
1973142892
2100720478
93024537
1264003808
242545959
525090747
1491913730
1354845830
1279651136
1807294033
1164063967
415468153
649848266
80611613
1961365503
726228430
130790830
1698049120
792311344
1909668872
2009964092
1698913527
448241982
732824870
183507958
1933365858
860996
2114536992
1893384689
833694887
100574418
1643987176
1769610108
770490340
1055484550
61979865
1745720948
601172097
698213423
2062982814
1471182245
1267410936
1935508024
515852510
1119275856
2018756625
1491408014
303154257
274168458
1600768110
2022486197
169521207
574374521
813191610
1067851659
842463746
1437650880
1084224132
1499649182
2078563911
1246353332
1678173000
631925529
363442275
1375549822
823497378
1114287308
891808581
348399888
1268808097
436871322
1436879207
1006657904
2103457851
902176795
92382402
1744658096
1278802133
1122334250
1512726467
1141284885
1844583811
1304986969
590746923
1135342288
1813984220
771749333
2055327738
1844233134
35336330
2058546111
1480297525
421755332
974583005
515753430
1592573721
480893091
224139733
1209164505
615884477
1129278021
1325729079
1979904107
1409966940
869986735
1871398215
1447051639
392353439
317711556
850212231
1886694390
1617841259
1406201687
1078716981
1417965410
1014754040
60324923
201483605
396141324
216591080
1419790443
1716982397
1750707263
595957769
1307639107
629705521
1651391598
1879185573
1152569903
857121635
240375735
479461150
733493039
1850260783
565043913
757440623
1331398513
991061387
556284324
1837119096
1107870463
1071069234
1958366502
939640384
267145569
1135545425
1398262277
1603260892
1180683221
1374382164
590857872
1285017406
1976422244
1052720755
133920998
638478799
317052749
1678373023
1478325768
746490281
2115575580
1818664325
389183138
1046029406
2121895163
1170256838
1520740083
1373033707
657695689
1540280011
716340136
165428306
1828486696
99932932
26874069
1752312186
585944932
590250514
2130317349
42109348
744615677
834854686
1032920868
2108367089
1805511073
1201830559
1973736708
169281970
1392483591
728797049
913914258
2003828235
13359248
1834522250
90295009
1964533442
1939900571
1106320182
420809706
50279585
801826867
143447914
873175693
293503057
467254150
1367021625
1356058144
1272312331
1826919065
1742236092
1734532385
166851281
824250986
1437633419
176983076
1800446989
1635731521
273853698
2028626854
636854252
1629881184
1977151850
2090561112
561873379
1942501289
67386436
426082147
125974169
2045536083
866993487
283181248
127996986
744428874
724301126
813189536
647215780
506019941
87427492
757300283
216841268
2122572810
953549087
82439152
1797852496
1784775579
1111183344
1985088714
770129118
390511743
54844403
436791291
1714779267
1061871564
1841742066
187308901
1996964196
2017039783
1756126465
1320247121
1241785281
99518009
70755471
1388221644
50325327
1109658812
2025766621
1786076144
1653457808
1645081010
375974320
459354614
1161774124
876162245
999007907
1701255124
1849686322
1732882310
443100782
1718468604
287240029
72300350
238103927
1459963116
1471606702
92940113
2051328027
1568106431
1850116290
1419340685
769582800
415847895
1894309531
19554934
157403881
223868653
1790984753
727961391
699066834
1222100125
1883476718
1801770107
686690893
597763805
994010612
1901131286
330881114
2035440555
272365257
797057870
64964875
183493852
437837708
446286272
1781721017
2026667490
1372559708
1766452955
1795485916
1654758109
1970127875
1070551668
1351935999
1080126948
41432827
1496684821
2041342573
1852536427
487053587
178159115
1372146878
871143049
1175535879
1793396241
1263992267
978563507
1080565154
2065033453
60306524
14930647
86992408
1649773570
721543699
1334631101
763843056
703440164
65564858
139703786
1080695248
1683647412
1149257060
1991449461
1623752534
1280377757
1750240848
1618858727
1763122468
785901367
6772039
602636908
379420663
1571445315
1485167949
446235957
2146960889
1967121270
1393313334
1231374818
794658660
1945161320
738162860
422819951
1515833123
1976612618
1729387360
1824333969
1439541882
1660426920
59985553
1673015296
237386069
2081813221
739700748
2076340476
2027644601
1933727732
2001152049
59953118
627548506
623585839
1909554635
2099161573
1225337616
282314045
285192733
393896836
1505638863
1514191318
1483580827
1499367012
168615810
1988661221
1820296097
1767532390
944224841
367169845
2119776106
417158508
689990969
2053938009
1966614410
1935626099
779673510
679541158
1949317810
319963722
679757435
1066748089
1517102008
1621413793
543748960
1354456772
523826633
733977628
280227426
838680514
1915289831
906372298
1225741522
468522566
1391588890
1518607967
936149486
1357002333
1669616443
1871731470
1156775812
595339214
171055106
1498298550
1336229447
1814345733
280936900
2132186934
1204557116
1533678886
1213894555
1982944931
1259997812
422178570
1504317166
946363841
496460761
1185325727
1260056465
622667822
1258815051
1136618293
1860640756
1470749689
932966124
94674403
1430729175
234285288
1669065398
1602284265
242550175
1850617439
635598614
1404086209
2067775338
1939122506
697491956
1581261406
571605836
590588533
2107572731
663353968
2037086430
1880790323
445431575
804160541
1475254267
1382163785
1292657249
1270690336
1027849513
591019292
210808508
814287005
1848804720
954940451
1564065901
1665209865
1769108192
248765766
2040772129
142997165
164878551
2037161142
575283448
1859477088
1031933899
2121901689
357645351
608480055
289403480
1706314871
1520823863
128155270
1772068982
1985283334
1032163451
117399807
592874720
436662564
2107539318
597781304
1995362506
1173219876
1998222283
1572796672
1664534386
378017979
973316416
1479959429
217052076
2069107304
1184211031
1456521929
1901996832
591692012
1697324341
799127797
2088241976
321539886
1436111113
1648247702
177845458
1801347108
1525301710
1168348845
414896316
1645464908
1971767929
533135035
1699273747
1541123218
1862363907
2145897037
115784805
1409506911
802349473
1591492004
91397121
1922458719
813271519
1454541716
1288900076
1038925724
881624395
891213944
1613527681
1238292062
1601416240
1112491064
121623507
509076135
395658470
1340013741
1188270330
1289742553
367691068
29448162
1344795559
1230386471
1829493098
1159591530
848794479
580215458
1139144025
255257868
2107978348
475654375
1969794166
1217525687
685234536
2040804016
1067487763
918401893
31865862
1987001294
701260079
1227612333
282223965
63223803
1243557317
1673112945
1421257663
1364705293
419453889
463407055
1931799819
200214902
146432075
1503524750
1863914335
2013766559
631851349
1986724200
1000333621
876166802
337251943
744984627
24315085
1996814565
1445701717
602368005
904623532
131577483
1562571293
1834622991
751507467
53018196
113397844
1859232933
494840192
767516922
1213604419
545178081
664335605
860055161
1850145188
1843181015
963137290
678036813
2267983
795134610
1453808164
153067490
103597717
1925380278
476713810
792496983
514377320
765759798
42476935
1718361451
103598443
22671400
1105561332
1309623049
1869611527
1671706273
1914330115
704880183
1143246476
1395133815
1612391715
391654487
697182659
874409614
1386361295
1377334524
1755751145
201095197
1748720916
1433878357
583081548
283854372
1978864146
532795649
146611455
1678300510
1288280085
1201976404
469388650
1401613535
254519059
1483408846
1432232907
738005204
1188119371
385960819
1742486041
1844608098
914612828
1638191737
823294013
799351885
1919735431
1346934134
1269433414
135970977
481100865
332966610
474872724
461954944
991878471
1319451347
455668064
1053884235
1984144668
1079901767
150616250
705540229
813497756
606553167
804516745
1481228443
1205058351
124879056
1169353600
2090494838
2074935541
744252110
2093036124
1660262009
1525589181
982413928
1362397483
624759338
1312021417
361379672
488215081
1394074912
1154690743
665446142
108840846
89300331
1117173214
1292540630
1644313814
1402973017
120036733
1238372005
840771083
1169212256
1196290557
1531569843
2081958153
516049230
1933947956
2074312173
1094677751
1288814832
1284126184
1541880892
60662527
1389906360
412663174
1748923663
1524391360
931274870
223048393
1584844007
1056559947
1476143451
646812389
385230987
1403251538
2022736598
1816784065
476455538
673859719
183181096
1251255587
243272019
219681031
1677682485
2100380452
276981374
1369865695
27780143
850789424
737741811
1884894210
171504231
1923971182
480291581
1798661095
1583315826
2100782804
1783558501
1428468265
1740945391
1237973493
166212029
1194649583
1158675035
2111058763
1988857592
1166371511
234848504
723691647
1346286828
1624472821
678514692
1627883187
226628978
783697353
156570817
442949553
827764426
62628477
1117785708
1441283401
1063148096
800505076
1769734442
749633166
1407164888
1437691276
772419807
118946521
1435901666
1443979880
1882415589
505474879
727212128
581046333
857597208
1262367164
935090413
961833480
184723636
1064185506
419648806
1806000578
2134528806
363080641
1270250011
96219286
1551590757
1402590554
1383910097
1500604039
425878810
1330581936
1842591719
646955953
964496988
379068027
980628567
1388304339
154242778
1631253377
1028019332
1622108805
519751580
1161621681
2013361274
388344870
1150457595
1478611090
427746798
1305816389
1153641343
519890367
959129245
1591517081
414735748
710254242
1290378837
1225219363
298455622
2046841377
754640296
536787573
1658365248
1210864495
26055652
2092768411
1450466020
570969651
1640142169
968088311
220781268
1065216837
1007552855
1664411375
1365619192
1520811193
1409132775
1708211230
1688001734
1521775070
965588198
696064200
592468511
2101498810
441805854
1902837266
2078786645
1139673499
754190700
95320071
1984361597
1266394282
994527850
1557638706
1883155487
1420883111
2014608776
819510168
1024477187
777004026
1491933212
598068988
73234859
1521589215
490198115
1428231006
251464210
983445807
2137479382
218324978
642622470
975869844
1166501101
1620226161
1153410556
1937055427
40470746
85419442
342817925
1984345756
1490707067
1294028085
449185039
1656240823
1986552906
533557780
1984067308
1209862040
1130701799
241022182
1033197307
1083430376
1911173030
93531172
1568075940
213835717
634023177
1968983071
1151850832
38030411
1668874061
713545670
1136130437
1926751207
1276032348
2068682885
1078763537
1219431695
1756823527
1352523382
968792983
1885343685
1743614070
55101661
520707342
1196270228
856997454
1965970981
472130179
685751814
722490896
1137196209
1325279379
1542109720
648638268
1786677869
1115088087
214282455
2108205662
676859245
533416076
800140350
2142058392
2109178889
1024526994
441391399
770344201
469144838
158923151
1510802622
1796568238
701468781
1446073932
1216454474
350886529
1286010578
484521466
501123617
517145487
2011548271
718662740
1152871062
1297810212
414557956
35356205
2038384260
506628565
1301258786
1339628404
1262299462
951157562
1982788425
157983032
1645809432
1994308798
160982173
399516741
58857801
791008069
1158122042
1932297115
583994282
1661250061
1873986507
774636001
1750732620
1461282825
477561758
860612730
2016985006
1561984832
60579639
1545351464
1691451109
1079917131
1141139455
347355383
548344227
1371886249
338905951
1806924132
1846772561
2145390337
683981285
1095191578
971723506
1013475777
1459460500
1036956588
48359065
674217773
1061911613
1389702980
1685604441
449610556
346218677
1195217815
421472721
460357612
1657617177
831909352
1165308284
1148230823
114803853
1236102752
569019788
1395075761
1643385824
614816215
522899795
1375321302
674987504
1020658689
1825446171
1516995783
166083913
419484259
1492284897
1631926812
1453810486
2087208460
1384030963
1459324886
536776441
1132924333
1861156992
580715300
1215328038
1866408039
799922468
498116965
1521944941
1652154266
1645735259
999155375
1964690022
2085765375
1483622479
1859593071
172318378
50463244
1628855213
736090997
838816335
1105911899
1286169726
384252835
1097431501
1328864623
41162324
19941533
1667440997
597330009
371691683
1344310353
1861093023
152850454
144480931
1169050923
1115756394
1668537696
1487546148
1636256669
2019228378
2000713249
1211113863
913901680
1493524794
453338694
1016562035
398693273
106568857
657683106
1764271902
1847583156
1920663694
144069513
2092498888
1415752384
1397590872
178206265
1532031506
1338298478
1680561330
1160071105
2139820488
268061665
1821919157
324355926
1988992164
526427204
737124788
396959745
77545043
1269689712
1998109546
316705601
1601707090
1403604274
108304611
974371653
244329236
244714065
659898780
1108937965
1758185798
1310335645
1030742212
76989089
1376232710
730425680
1037741536
1966720416
1243932492
1167994076
239574233
329937278
307669104
734553489
2018301406
553149650
613526748
1348234177
699135428
492199176
1948215409
1527395879
128522060
1964971963
1836403629
421928935
1822597520
1245461739
1855018831
292304555
1010491867
1898467813
2017261760
1829179744
327445254
115651312
599207566
2009280059
935476728
2002556244
2003235884
1836570839
1198307898
1640895113
139916995
583964769
374101336
49428877
1834717458
1404184251
110828596
717040070
1675890625
30272782
507378317
1169110176
630734251
1369902041
138857342
667945129
1359165517
1022879698
672149887
294445782
1856801692
1024934150
1550071653
1423100230
119576151
1079234763
238991240
316526060
1837709042
1364029285
668765361
1096177666
1436008173
1333052353
367561300
2138404514
44117927
1945794579
2109160650
1107901238
1491975791
513210625
1621258571
2136087390
1499242673
162774043
1974830765
1238522730
312287288
228527383
402359526
860389513
1516107661
110322925
1088421437
1596836642
737408630
1098598410
590591621
1580316913
1494805911
125479953
478549146
1112248113
1283711749
2020009620
1470388450
1427828052
1966837467
1618354951
607100886
2020632223
212082310
361718129
878356416
2063017165
1214857870
751041476
587227984
286822993
746946803
10204482
1499746301
743640133
415748914
217862124
621647740
425500008
1482197290
362130235
189659002
529186620
1759409719
1608214955
690319829
1377314106
1644520760
28647455
861128030
1577160366
1564922990
1647184610
1938337108
1565696257
2029386309
160255232
1824778779
450611754
279974300
1113568776
571871602
929704600
141683942
1427902395
1343432355
1270515565
246666366
1412101439
1114110781
1887454557
84715619
2117808428
1277384212
133786085
1308446473
820749140
1248060609
