4100
1000396812
369656045
1228775885
1326550529
1438133745
1883749338
827252089
1205688970
1994963268
504023929
96173979
259071637
1957545847
2055144503
351042644
911614882
169677901
306055447
1485439577
185793439
1522337131
57815017
1750276634
2026497946
160426848
973811236
1383254804
1839466907
49106052
247729205
679201475
1524259898
1910650612
115040864
1817424595
1766683233
1475451642
1837030691
1215741646
180158719
1613606201
1057687746
589107952
550513935
1287868681
1633707561
602573388
138389008
1211140804
1806616329
804392127
1871873309
1904146892
1261957581
804613565
2113860913
754670233
1638567479
686477745
1881121741
419631533
1289116007
1190174108
1968109762
10534221
1587192433
1996024694
1100552001
1137758156
1729105375
194349664
1968547060
1869033968
1376690950
762151892
748313343
615443731
1011949373
338281
1037524506
2063392107
194417310
1872866426
1745772305
864971915
1078150167
221330221
1849000589
1781355313
639753810
826320740
1584861554
1664181156
1023795929
1462211788
153022808
832134209
691037975
1035218665
1948705925
773046708
913840227
1522493315
1702007467
435208331
2018871454
322092288
1860982852
1326848051
1410646362
1898481835
1020518377
137235754
1233985954
1039127679
1068466605
443179771
434143493
1977399701
678521812
1817468448
2061671579
2146322224
243372732
188927859
1491716697
1802694652
2088593817
2066687277
1072297542
838107191
161374857
985826760
1608181396
466918694
316159566
2006184501
1066059580
1780664871
400553331
347107309
337510068
1347745612
896327639
1873165144
1520257685
346789824
790889714
1047265783
1007887063
1579827241
2025827572
1922901202
1943627547
1261292633
790857643
1151599151
1658343940
1674120660
1999545853
1670072542
832026204
1462829705
1094465846
1146048831
1579385465
866226814
2103712788
766017560
1373932825
1816385018
1571562060
1667739927
514763124
146728039
1484468668
1050519797
1231356764
1178347977
918495516
233213682
330679190
1103644134
374759969
1263693841
93191191
2014933430
1785622656
193186093
168221774
2128899523
682101331
62724241
1252863303
1476983063
2062692545
582383856
254023241
520015503
2066542588
2050245429
1178871954
353119184
784658220
494385410
16233407
955178771
764987824
583186201
238379526
583064963
412692009
608661190
312089901
1291936264
1102366648
1862084958
1698904448
1204523667
666955094
66261317
782887691
191082212
774904591
718931299
1029767520
996394718
1099379022
312373794
1068887107
737212549
1721925120
1594569912
274073476
1585591958
66817043
143557841
121188242
1944163909
155237385
492431069
1194499346
1026631200
1924113496
1094067897
1269369348
635194275
46348653
998529415
152509864
612280879
1843838558
2030364659
1175789678
954830930
419331084
555589769
1775040675
965799681
1958167318
1014485564
1473867417
1388894087
1823322770
1827630555
280082545
509378958
1386105114
1558983023
820137751
573036946
586104009
1448991103
276040231
1350342317
2030377896
1605655520
788694029
1429985759
116601821
1330457033
1210238616
246240115
1698218868
2079226356
1591426729
154988775
341569952
185178889
1175320925
828904623
324242949
1537035740
651568914
792941262
2060491179
783361925
1157228821
52541418
513316471
1954741309
1152476305
50763676
1262592044
262099000
2082742181
1152049744
1338068062
1832768365
1713218952
1342112743
526340785
73065284
446329467
707938688
2042428646
589763761
1156458452
1634258999
734158792
1820706304
1717832014
1030290197
627202669
91470462
1331347487
430535001
1296457564
877574948
402417563
826844347
747832380
437731860
80994784
1301733327
1108761132
937765839
715158478
1409014827
89198197
552104585
1340647560
539025590
1592480318
191819584
2045607744
1802004402
491162358
1770530053
1170136603
987516163
821873333
1275073204
626151144
1759216949
1178538062
277482788
1402798998
1609587257
488853441
1041539513
1372725848
5780194
1410548328
2019524672
50747805
1910890810
749535002
504131008
43629675
1342666568
747002420
1921269257
485025600
769173356
1482952371
656987830
1625713498
1682614499
697675159
762132582
341672827
1955243684
1111971462
1972146720
1807683622
82818597
1320826852
465132261
1098505205
517559453
1853151047
129856546
671033147
1476881892
1906057597
690246648
347372878
2048191194
734413518
1143486208
154390524
115197673
381175701
834362208
190503867
683257689
2090828814
119947948
1808454829
831793273
1652016377
1339292598
1301895712
1141587020
1886340929
1577416059
420721496
501068085
523860278
893704462
2123715308
991020961
2120319415
865201142
1838326899
761102517
2026737982
1684044328
1729699704
192506854
298056089
1386334390
1512416310
1210514985
769855173
1026690947
1129455640
282292090
412929690
1126366272
410745213
132129084
401035547
1937521683
471909455
1186565315
83034402
640355797
190627402
268810594
165125204
570023071
880448271
2052274835
1363737407
1435034081
1665591345
533837433
646226389
1331744787
861811226
129823650
952702849
727221225
1071206245
172191806
1858603001
1504100262
1389981269
1607565043
1940138577
1981345021
647247794
1623846545
1747710531
1544021702
2090943472
852834167
1747060799
1036241991
1198118778
1024471500
1552189852
1146084021
1555818029
1015239794
1625559057
510087020
664887452
913013306
1392214942
1810125525
314361682
1308438791
2027532514
482470379
1804339181
795578337
51227428
689041656
1242734810
1377539265
224850766
2036342167
395054479
1208814471
570058884
1830488280
568818515
681704298
658309358
649871884
1089324220
1628282293
186992869
596142145
1829942940
1423170619
1784982627
652234094
1192401794
1021466402
1676248673
658251632
1922896201
468448067
1039858108
889822141
1299063717
1792012455
2069860532
1103513703
2002170254
1341491295
2082448859
1070511916
1322588493
1218777947
1184142338
1232850807
2029988961
596096944
446017269
1481056313
1117678680
127311883
2041840242
315570908
595562041
48413023
1553325110
1521816861
1813399423
1086191740
1587747469
158036797
683041324
250554728
1045644799
892426850
214112427
1169769851
697200737
1703971632
1129691835
1990152364
1790041589
1356399407
1375508703
2045624534
736720105
305301404
1297299860
187853681
732886679
1107113925
1985270906
552336437
1717567089
2019174188
1919555421
198832768
1711000458
64290713
793981567
779495707
439996450
71805741
657402878
1161880229
1347029519
607192919
536968520
1151885693
447750839
1490525815
758576750
1098187998
919230381
1672571517
684387004
750972772
1052060485
1168744087
214803643
1689400817
995941350
1862105651
221061897
924226794
1940759802
881402545
213982208
1938796372
586401492
1971160546
129714801
244503631
295458648
1654146155
1354563817
521096706
1621612993
35038037
83036054
745945046
826253167
1505527617
1723383464
1393482743
788459379
443053625
1566805104
950049280
1688270659
1053663568
737644566
597382695
669287223
1225586733
128360034
1124560311
1385594369
688276018
303728270
1436956309
1809070590
1465532763
1521196439
1657537853
1438023739
1463213065
1824822048
530365130
146172296
455495610
416583031
1735646116
1597832945
926575359
273714647
1583426827
1894686991
1561120650
476388480
1757600794
2120431868
1412250942
706297244
455486261
1931227262
2075583289
499362974
565684574
212414947
1608891161
1523802328
1588326256
1124905237
279243505
739007029
589948645
529611431
741289810
997831868
1851758613
1147178309
2063224218
276170055
176848924
5077305
138841686
357236177
802975619
1734445246
1422606253
1963546882
155578455
165638281
387530520
895094715
256848970
143345628
2003602440
1193923456
692620074
1848215718
1388700247
1680856332
1698390312
1665521781
1397054400
1852886563
1529136258
41064269
299834151
704599983
2015524038
1213348167
2141388281
274367782
2052814886
1406887530
49305277
669763803
1452096082
1751704243
118402979
960831538
340144642
1682325014
851743836
1860208687
1710690445
596266340
346383417
1665251787
1579382377
271608448
1374629165
1551576388
588985046
1837202405
1190235454
1933010898
1724188997
1040041409
236362979
646418034
807665728
2014871978
214360588
1691894585
811611955
389430979
1937852721
1569573111
1832666251
1937705703
278931597
2112384959
2130713757
741695918
1801734605
1324501367
2013429524
1432544637
1459551382
22488320
1209658854
46915451
192163997
1328010193
241052536
926582774
1414371331
2057942322
1338196011
810751635
188207498
343116491
1899432339
2084674116
1589811965
1513657667
537546758
1068669537
1402800873
1791162431
59663716
262634926
13030324
985556556
653281962
1138211739
1028623603
689182102
41574136
728749049
1348273740
1220082621
1736807702
387911599
844210629
1894732449
1384329794
948242538
269202822
1679582301
1252529278
1747974535
123139674
1618190083
2128773068
2021447605
2110319047
886567415
1004762645
1422536997
23159029
2138337596
656708602
1234097903
1416100330
179126733
1593014206
1929726910
471837314
1344917146
933998426
1966931229
604590773
14238677
1248341669
1233273661
1166956002
200430581
1771392611
439232940
1175207672
2114929526
1407996160
1460600577
1666869319
883375428
646017576
1639624071
1359130566
1229319935
447577169
1782307720
377893023
1124232563
213641065
1370149650
287769740
198598710
476479140
694366826
1372590088
1519810192
1883737937
715613430
701747839
963453853
1099669036
1268965967
2002469433
198746581
1431021280
1675376512
612216112
1984774305
1830347068
591910640
1377477729
1287452603
6492081
1951182953
1370418683
879051461
1015174629
975933805
1602059940
1885620076
1498257118
978996709
8748204
1605779408
1145461468
1619242941
2111720010
106704859
2088975896
1912418214
825399112
311222476
899802804
782464267
875789196
703669884
2015986407
1244569197
117217652
1779198513
2045169664
439308706
1736591393
1779597383
1357555560
1241879556
1581434227
864797504
1878267385
1598188292
1922265213
306739506
187627869
1443185587
184748897
1262780083
407906099
503718871
879363744
1027357776
355998381
1176346957
1684132310
617865730
476392222
758883200
1241265931
961670138
245254562
484305499
1639169267
370011668
1029654718
1110925061
1202589816
1741990186
162506936
274279652
763983712
480405170
1462562690
785293428
1728989996
1597283529
53577218
893178020
859666926
1997789958
1143021292
364318399
1028985373
953613895
1828955213
1016667685
1266930558
159427891
230141614
366491109
790940197
318250059
1210417743
1423689551
1283190952
649992806
1996199510
219090799
1980553809
1864328361
1788715648
1585213147
1640260838
1984250630
219100619
853772742
743338960
900033659
767743035
1155215581
823177557
1332884208
173448488
1806700678
1935890884
1187772355
1634171431
1808869981
1874922802
43313246
2026099813
1421546588
1774627237
568852909
6738863
1114833309
771501564
676617562
533013481
700617411
1149215508
1260242127
1125401601
730164767
1003163432
803442304
1783979004
1148821313
15626119
942588510
1275894459
203669586
750172849
76055656
296623365
376957319
1130031836
752470768
1273584427
1897425350
510136372
1123375530
2031886247
505104066
382036715
256706155
408290599
1533510987
113872309
385041660
1198882000
1994078578
1652131757
1563032471
1392991350
1686855381
1848317768
2044698467
1790047512
1166964969
165864303
161192022
1561637114
182647605
434618138
712699312
1378171280
1629649325
1260647023
754858465
1932732063
382902457
1275956629
1451878250
1272656760
944043419
284082915
244954235
1867709918
689331865
1552369936
248020863
295062497
343896914
203408745
820861733
1277090477
583439625
273169984
1034873750
837792846
2068106948
161125597
688785607
652021188
932085209
855246803
2039000282
572108313
225493321
417906071
697706200
473095055
445952854
397170298
710776719
1690555120
1706649814
941262538
1235727868
2085209302
1452652916
1158068545
472701655
1386306675
378720388
1500100968
813716991
1926680092
28345601
830235986
905578814
823225533
134510929
924739721
1847545285
1602472095
493159443
335674840
774643735
1667847566
368107594
171293065
1769837528
993696038
323265980
1841650695
884903989
593551638
1867450474
1481288631
1826084075
114458894
1591009806
291985270
734283128
1293982104
1456865636
759226540
2022342066
1604281786
354665156
204967347
649899626
1802637673
94007382
892429299
620740990
1986205774
445540903
1978804829
154846560
1351756552
270407423
1259959121
2083496700
1159765651
2000264152
1266659161
1029576618
673538364
1313955016
818628299
1395784611
5339634
1522287804
423017641
446549310
248385135
1728501217
1151391836
1281524896
1610412172
2138833513
1495259212
895857029
1541715365
1062783975
695249925
1251401169
2100384783
1044098080
163264115
1879391034
1775389167
780191043
1967429679
1038521945
543115959
1113315852
566788509
1165005772
1233942087
1990266313
458394927
1384461391
2098665101
1867345218
630235638
1716756568
1840506377
587218486
1706515868
707673363
2007490033
666245156
1110541906
1626802285
2043972724
204915821
1936950757
1755528492
824243005
1187440202
1936452424
746012506
38268185
1657695115
1328149766
2075906084
909450474
1011139693
1483940825
265128700
691626880
1087628242
1394660337
663202003
1300225518
1539508231
2084495548
2099973351
625765270
1658473074
788811115
2130876664
28097754
261093408
1977547032
438683994
1583671531
1223733748
65754826
299538804
604015754
1070814392
1699820043
1295495147
1829859293
537504198
723416895
935842439
600093771
1583275767
1901659961
1225761582
1763150857
1951712972
1545637974
32940911
924088127
665903364
182022563
775192856
329386541
1292511910
108635427
2063837799
1905015906
1235793512
1513140568
2071603836
160513629
1915227236
1405330389
2114571505
89839473
1080906606
1528173530
633899812
1248677125
1017266230
1719217135
222445490
188010476
1510329828
1266269380
1337238154
8024835
1904459517
168187683
817270362
1302964603
1898177648
837185097
963349227
376392943
1216491325
681279976
92578702
878390211
262178573
1608863891
560955837
1196236682
1585671201
2067927552
1177866664
194423547
1227513532
1961081226
1856433988
1960452116
1955925665
145965041
883022209
80760560
1051088203
102430168
473788242
826129258
2077619281
661708286
1844638580
1820351459
1522671202
804917181
2144786597
138338023
248629207
1470111930
1361565344
836926004
2016984667
1972475820
580142410
883179494
416188756
1764124294
1085718998
2098658851
1112085111
1921084594
90905143
238461948
193729924
42467499
666665541
807809133
1071536483
65569614
1229852555
484780180
603303680
1023998381
1262386450
1332057525
434813701
752266941
1403533417
1569426285
1581614316
714071703
268350942
1841247884
1299435571
448817147
665455518
1692037777
1511668692
969574075
2103564149
1499129903
433138428
1316263424
1290299993
752989147
251557125
219470597
1709653040
1697223578
463265335
236213899
1003333976
2042404217
1373787973
2023857985
1035138394
1272085972
618006125
1686947033
1750898770
1642085763
1275532965
2087008469
1202311917
1216516155
45437168
319996493
600148554
646687370
601652172
776107850
1637838003
572366941
28541985
2032189167
760044918
685394663
944794907
687430780
1477847346
89241467
541198331
393642099
1795588788
1744313633
1863349592
878175274
1242646057
705452951
11889854
1922755273
1658586750
351797316
909987078
2066533527
1165549644
1624364594
1256322188
962578450
745445349
1758198524
2047893929
1132223898
1687157726
1148616044
1307187815
870813807
876843517
148866100
1861443000
1031221668
1425836951
1824127838
1388255881
531444295
1220936184
1725156095
814330106
498269515
1356954105
507811320
802388495
1024317953
161067230
668860106
1445730351
1462064799
847949862
344356753
1316982620
1926543949
1908419172
1078433506
1029055829
1767931583
1797988038
569964227
1922566619
206099373
1427097028
261135053
1787152218
1469196337
1160561997
54648325
884374091
909950247
1232907528
1773398506
17617551
2093236164
2056436372
1639494676
1068751489
2141219725
347334058
437093465
1918142504
299873447
1206727788
567149469
30741795
1108670986
1451775937
207802756
622010069
1508982766
1147113385
970236801
573148790
1996648905
1219614518
1754065363
1962101218
154152168
1731745979
1840053986
714845032
498045476
207497803
222616880
187548167
457646296
1134252659
1808948499
1999854160
1994102942
504632100
1989278670
815058248
1834935143
582844253
1749690659
453679736
2052720770
677926526
1012538918
1502725740
275457597
1160980695
1911896756
192152682
187724783
235193416
1972628608
1284810138
1748585711
869263283
1589845306
30626266
246825585
595673026
1822107605
1668646858
1270953373
681094008
1262966829
614983037
724990486
831440733
824635550
138950540
2067267587
944227056
1244706745
675894035
311658211
2012511319
878841785
773960795
1617221282
81978451
2265984
936765402
1567425307
165587723
1000685078
642759293
767014300
1642280052
141563828
382939568
457670403
2080363413
374566113
1384270791
279065373
1919897504
523865220
201361422
1547061564
2097393766
592973197
1416050488
1269975007
1780961640
762027568
1172018010
411514400
282345315
1388796217
2067243104
753866352
956488712
1931519260
156685529
2062575748
1194379772
1881184627
1337428135
1962390446
180429111
753135070
457322291
834672949
1712778175
565342150
1059542581
1667493489
577431956
811008256
1961193061
193879844
545102953
698424836
94854204
1021777877
979803380
481881001
1951190820
1139865487
300037676
353291794
411919122
1068813020
832457304
1540327023
1489471334
78712145
1462206119
635820500
1898721396
447198376
1849143288
1337114267
2081967764
1073938965
1028042398
1673859904
948768532
464149744
2120106750
704240915
1490543767
675296524
508721539
1619922200
1956337341
1776413955
530528143
147509078
243899093
698534917
625743516
1561682214
2000811052
1075509416
1968671043
374042307
870439939
1787001485
1363822526
443873843
1878716894
1006126434
1454637813
116705526
1740551078
1989757624
812802582
1149262544
542178968
1986237341
1019430389
1934124931
827479694
1505453074
1799574989
31122863
1406334675
968910000
2031735630
694655068
1610590825
245683424
1488107184
1445995944
1543072795
1247855906
2106069764
856470850
996724356
1178229143
1939587826
588125688
1887317224
1438389071
492985385
1818651733
1949278937
735192092
704670802
870410566
1957022912
1021822823
1356528860
676661190
1709723790
1795007786
513564564
1637077811
1106980034
248658913
586039959
2122954183
1522389552
1532318554
357174451
2051821295
956105433
650081719
308314537
512232
558398252
1455846206
1656336025
970024946
2017288654
59239232
1313742297
780674982
1695973379
1591926662
1476023191
1057849839
980632083
202984868
1456312735
859718838
1516666573
1437782428
1112859809
188031116
2080245982
364466169
706967353
1904195264
1838417436
780707874
939077301
923742148
677056612
545943300
1191743325
835541257
1186340341
458666114
167569624
719276945
806170788
1590868600
1820445184
1103010339
300928912
1527180853
1412218325
1165101005
125191741
998546272
533352102
89048509
485666084
1834279528
1127175016
2127247619
790805183
881434041
550470548
369904265
2050185773
279532764
1232753347
854997892
101125429
2102343319
364844568
749339797
2052068122
242752262
463040436
1635269546
1177508304
2115341826
1445397230
829588197
1814639988
2057298195
1816621380
1306820152
744546689
1686128111
1579654619
1880969625
875284499
709619934
14236131
236103591
1798148817
434717262
305633667
193347616
1800274649
1188559400
1450888974
846660922
704221502
334852441
469372976
1841736364
1446893230
20306869
817783124
1427952521
1886567708
334205748
1218874046
288407810
625047028
173369721
167597069
2076346372
2130328587
156041767
1904413011
514641852
222944144
353252810
2114668104
1503139750
880804182
1815116548
384830320
2113439416
1790399518
1175148987
1740315112
488587256
1112560757
64939092
1988532126
340279924
1045431543
372849522
162921436
380489318
240343685
775034575
80233291
231363501
1961391327
1278564391
992242773
605153427
1144954382
1547019645
1390492451
780945152
171840395
1363151549
816400003
1842893853
909678090
411673863
150752086
1195519274
931381759
1177572366
439273767
582270715
1299066624
201815278
1034479232
175104828
2116049396
1558815651
1845861729
2106328893
1796887215
354977373
315830005
510941696
2132752042
450076290
1507188754
44073671
981430148
649012376
550370773
1761009356
802339957
1221847151
1910647051
6309896
340984176
1108426077
1475275612
808870641
472440964
1967778503
1461490441
5600599
874191217
35989512
557602600
1320862657
120697260
210541909
747488309
1958246685
536733043
1250979482
648900544
1441272595
1515708223
745164251
1418589579
254040554
1132673211
1350079740
1266432783
468966952
1942700596
1999267918
240122804
1290600118
1573393291
1358291197
2097782155
1371305746
77423657
1251032798
742280621
1704424969
61090626
1774723808
617833362
1560427431
1326450811
1600508311
1001000487
1744060205
373387998
684555491
603736053
1401085425
899003102
1979291380
374084346
1918603534
782606733
112929672
1625685278
326544424
721694970
1412580184
1981279385
311141142
514702425
563629374
257766460
368040082
880353485
2039845199
1138814757
2041115768
1207672127
729459334
2077730244
932954533
1299216955
232196492
2035366309
1356895399
693467912
570785391
1111759236
1415985631
512562564
778554116
246595131
455895908
586642005
53099926
2028760580
847171567
395523269
1602769558
218778134
817463413
307694618
1403739953
2011799893
1497372319
487918255
89932629
2097450428
7357330
98092791
1809916970
95017016
276360467
441533247
1770008183
188032167
1679742132
1761058379
524312587
1359505084
1687668195
1740868506
1906400063
1512545665
1942309899
694063898
1931690020
1098373176
741863602
384244231
1268223817
448954883
1686372822
1970549501
961811436
1170077458
730914942
1403729359
1937823238
595353408
531355257
1423450321
47846626
1774310558
306672836
739884964
408897856
1591921985
1584429648
2069011627
2139631405
468439424
807485788
783268078
62445782
166950680
918337047
1454771189
2127415407
714581376
1561974116
1877462143
1220088467
1523000032
631812717
2016575705
1716095117
572024684
827983107
662099582
525658790
1208924750
1142046810
429605584
312353255
1406047553
1234251850
901409637
1878033195
1239568804
1909924026
522081882
923343063
1859132420
1949338356
31023564
872871077
207761601
1680952468
367920425
1882950495
849502247
1141400909
1091983524
1884558706
749329031
599080283
1348232743
1593113176
1686521039
617051052
1473527946
754991661
949294225
645018697
1609098548
1054871629
1339438205
769398392
617407225
1884169583
1238822938
1387561707
1304415047
238119419
972433597
272081454
653879882
1615495207
887279910
1458164444
304858813
2055757397
1381347908
460564354
246213270
1342042399
1680307991
1663528379
1803121354
1737606730
1191444762
1993947982
1784735868
480296390
404489282
1892844924
1422712819
65848595
1180036103
1254768247
1068753430
1599117536
1688143479
1693088783
2104040355
13733867
1444804938
923575813
18470552
399010875
1680309745
2037722019
1089059039
553268814
150365694
309838638
1891552788
345644787
961013443
2056072854
1089361693
1934453126
974990974
277056316
555442717
2104123023
386088912
59909862
1622682442
768296290
409081436
154787681
1673217280
61761295
678695658
150669167
54101979
1027348441
1755754513
1074386313
381012626
1584122393
1346731395
457857670
202859412
1042360409
141583686
637337437
1633185667
1434072982
1484666799
1873054520
1142743782
862421305
1493991212
869184070
277045694
1086801319
1260231921
1518873593
1637932926
1868347029
1539714391
409292953
1664616477
1849517
1275769817
153632795
358444928
1130737295
1739493150
405639186
937003681
266717909
1825912255
1709736548
473526021
720857521
24558217
433570578
715086611
2138961019
315135970
880520852
1988363929
1179765363
2111554860
2096570350
1438235466
762819668
668013055
304334736
86127688
427580808
925158224
1996687581
61359890
1315755795
1857201922
647258338
1831752510
604316057
1043527821
1396331655
1145207525
1657651099
1930571061
1912006263
1116316482
100749212
262377435
300455328
1962032300
1613967034
768628159
1150346189
434098748
114303586
1971581625
59597594
1822450438
1924270950
372684053
210521291
1117553214
1914675046
1578609185
476422035
466828870
1521560409
2021051085
1180812657
156422872
1605590487
271609526
1557578277
293543806
197204326
167446934
2086988233
51832996
443371225
1167601432
1262231091
1963516049
1358290744
1409933058
1643288104
38368719
2065204788
1410144705
462826229
637168945
1531104342
758823995
918630139
1968521490
729153908
760194136
1100729279
1374243312
1045970576
440212791
1054009461
266251903
1712025684
516068168
1236113431
1896815655
8612237
242323734
998903669
1055213363
1731460302
1495073380
1965761499
974402296
34611032
617923084
1918849191
139936173
1676874474
1756261558
917128853
1032588745
548182028
163347896
1840906492
378997039
2064197804
1723118503
1250976871
2040784370
458176963
1843838066
1147823435
1349699175
885687912
1279535341
1217246540
1451439511
1528717573
2069539306
1413872296
2114840323
1178078858
1866568786
712674719
467550133
1708795953
1687923947
2087042697
456959424
1809450404
1374567744
1695982892
272275690
1581789105
1185836936
59143689
399610558
1356651060
226882155
1328177405
308653739
388064868
913303179
1997207285
1717377719
384822587
1081020749
864688443
496848738
1560400167
1908300320
1864396442
1507790891
862345564
142380701
175858332
1223308078
1004163791
1291087320
1149545171
1927950924
1981397889
834797084
1996248569
1915519677
610563183
355870658
1684955489
1555674521
781122380
1652136647
1147983947
1700421633
1981295966
1074788782
253196442
2058931100
64819611
746344128
1092215437
1886416425
304327385
1625802762
1835617826
117189320
869650916
214678396
1915406824
1955879312
1004869717
2092954323
172687523
1647155069
233877955
28197117
1030784973
619274054
728131431
1959550172
1544664631
1432971782
511152370
2145191583
1167524238
1133958707
1448810453
1616475135
714270022
646846707
511017201
792986505
1429754035
1300280791
337641283
1317353889
1045994708
2138947370
1558678983
2010383591
1431440097
624041654
1631392242
139086349
1702349608
1221698874
1974437273
115783675
1805421069
1836704483
652814753
190637189
2055767875
947898415
1254670403
364163176
2101621752
1681460582
185585346
374993848
977295484
1962042125
1413408835
1499296112
1921303259
769878617
1834549168
1053299977
1412332872
1292989738
2070331876
620852550
933661823
573705959
1437792439
694854034
1125791081
633228197
1440281562
1718498660
400411557
1250419082
954072189
493270290
428017694
1564543023
883871347
1172058625
780920472
1653088677
393878401
1253717665
247663822
86518280
478221498
1363081973
1264760794
1264513033
471268629
1015341183
961753869
1931089188
1521009562
1000814265
1172952594
37475923
2093327793
262358921
45189799
1226349311
205642198
1496755008
1558567928
1249791837
78397611
639362218
23694210
901153317
191897781
539379111
1579266182
1544834854
1243342630
803085097
96361907
1287589373
1466299251
392045012
1931071246
109759226
900229269
22233549
1165435137
2026866491
732759949
991925021
252284485
1498431714
516035129
1346480682
860698131
644006812
456209541
4271053
450521575
27869294
1649506218
260155755
779912411
1758375458
596458470
1048364406
460671238
785838585
2010462934
1107599217
1458947634
2041827089
1293521305
1783597159
787859320
1827643184
696374110
1034813256
1924319851
324981572
205333312
652997831
1564441774
115948286
870537018
1987991436
1890370151
1184634189
947921196
1488840972
1484080304
542501100
830554775
177232253
905217849
209527926
232834411
16821096
1775404860
1465026135
1459896204
1734861161
23912819
1955614036
1290411043
1256648931
1734770770
1596403971
610135653
18022233
1386664522
1879712187
772590536
1389684148
791775296
605671572
1332915695
865926582
1616894793
1516306476
2092555508
1345074494
1143233348
686988565
1288004183
122907305
1260537196
2145033449
1321173537
1781141966
1233215968
1857202214
2057649762
811409238
1485269611
42698997
1818746970
542588254
958396597
1459381374
324897577
1109608323
597425150
508082786
500815410
1326059574
1360115720
296627624
719810398
789342955
1323715441
1812665496
842777832
2021294679
1428798742
1177473232
480098358
1292465052
1687065349
1699016698
890787737
451424989
1625682055
1223431097
1836228804
930395994
824786051
128557597
1720011600
2085777314
641355650
1300970931
1193777761
113442433
94579270
434570685
713832364
1950498355
364786516
642490033
1359418563
1988529463
1825570366
835781254
1146443315
1546019462
213620992
1092294769
1252017443
843328019
18506470
1014961547
1368672875
1858168947
1168140832
853320992
1829040015
563750730
785797846
1759238355
448195123
2133437001
1733411923
1096868018
923348370
741960217
1337286776
1965460356
1817576791
266033605
803291449
2089848754
1761949498
238056112
735903409
2145819158
1315450356
1918666755
1461993028
390670307
345582241
1963484228
220121167
483468745
230064137
938683608
1705846256
1349212314
1156764657
1043598789
819120199
237014339
739469836
1542270773
1554429433
1553699238
1679127946
1330704525
80986546
584971355
1809019940
804941156
722552978
1630833807
564367356
549079395
1008564198
1520225141
1258817836
857261280
216144899
820761498
1068149101
854464612
1737291297
254302444
1660697982
462559763
277125859
447236627
1240536849
1195649152
1598216204
77807537
1081317354
2089574495
524133278
990557406
1548075913
1417091040
1764200736
1620641759
1764415887
262906617
82890963
1630028208
1012004824
1333747665
689026346
679585500
1662698781
1262881575
331858281
922160978
728572641
20995229
118374369
137823984
838658039
229239382
540762160
2112665033
1962058250
1099388393
1481301369
1088196592
1603428660
1173733445
838806603
1347341913
1570343083
266110544
924987870
1085845115
1127000659
587351195
1716420850
2008382212
944662562
581313453
382345540
75521060
1559781069
1893625120
538697075
155184975
84875281
622683867
1059330171
43296775
965346414
1834842025
1117924576
402323421
508067330
2090177532
2100253528
11681356
1915540188
2083975394
1389891394
1845068288
422991390
227869167
1956456171
1418915849
2121497554
1127791692
2084905013
1553933533
499448344
423633759
520570832
805387192
730526613
1460346076
364461877
1419552708
443886100
1805028706
625480385
954061943
768555069
1090960488
1650841699
371100766
1489097770
855769252
1601492225
1301752551
1629624772
1184674866
1809394643
1772983364
378002686
2042065132
1744442270
1989342473
1820590872
2060489834
1901827462
1916881693
1760552578
1500122327
1314509701
621393270
493797456
1111780424
154064357
1225034991
1297750518
567297604
369877630
2144617482
1869760553
307679893
808409441
860622704
1825303950
1249565303
1308630410
514545147
1418953601
1406332051
609714340
1665067297
912256571
679336258
759347917
878249312
1928140118
1907521308
111470635
1404115458
355960559
7056935
1094881209
1214011825
739385947
1014091243
1625272535
1873810091
644794608
757213116
1513708064
1082052408
1655904726
1786115112
1271121761
1447116108
1938961190
870940422
37095463
450617189
319061266
503618526
302787891
718439637
1444313898
1046831400
1799946180
1490717013
1919395699
2035166765
1289764655
48029091
1213355094
316143068
1632790389
999872613
1792382616
1762251658
371392214
557370683
142227469
1127671717
1811049759
306802141
1720431078
1847819132
220486000
1336209902
303967860
1804758254
1830522828
2063796109
8033136
1325130840
171208850
1191086927
313103603
2018397905
684123566
377620676
1308020440
951755795
2107171280
917242443
493152145
212660620
1112171985
1331429829
371964509
2033332087
375656239
465137837
58296491
1110203519
1540435668
1965373501
1808807360
433447522
1840146032
942090633
1417119776
422920761
611700643
201862774
1033728981
1145178138
313633213
451559666
735931539
328992852
1098813359
1364143115
302497902
2027283154
1950758673
1226773517
270662184
292802494
524006898
358598144
1119439490
1071625120
1145196796
955109712
1203764117
682851375
1443353073
732456558
743369344
500876097
289105331
1856045123
683936173
1345109205
1877607160
1358943234
1725360930
859793746
1932089338
745408924
123491105
1448416181
2069512385
150387504
999412124
275059832
1198245431
1164951242
132801783
1012981323
2007474964
312161569
745874530
1710641775
414274368
1146282772
957805114
774921408
1199614377
892227712
32519463
1517738078
1866526298
909423137
2053610498
1871624942
1981646013
1162582203
1936910061
1834715670
1713707566
171141490
1406581239
927143741
999054371
1661116024
523663129
1882489643
28915245
372297453
49094964
276007796
1285527616
291667812
633881919
1047076304
1679345021
1900460548
568192361
2061120648
587082104
1744269020
1574345440
2080766792
468760445
1953340263
1831094384
575421114
165007375
1052392554
884962334
1142754432
1781706689
1372914874
1277374958
638769368
1538221307
1425137055
1885423189
1329043736
2066370097
1399730286
1632061437
144074062
2112168126
327611588
648923626
978995160
796161607
1898482327
103452287
2145081761
1178264600
726227234
1602142434
924526257
827889697
257964091
943339498
2136037937
387481660
1873256292
1965866919
222933705
855898054
1442750329
442395734
1936998102
518389279
1851302210
1751643258
1990778999
1378284876
818737019
1344541298
1203706387
1191831360
1685521789
2077421501
2101027550
1031034118
695773315
384341657
1869693465
2131332318
1368311791
199191617
614495339
1484949383
1808409749
562541464
1235572665
810242087
152879554
929896151
1191599893
982446388
1686969817
1527462491
1496993569
1190849314
1124086050
229267018
774505275
77804234
195770375
1423759791
1762555861
1552922467
1264468373
364319668
283910328
731672852
167282770
1157228199
1426883613
812971708
309826352
612991489
1039605419
1922342103
187833489
413738151
1351258411
995367735
2096087948
362079936
1542918945
1915599703
749634523
1077054710
578498600
1233194736
1963390372
447897931
1206111091
692006303
423646849
2014910170
1878027426
688421895
1564825891
2009838320
970773466
862255385
46841292
1951825941
1299240346
400561421
622375670
516425589
2031583135
1643187999
1242037357
1914246182
1872659689
1052302409
1608770831
1077591221
123662783
331257119
1157756359
1417901375
1940924356
619932807
1593865919
89401977
1285956487
1214721305
884782811
284058379
1480328870
708198498
1865555050
1200908966
1798041095
190463126
445840735
1328317361
1591020787
841349830
2047623000
985670025
78713183
1935029614
1036304461
1112550248
788123864
1321184946
1808369204
496453001
1497381968
314826237
1370994643
1584604265
852859995
1440032550
1578458287
634250944
1208489317
1433638958
1298785582
805336936
1179874337
1848323979
675773300
2076637168
1523007910
1748806251
613817040
956314327
1896030237
1085922073
361853088
982586763
608857579
1727956738
856327213
1491415884
55587621
445566272
564012833
145051287
1518097781
763630755
1253125604
1667034029
260772812
1808892408
1008955248
2112351133
881314611
1204352540
1959431628
715205891
1464075031
812225691
870680186
728446959
898351355
505467353
383388313
1640754803
1702372697
1858537746
162307823
963922050
744574868
432053012
1271170154
1538069784
772835887
424448910
195848230
809616561
1358151480
506058898
1637932098
1252146226
724776006
1054597133
970823461
538226157
128618250
1408757197
213548187
1173388575
283517303
386128548
331967890
2096834468
1936031148
1636786676
4579468
2032154588
1334071939
374405092
273105471
584925072
512397386
1311713393
1028070609
31119820
1032115132
1463778416
531368264
374060379
598088585
1810098377
136996617
550151873
1628685287
1146078329
954981406
915456758
1578945331
1155352229
361668047
33325253
1912430011
264015110
304971938
897770571
1265609266
681912822
516018457
21213186
1282080289
626211550
1162867360
1234804692
1704077904
364447328
779078095
1864346281
754069010
1659773694
1088547497
784616807
1590832313
1543840836
369267245
2057559238
779462909
68211324
101410356
713220011
1204947390
1958864819
473234846
81883442
576218528
1294358164
1407791137
1740679970
1209309317
741546180
358035464
1112741973
2072157727
585204934
14313601
519122523
832255904
1506356257
902113137
785043647
616093533
1514095211
1648364631
518969889
1477825740
52726363
252658207
2019667830
985983352
766168338
1127120349
1796987239
874837125
1719326708
1213515751
636069696
1123092404
1673790113
177278013
1128585486
2066594498
148782539
1112568270
1566658958
374655117
1413982460
1363114970
163958899
1950347913
82227403
2006380968
1323939127
1517563320
395949504
1216712329
477153469
1921914366
1983724043
159873721
1757286329
2142284666
1299289996
1906084567
1421255965
2113361425
2122923695
174999825
414030950
1577857501
120093737
1184285829
59894648
1378067272
4179961
895035988
2140626146
683553706
36280905
356328622
1572047627
2092021029
1272236886
1679688888
459792667
286961412
2130999364
1818145118
1819387375
49746501
466514545
873685020
202968735
290141502
564212941
470947214
939022308
399644764
1547330251
1778052392
942926186
2002383418
1729547920
1768499620
2134671104
168690697
1510278761
1167986110
894720949
1762571670
1570991179
907443009
1915782011
869857676
380818185
362568907
2033122731
958265822
1799791916
2089080011
45817681
1405881321
486249178
2079078023
2006506876
103410864
259901490
551601681
15738678
1476740433
1388817372
1938636842
1913735096
1008039642
748823686
932457405
1460359501
1137946391
1695508562
1206710307
1565363937
808010829
90788316
28555176
1504509616
2020956625
169623285
1316820458
1632031734
814402568
990345033
2145286441
1087963613
1231512820
1990990349
1392271909
407489878
2139445284
947098788
470770771
2117560238
1690830670
41328739
1190194802
1367904322
1394937356
390973834
182508173
1159151435
944412334
412384471
1691665891
1001281498
295958017
719822344
616706576
951280065
457019405
810067508
393505869
2079673603
589890481
2112768494
396312209
1429813902
639803295
715892631
369059573
1446924133
1364794797
792132972
1903810728
1209110232
1079552083
297330707
1162527768
715832389
1295656386
976038048
611673727
199968269
207080652
1430123274
247833324
758658888
333971693
1466090502
1154769505
1023947312
2063562343
1110163448
2107620376
1541304880
177970952
1103271986
1634198810
978048687
1853251016
281672275
312600871
1471083699
1250165618
1290044823
1995516727
1200370079
1964806791
105662910
1597549804
1702290647
888228953
1493421293
519380863
94667482
1158644640
1179228693
405846853
2053295794
139574017
1360484132
981590291
885658797
1086326548
278225742
1889894691
1495559285
1317059641
2139880762
2036747436
1436746584
1830445528
1207628113
765570261
1679453778
484962168
639684667
1046184936
1570702597
1639993381
1046129798
49395043
1761231621
1056059271
1701142897
10515928
1393701507
1540689283
1655267588
1772643136
1249631987
55614108
542771746
1804035583
1167183465
1004231721
223446854
1087723524
210207953
76650804
682767385
477459881
923995489
1462078918
1198951409
686659121
1734708615
1703536623
540582022
2144611107
709615243
626494283
161093505
711330178
644886541
437231090
466989433
1836382618
718647967
1920654417
237197057
1476398840
919030090
1955018125
884453530
1155975528
1133659333
1579462603
1950892839
1028127841
1787176119
1354929229
1411192799
1782415433
2010276454
271442924
265873715
163948847
352011123
1420956396
641784247
600541398
1941877493
729615864
1651290675
157218146
1147282656
1600619857
1088989163
2035112647
1216511947
660767278
1517398858
443306608
2107576037
1592476193
706034985
1426522966
683179193
1476811803
345886245
1912556247
2122110225
1700998046
190096367
1196665983
966365004
241731129
2084718625
517671482
720150791
1980479163
2117500606
1831281949
762156934
1483915850
1191232294
1537140003
1774697215
579007475
2120372257
436300238
2076063642
161263922
1751297217
1621287390
1435717829
820352654
768590660
97791000
734763857
1419893513
970096416
101072659
1170620158
591265049
933294909
1599756831
1170424114
1590277818
863438872
644873499
1427167111
415578450
1042199204
1130473528
523813258
1430368878
846246391
1392600321
690400004
561387501
1616303406
965088926
1465947851
755579835
1761135319
150638915
1619677231
1014114508
64779794
1994357637
2005722562
1441777401
887278930
965801351
719006592
1505281803
791298225
1193347573
1282164008
1227151293
956278777
343402038
807745546
1471160531
1629927639
480958983
747275722
2077886605
904070516
630923550
196267659
352337746
1917485601
1745711448
9665247
1584862130
1049269344
1988842749
1054895656
1329598208
736667760
2004830709
30916926
819976641
90656761
68987418
544375819
653551501
1645799387
1053055927
1133742197
340552480
508086020
2025277791
1827484584
1096880968
2093216838
134718219
997677480
1664290505
833250499
1004135771
1013849713
548132981
2085732895
774285846
502456449
2009353029
1038268598
122568950
1116220370
1792114553
645516735
552537971
46248656
695791071
582270451
1385150730
1554076037
2012011700
666198941
332271472
1715083284
1781666637
1405297757
82037524
324164500
542103328
366209057
1467091767
1004393019
191573825
778409805
2124717563
1397273549
1659793707
1613832277
2128482529
1722606931
1409160346
257951453
708675904
1110059610
479973421
1510832372
275735611
196763525
788069676
1694232226
1700372076
872070441
681133198
730353402
592774497
1401102611
1543934554
436444916
851717968
1703174382
1660375600
364656538
1777941121
1317446755
703067158
1444905971
1165711120
1077987327
625522626
377309149
1239225908
1369556482
1669382591
806710738
359957079
205859494
1982297895
406412631
1097203754
1051430042
938811897
241817871
1318254205
347082763
1141628257
2054841670
2082291195
1305735386
106547762
316880442
173038080
1662588119
603294374
1602921884
367098206
205825453
360056644
225391051
1687633121
1451406288
744913487
1270547399
764037563
1686364190
1612170477
317324514
474980338
2051935789
623905459
1120619971
125680551
622403377
1048155705
1950848059
270368050
565228373
1687291228
804553101
548919477
435418205
1429912894
1923025143
131157894
1814849586
1378592474
85267778
851718019
1830079198
1382626071
748144675
1527421837
2005463198
675194647
494878511
1227447269
586657859
555593763
1639506729
629962343
600823294
734281950
283721143
684101339
658578510
1546236940
1209685887
1506021049
1841967099
869546569
1124048652
1772295723
2116860082
1750568266
1358452374
570504185
75525247
2027809936
471435793
1135601015
1329473862
1052533138
1487441424
551608072
1580996456
1144212461
2005861742
788208826
498324483
261895644
1584492506
1097447898
831234785
946204624
1949384675
399872407
591112480
106952153
12810689
1733994300
1455959843
183900838
1935988906
124409456
1634331412
387808476
441744867
1881885536
916279957
668189239
861808292
1095254788
510785015
1580309750
2090658433
356422530
169009507
1462867756
285180228
1985838167
564201564
980166587
1681330632
1606893135
1352185455
506072447
500795340
1306852371
605752047
1783493959
1671459399
2128503507
9730637
850814058
1456302506
616962422
173627530
349760959
551353962
1884027382
384920492
2071440828
1741762206
65409202
451642857
1181880117
1652319486
209806685
1244800988
869390052
156630588
1844153079
117058127
173373457
142694502
642119648
1166307720
1826140275
600860772
1156851367
957064877
1763470571
766171171
244678062
1884748325
1133442480
98741573
683409296
2123034194
886399507
1302296292
1831912352
1727080707
1157059935
430507228
1303852586
1083199108
724435631
1819976712
2120228928
1754063746
410483008
631760672
1839036540
543962891
372193557
1547432665
1718090437
527586644
688721490
1172067554
300386652
1819541885
873150127
1553490570
1798263771
1200994308
634702990
1768824435
415156401
26261863
1316846631
1907205838
77090014
1480006559
1382252331
1099181142
1960754149
