4500
1855927488
632903835
711777218
774711505
767888075
1999832551
247553470
1948534420
586607168
672011346
958810222
401918077
255645663
1926693981
2101937812
2069697954
924678443
1612209106
855316422
343899126
702029792
428825148
2111471553
1044768522
930995008
757789776
1438760033
1709990457
532845299
1138104622
2120762205
952328043
92219534
1865301530
549226754
1717225455
1493017310
342307441
547393206
6739084
893935354
566049949
366082205
2060430897
450186171
653688193
2129046550
1266472342
67513029
412393012
1499919843
713905094
102161383
2021114365
1110325557
2026746498
187870860
1439941805
492512357
1532804198
814332917
293125536
87584865
680527057
1969179259
311413975
1671898893
1397307557
774518328
453848614
565407793
386741913
419456260
842569352
1159522610
1078849235
2124824421
650958800
599491255
158862217
2109420342
2035272942
147449472
645226883
1939619370
308514370
1077831325
1031088168
1890942904
2146561564
2021356160
887814497
1142674308
255015987
1254135411
1809160768
1818719105
2024887071
2128937193
578718575
568894076
1988619116
1191481663
251879632
946822572
71514299
1005088149
1377428034
1157568523
853396757
1393828271
1033892776
1172798308
1786693180
1535132823
531121520
31142808
649675033
1177265946
164940831
1824374813
825103986
466356706
1441792357
520179329
428924624
17259613
1976953887
1317903645
691093259
247366110
1843261533
1044964474
1397324924
202547431
773220193
1132186119
712202487
1139669212
1472397552
1315527379
784611176
1073299493
1504635445
1435765922
1462863930
654740266
788774743
424200557
201227403
1427814856
1903575623
1864958122
1595147247
2136894889
1488575638
596427359
709103491
1449101622
776726130
11919395
1519984255
489436429
768063307
837622106
317920012
334524009
1058307688
46287662
2001882470
1625234920
1893589686
1757981866
1565659427
1380955476
384330558
1481117687
1299394792
1763267975
1894952825
444345534
871891700
307527131
1140084483
907735714
1462934759
1405894926
1487647506
2029708249
608589961
1854407748
1602983227
1406301713
578658334
519488889
1262047383
2133425740
1618280836
711256307
1206712828
1253417559
1971096665
1434816571
254033864
108712714
1018197031
804812849
1949897428
656985741
1047133834
1423269605
663557595
491694777
1338619434
1483076251
1394267766
1360881475
1195108173
391595790
1549651184
1385334816
1073243196
2076955822
1151476888
268679061
1168019838
282525257
1374506033
1260679275
1680783872
1695227761
1607487016
247378062
2143398820
1222845118
1888809050
360166098
41917146
1710268376
1414962455
1679405436
1584877395
2144830011
2092438237
1341894746
337025139
1749038810
1493621910
1145065331
1696925993
1258906309
1606259237
1455727766
390200404
2015502696
930472141
532160012
671539437
882232000
1115380321
1291218169
403623597
1685209392
626003766
341604080
2034524585
189909130
965995649
1987137833
938925852
829514607
1004529183
886849996
626499898
794606220
1682302537
1983957728
488688633
978880987
2118550917
1262074965
927353046
1205114737
2116913962
642534955
1370622757
2119053789
2129016305
1523335864
1563204786
1848391123
74992485
1556746481
1001583001
893230403
1417605423
1178867385
630883435
2074318045
789204044
334746400
1980021529
1762663002
796715601
506472662
1849856595
1164059439
504754347
142452592
1927910059
1875397298
2147030415
1015406373
2088438819
867371026
1017470968
55491092
1889442509
1124035778
1022078961
1907023475
1477505728
1088645834
2023100162
586946907
1753740455
1363452625
2098251832
662753529
552405510
205699772
277235728
428179007
1097779436
98450223
838780285
2129866636
940237047
1304753960
1479848402
1926501176
760303337
1668085898
1978593423
210176285
876730761
382138339
1943132316
410729803
994366820
770791829
2092432192
2020395632
996159821
1819587725
717469115
1731945348
1172949614
1085464816
1484425287
1720977057
2014841008
1750175016
307967895
1254536989
116507330
1284070814
1652536290
725696308
87976680
727880071
1895549408
1950874377
943162029
1527263912
952736510
1889905413
1188845304
276482534
1513413922
1613450525
1256785205
319528736
1624630229
301531075
1234290321
707362451
609054544
2141777031
1564706006
1529349819
1074939367
278214964
1623897701
952795033
2009174870
2056389377
929137350
377174127
981668253
664035514
1548103340
1698196904
1496447253
501181539
932892684
1482668004
1746647210
577787462
1299139226
748749169
776304123
729972378
922129414
193070312
1900631494
992253898
1963475052
167465884
1576832058
1610076534
237983182
685237060
1127167172
1683097982
296184182
161490154
1291252529
572262210
63505215
989438655
1813338841
65322361
1736854085
327427720
371924877
1908577340
196671826
173893504
277417466
1119599589
2049088148
1486111082
9423637
1234077389
1629490266
1861513663
162487639
903007118
271666459
1874058995
1379368011
1217220464
580292535
1672111574
1565108572
1164851418
979605440
1323118706
1096683359
403933403
965369318
407278574
1609313171
1455988291
897448884
1826846548
1676164477
576438187
1966006375
1580155082
1910931116
1556262158
541150458
2018987295
500507762
1315388132
1635719181
1821306116
1734223458
336917499
497400518
806153178
790745042
362857372
47293610
408657274
1276843932
1334028310
468178869
163869968
564051995
1740729562
1048497460
1019224809
1401307193
1486122137
417833252
1936997100
2000122537
1903647729
1494779817
812081839
1700400972
155589372
1549371384
464848793
422308437
2051969076
313819463
1143578019
1468333406
1665829481
1078556551
1305503030
683423461
777759499
164112051
1738258758
96342915
155343015
1081073470
233891344
1908800859
1210628203
756460298
805340903
390820986
511357280
685291742
1106537668
1607729026
795080181
623972635
505154592
1668998085
833427055
1549570433
1398830074
1981785316
1087413104
1040724545
526961349
88886832
2000758732
1265340848
1459115567
1795457468
335127307
2031142883
1731135601
1322144105
932211586
1403683984
1718982272
660987732
858165453
276394413
1543378697
1823261911
1974212039
1625415881
2028087253
176571447
1511144197
1408417449
1980210361
712065061
1931792619
1203687397
638891341
1926298688
1877185053
1737045295
182246275
1744151805
1431602540
1927690009
1640950284
739614768
283666579
219241096
588118523
1888003449
1353327064
450477477
1526577551
62234142
479345391
1084603197
371935809
71585064
1584882421
1630459652
1268492115
1665384608
1546975291
280425170
1235784507
68585695
566270845
1201129829
632622796
1914026085
1996998942
976073717
253908774
1358671357
1066302528
457094616
705588162
1581753018
132634790
824103100
1048911138
250282917
255974575
217227483
351052364
229740964
1230838814
1586577861
1217837028
469060055
661225942
1319533050
763315750
391058750
1818303153
2077634420
509710046
739590556
1805248262
784475082
611115933
93897124
1315419572
334690525
1778508966
439498061
1606878648
1237679199
1308706466
38779177
1663692976
1402813560
894771433
517242923
631250265
180184097
1685963763
742077085
1186117957
1883824002
990582563
1024202451
678263769
1393215376
520847284
2002256343
204320630
247994061
1050234556
1443434195
468731122
1107010973
164607698
402268185
2113400053
838692348
1737509693
1944463090
314849936
884349030
732038579
425735119
594726300
1512034266
1020449973
2082819841
281248969
922049960
635744611
1614354572
18397142
487624316
2083471051
442380326
502036984
1025039812
452914959
2040227462
659809230
541289199
718975474
1402909801
2118739508
537212050
1207511917
921631673
1150755784
2092473692
1531867638
1392348966
1398428701
1935095927
1572557844
927498952
255372446
898161976
1158096704
534693004
192992319
1852375993
1181556247
515308489
2072960177
159606980
1789273679
241840684
602785083
1084816142
595087144
1543717801
1389298878
140381683
720680895
1521751762
1636899823
1237505777
1890387154
2103549136
1596862400
1945579824
961109996
2132253155
1166781303
1310370413
1493695689
882193980
29616852
371840640
433006578
1984124078
564325566
1612311578
1771756780
1258665100
649006308
1404283098
1580131509
964155645
1362544336
1456373068
1863744333
1715911003
737967993
1689059843
2132442895
1803041223
993613690
1247523568
1786193378
496069446
1875903921
991097772
1329216593
1085051811
1638447547
784161927
693299974
11533866
1515128138
1071861241
603719131
1425445817
1661652820
1163709749
776593706
1356544749
1473072577
793421918
1891938546
1069023384
1919617029
1039655638
907570835
1275725718
1471930616
2086955352
822298420
1451966936
1784293761
2136608394
1170969074
187887462
81378009
1158467270
497438295
791537719
1064310809
812080347
1318529550
335522499
187078952
2118448530
1249054749
287126925
919575871
972651755
332283353
1584572156
1612170344
564715908
1740563018
660907288
1697395147
437176698
528303132
788434560
563009179
1148683766
84569907
1662939822
449954745
13324302
841378844
1167053175
1074955322
548195526
1358888164
522593211
19824494
1338759551
975168755
34090021
1221157793
950902711
1934472632
897388179
1314822110
877326765
2132026909
1051472078
1136047572
1577447119
1022423034
1457578674
322571588
882372507
1310996210
1090702968
985214290
62437876
189757012
353644719
1214543560
694156702
321648423
1101453625
499889894
1688344530
1522650965
811135613
1591658817
994648227
1806198431
730501759
1493713396
644562472
620332517
1486688948
949690315
492781950
1606413562
1395470474
283936562
1099991555
1204449507
853079448
227705774
1557345093
233611845
105015092
425775660
385451920
1356200806
320864271
1641853973
1049345301
902338212
1951133440
1543555165
1000536526
714632380
2078482557
1363799660
1124638798
779885161
279252421
36057327
584770372
1196961742
317019710
352237214
152543801
1968047581
780148323
1463139773
1871613283
108469355
1549941158
1200725479
1742443159
550895949
928389408
2007880333
1428852932
816168437
753304742
204147867
950359224
626052492
2085100301
24595754
277667099
125344783
1650104780
1562839082
1763632840
1989577574
1123216960
435703255
562610484
81756829
348065035
1723399472
239626824
875758484
1312068245
1047068265
226292503
117361015
253438810
1913750896
1355230117
740290330
1130611787
1927961429
326866891
1156226207
18711249
92680546
721857185
547438312
1819903286
81722097
1518619553
147080348
2045668051
2117816238
296460810
1573086391
2007802927
889574852
1112549882
1270443296
1555336088
131052727
1054412760
1258002758
1962886386
1037504139
523228447
1885695797
525035149
1988789007
2026323127
1164584588
1916692693
1252178369
1232830146
2014615325
1135337141
680195020
1278002474
792636957
905147848
334603965
152367013
795438408
478592837
846863844
1392091248
1086222664
969391981
1973954038
91983799
1860435691
227624354
1010744882
1071917216
1198299768
618270158
1936380690
49442208
734733522
402892699
305332270
122168283
534020908
646325966
1069898525
1429751744
905432077
600415282
257705212
500681256
1450573259
840848619
2056471877
273781598
520240530
367322040
623176726
1704906655
2085854344
1008136252
2066398076
535069828
1733388017
1686228896
1696078613
30894918
1537407447
958653781
449401130
229054191
764158314
2034092620
287278506
1779523340
1495203827
1070087794
331533311
1600066825
1022130877
1377820566
1455633870
892010492
1853632900
1289202379
703720509
351543486
1995766878
1908622309
2045465402
882654794
1249833345
1265239708
1894462307
1863563912
889713705
1328799127
1403251757
412331438
1127467665
549512049
611429909
1189563081
1583397935
368888624
694336705
1969589406
1724495834
480186295
665696805
1599875218
250544722
652799200
21952373
583847017
395209821
1318199118
1604702288
947757526
1267994829
1777691733
940248206
226368095
1066179414
1622012623
1031359204
224461833
1614943711
569787241
1015050962
864871932
1212956681
943341677
1826434729
1159963572
612199439
309118449
1982688952
606235251
590669358
1020402429
995816028
1065018472
46129662
1745889378
2054478651
2064037362
1326575923
1182104242
1825654472
89538797
1061028375
1955072172
1433399635
1887154593
1731781875
1393345811
1370939139
101929702
445537068
1842935182
1254232031
904538672
1758571809
1138644037
329201757
700701598
213043301
33748740
317621359
2011223757
2059462122
58064906
1283547603
554027744
1963178165
793908791
967856664
2112184955
615785326
343844138
490783984
2062370839
998078257
1910564199
1641282133
9925289
30423484
705539388
402124056
696301983
2146399023
1993148445
1393771735
1856352396
461473059
165713731
1921339397
1028050097
328042548
631093868
1450379065
2031407075
955134568
420249417
366613937
1080458765
425936315
1885100656
94563641
1599641631
260736503
329230001
1049288587
970531228
1244215129
2061430423
1373585660
331279206
1632576642
263519106
52597267
19818975
2013015295
1237626608
651473513
1890373422
890329875
209297784
884415233
727871724
242647682
1235520598
772153318
1462596568
1971152511
1839495383
775961334
2034614280
1806395420
518895902
1463049643
793984313
1664269316
1675601818
1194347533
1341609789
243542444
1325019186
1783103039
1659554327
1719816398
1654923296
1036978963
1676719602
922711980
1926446682
121444901
184548387
1833886254
1678191335
232152676
1596187320
886222504
1143474385
412162057
682950816
563035526
1526328499
1204887266
1789620978
1089281782
1962284622
1555199193
1642813358
1693616330
1417342896
498851743
613192554
1583174975
1650710170
1257409384
1514069147
505842018
1748609855
2036839718
705368066
1595433629
1397566051
947477715
1624427944
71298382
959187960
287244075
2131712985
1227039645
318893047
1102796907
1265685644
885297802
1721105175
252456615
991860931
2023590267
1488352835
485565307
2004487625
14143313
1845684082
2145554147
73703482
2066735433
203828610
437346681
153751859
2114501006
514936062
1565068714
22022744
1096424593
401082187
885816279
564918745
121794542
1592802411
679936640
155203253
1646598288
435491316
1024092745
1686203805
2053005525
602858526
703788833
2093306857
1303766732
1658912035
980056807
1153148307
517509810
478025417
161705874
1307731888
1799558381
1413783936
1329928570
847672839
1109781614
792974634
367112632
1631672010
1055651071
1322944816
2142214167
1636128444
908885226
216061114
736005561
260631885
1408361611
13465315
1627518709
8546754
2120074017
914884519
1462314452
830793283
1205048812
79228701
1449045079
1525646615
401798693
2038965746
1550300773
1030747140
1925863212
1641791110
515665075
2092513624
1774931235
4666460
64118329
523225012
1244224168
503088136
418509517
283892320
141313936
959450272
401597836
328407548
958332634
830486275
1111738147
1403684725
446952676
1947330093
756320119
1864479275
1280841225
1311944713
334760102
267924117
1263353002
913431780
1713551530
1493069654
755314503
155267272
72627271
1104324890
1421223618
1733196351
185462853
576409356
130145553
417786934
265874688
354392890
1378362089
315964587
1704947586
50296445
467533433
1984663106
1320141882
434873517
605180214
646586274
2029848929
593443208
1334380131
1410581536
995557694
645616690
1398131077
643900426
1215425408
2093360038
1163871294
2049164341
1857513790
2142122826
3400807
2068436832
33121603
940769037
265890586
924046738
910166024
3395376
157188614
464313555
17543320
1401281847
1058839185
936827111
142866257
387104654
933909267
1851487304
1043118278
2015370916
632301023
907202507
2094671605
369209338
1524834269
1752236853
1606214671
118913852
1351638307
229336320
176104633
1746036289
1682051400
111582081
1082907222
131402146
1327961067
1778283632
1941497073
1764674634
721811500
1654162710
1621970336
1058359322
128231991
1532138245
1635551632
921171524
665687434
1149092901
1427096208
1468408685
1950045156
1157076708
1410738944
1930898433
307487362
835822225
1783977795
612761609
1169973576
882450303
760389627
282128443
1890474081
426718995
1332644950
661569878
135759554
1396907219
950748342
1680476368
1076705400
1570696617
1014434901
536072564
87827605
1083726013
905167870
1296991978
146658320
479596398
710177806
269625920
1121750906
1220214176
185196253
2003488407
1152308509
937970297
1335302762
1007836261
395532225
90644324
1627862009
1139187472
708216085
996882950
924637316
1327273945
1944752806
448742124
292882573
443685603
52106688
1678503646
1693831502
1826534207
465903832
1615521342
1744965585
1986318226
1593633152
655783431
504052288
415511859
749336440
1722222650
1564095233
703511989
214096426
980378277
117973667
2067815008
1836148644
1785246032
247486934
1872453912
1739096638
1044337808
1862548502
766123900
64251562
1689352918
1502228883
44480653
611222427
1217429601
980460029
1428834253
1281218060
167122774
446559758
379866714
1798099234
861812860
46572114
1966827062
826133333
662100621
986855724
653803391
709293395
764834736
527992075
37479435
2088687644
1877623034
1242540755
916603951
788683508
797791908
1822708733
1553074784
1109217837
1742305449
244637940
953858030
809407706
325237432
1141416787
2095188285
511744893
1110370435
213655525
2063704387
399484407
836351606
1018911097
970325869
634808833
494319822
734208549
140491274
1996114301
69346668
1713534652
804783003
13635640
844192434
1008001006
540636832
848444062
1796485264
1387191677
1948134063
1396818932
597168263
1133860820
1991511897
322600099
1549653449
1725504147
1491636572
690219037
1085502963
342840963
420251358
105358124
1445097540
14691488
802251579
1182159565
715392859
1390690079
1839248263
2076449238
428621823
768232624
240050916
1451595526
1815915154
782094935
1749698214
1846963238
1288696420
1076344232
1065841267
387074934
906966680
872544049
730584215
1070173743
1159866860
1024945315
722967177
1004163829
243989352
973636353
1863310540
1006052315
1495205433
873335055
426382225
1728324783
1724729856
286458187
603574845
634636618
1008970664
903773250
1579273325
854332354
614726877
927365950
1871258149
1675451050
52022335
1065671073
286651354
1775474589
1380056846
1994866753
881737223
1932213405
322252578
221454062
509607651
670208863
1143330083
1932963457
70361501
1868604209
1529034765
1780481007
368816744
1147838171
632431897
1213397414
1854725118
465623844
1462530154
832019050
1132014133
2107395478
2096643419
43578240
1268094864
2045088145
13110884
1439590026
910221542
90077043
1446288850
1376244827
886743483
446110400
1780579730
1626723942
48871555
697794630
1736277916
2116485680
143848223
1967569978
1712318022
85144132
639697472
1975033943
488856742
1055775099
1853798167
850064055
1023391357
1863867508
295994942
1234906008
524515427
1059943582
1998214335
1996340113
256780506
834574745
198085569
37739078
17590066
754742312
228816331
1482480703
630639928
1017337945
708043160
1894781199
1781831293
1554302707
359665517
1305225784
259199182
1948711216
1339286762
2101422148
723703034
580088264
722954675
56218318
288081360
512595810
928680667
1853469888
1279842858
684349308
569190336
535077943
14461840
2061619151
838100694
2027474761
1227870012
609485114
1984843861
688149461
1401550413
1981385117
1664398348
1262443691
1203164681
1866032695
222319826
1368639518
984078309
318553583
1653431478
2042320389
1006866884
729396136
971119064
526212769
1385432775
961429587
1255735763
1098190994
161787553
864294184
556728089
1953052212
42026700
1085703748
1618412538
1115587951
1382443530
1018395764
882108303
678261952
1314189571
737177466
377064024
1812240939
1129912962
810313937
467026242
2128646424
2062973834
683150725
1533381552
2002937971
1351202731
1602007146
114101634
1714264469
93389131
150695035
906286524
1855358377
1877762608
1457342220
2137778287
210402533
239520449
164452938
1523193141
1520061419
66644961
905316075
1956647306
1995461169
1993790855
1553608454
38198832
1444618470
1182359530
256079899
1451193137
1723179097
364141543
119444739
1764996058
1628815029
604670571
1967036689
1011460901
2051712585
2115001787
1319129304
42602565
1909685128
416186500
2028381697
750457434
362259329
2102732716
48826571
70282488
1607045578
1053894857
2118967804
1093780604
1048387371
244571076
495127961
381176334
1692035039
1587462772
1805802755
2082777210
972435696
610531605
1236804046
279852953
293132295
1921805945
1464319667
1265400003
1448921183
1236591563
164774586
1174133741
808286558
758298170
2036271983
1323223698
1867511057
974220637
1310617339
333184278
889054787
865735883
1163882086
465245749
1471950566
836066291
1915842528
1910540270
1966474772
1536785968
808124641
1432993609
1988468227
1456796487
888053969
1888131234
68375393
1592190871
1193710189
336403576
39084692
972454917
1607513829
770998942
819078625
324652831
1557360664
828669817
1761795200
306039838
1911851493
1762514894
1117583476
1491059759
795553190
880885036
254669976
1909050969
1130748768
2078896611
786281149
228781912
234712266
885896651
879190747
1430522531
892215088
631077274
644935725
2028116520
546284913
753294427
1753872420
239218293
581255916
741699178
1983596677
1023260524
398388545
1438957340
514843981
689542159
1753511669
2134257494
1470142318
19884777
677626053
1119653747
172688139
245680804
1983575349
590611019
1834829060
595431901
1471662554
382380562
316611147
1115365163
2114243054
1325046858
1229032798
1666796077
1014868169
1270226534
1256074320
1041900319
2017696674
1120348599
2001651786
359758640
2041232462
595801956
1982249555
159462691
1318679270
34887085
716616290
288841036
1460857031
2092466959
1285819800
1371474315
591757894
947409645
1228715028
680853998
2090230045
1643502125
1167097768
1576087826
1229123186
840229619
830024151
441834450
1951493595
1297967361
1473888812
1664459290
564762215
1880710742
947825786
264324770
944649730
944682703
1009198804
1477328836
852548390
30850326
2069977203
1441206083
809010918
804498999
1560405870
129393357
1840539608
1793433149
1092622088
589167578
596876165
1193256000
1100967434
1172988023
907737529
2128498585
1232069902
1496601427
1156703573
1577083445
1607310552
1134629781
1644111878
992138905
82385901
1423074807
447665087
1478568814
1635849669
624387077
79310005
1195046785
1393998014
2056197432
699046959
2034222816
176522137
445501083
2054204142
1682062836
48735460
1379294102
1720189595
1098090155
181395595
1503128929
1212250283
870843515
1912733194
549573761
300687551
1093029903
703774495
2078146526
95839730
1602321557
1199070712
293815559
1145056893
2103419660
1479840395
1601204688
603391124
1202566998
1717641781
520168190
225790449
484549487
1372058930
1271751935
121467088
84651161
1422898385
201661758
759840593
915939152
547746364
993540145
118298846
578962325
1940902898
1566352338
143872255
970561697
1770671296
1224937150
162235673
429546063
67295618
1691054163
537132894
150621247
277989405
1699371372
257630234
963300968
369034296
229641436
1828376809
2125543886
1643802440
245522021
567803539
1083606025
512802319
1004166373
684661409
919546990
193322580
1916190893
1016506142
316436232
264103386
756294995
589350714
315081297
1392347260
1927022700
1648679594
314153485
1886066202
1843106712
1806311275
311194844
374931820
932391680
873225291
1201483505
268627366
298829523
873697982
976855092
1107707223
33493702
2132261175
422477499
310335421
5199557
1850310119
1561693170
164888530
759965534
1423511708
136644905
827642564
1170791664
1272181890
1180791533
1358812495
1443485018
1653791676
1832027633
767539847
2050849573
1655736321
1484557052
1306175989
1266030237
1554167362
1719593786
284397052
1836410139
1546522626
1524173992
363653658
180025889
1913529828
1010202188
1990998196
1768318756
843739706
1329806377
1561645570
614345711
1557226055
615101470
1050761755
2068606704
538077737
1190817996
1503966894
237141337
1131421029
1887406076
559648233
1408504638
159601210
1344019678
1360481439
2090560636
1078479707
1199125763
1156297759
1874271216
1064233562
870372728
44560570
229813439
52881897
1044931930
235157583
1454049775
601956462
1579899737
923594729
467644122
564054445
771174808
167008936
1702993776
1401411907
1726587408
1670631312
1070671984
1252087022
1432496726
1845852052
798713796
412923655
1439160474
1826591891
524852342
836327494
1833197274
1220169478
718028579
198238830
1488285837
902368399
1239933592
659016274
2002085277
561008036
1968298833
1740296703
1169958696
1189156061
74493977
1872925629
821650465
1659032566
645681803
860230343
1621691571
2064966429
49684250
301291385
839063330
219184752
982033641
128257966
2097646646
1039420658
847263465
1862548066
1611127478
1258450485
1244480310
1447352743
888042545
135925889
1386312673
384871451
2126885234
687181797
1582864221
860024843
220134950
1714822015
1065242588
1906322786
1176194471
1197860001
1352764554
1222969373
2130040545
2000278600
1824966951
1852119500
101849241
125553107
1223300834
949146932
11412968
1848008953
841083882
258567945
24787615
1297825913
145996831
1305596172
1148622454
1140649939
696998121
1163629679
1201185510
349517327
1420171832
130220897
114843229
1716584294
2281010
803021812
1969688699
888851490
1825010012
497207828
1693468367
1325180523
971878122
1999876448
1726355626
1326620854
602352081
1120575690
1392096280
293002120
151686043
331059951
16855219
91231503
1186618833
246737387
1806413193
172735929
2027334033
2006755468
1552200752
917280588
589979662
226669934
1894245843
2100747175
1300597549
792798358
983953003
432204204
542459152
495159775
1983627877
241138864
413825131
755913598
1268588970
931949100
2009098661
1581198210
1303602296
590800921
590611972
350184291
1876004641
1579178769
1077738644
360801549
1870573415
1467526416
1834589695
2076323221
1008172907
1251289824
452887823
250072868
887640715
1389161262
620431158
813038662
696273389
1705229330
1935895519
443652314
1595854858
1804376577
317844962
1093424318
2033999231
262974835
1643086546
1855016595
38765876
589812082
534080381
319536548
1963935783
413114804
1660456090
1379967979
227783240
682496293
816811587
2146732133
1423294079
541362133
830784855
328612303
1211073258
771262781
1009050120
252155973
832414963
996598445
920349184
1868392406
1017320922
2079744416
411957087
2087660181
248518272
1516442021
524763397
774898461
705529013
1385890512
595782651
1693032101
569208270
227907612
1149968836
1536305012
878832761
1089363231
56160981
160841327
559631346
1680631060
1049132247
462421615
737047829
1103048907
1662114831
1082394038
46440892
1104813201
177726356
1130203154
1689606561
158815913
691903699
1182951940
831239890
669736446
1511231687
2037932598
907538630
294782820
1246615429
1186210719
1708012059
238947627
949219472
1103859925
1532212127
238298100
1994089330
207877311
1685791128
144349705
1516120010
2052408889
223430339
442924347
106812759
1939566969
284885562
351226024
59022478
1825483441
1313178086
124918833
517277348
1291569236
1491716187
250444114
406420999
970302667
2141484998
1541311061
971284085
156797375
576907081
1703473194
114511078
35168518
2061925957
781326562
1205966954
563376209
90134936
1322851751
1543725655
1376016938
94320265
714353003
1364315637
1329604855
950380730
1457284722
1908308275
1953734888
426153104
670135679
392002794
1249581687
986445131
1167944458
1230451976
1893803086
403957696
1715623591
1404227769
1637232097
1607204730
2033864806
1095412440
429603174
617276032
357764887
1482385894
1593349699
195636748
1884161885
2000611500
779723631
2052760156
2020479155
1879303661
1371969838
44603153
1631294677
1186168211
949312453
930002884
281560418
2134206353
1841976755
1469777915
1524324903
1961099709
1669487025
957492965
1536120721
117513861
1461620094
548998341
185228457
979148451
948656927
1006933591
1343879607
1235079145
1310419984
999356726
1738247631
2059441880
1081060167
492898384
1790586380
1903648169
1342525262
143060953
371921642
457362868
807595076
857158107
816942924
993021672
1627229971
644278834
257134069
139481162
1695473189
1421237050
969381938
1125472294
1404388685
1451802972
432366689
451730522
358033131
1292529657
1812065206
914547369
56759930
1376138544
1505757295
776038612
949951144
218826341
905878686
1237095689
343210070
2021848236
1366114297
1440525815
1305576400
412903566
879785533
1924586258
1888680869
1627825737
1319005493
1160096997
1114270427
1168284355
1329415061
156396899
1380979452
1969811238
1651234448
411056183
1606606406
98985301
2059278381
227138108
1428937366
1624210418
523628080
1352891141
1121893061
340548376
1772197777
1947274323
508584347
968755219
2038995710
1889698369
54293320
2111693343
468729140
2045170690
1385361621
1882744418
1214283586
1327940532
1294391517
522468350
1471325435
525889215
775344911
678856889
22168105
1264363033
1409868329
1314229460
934924933
183963302
854728134
1252689871
1830016622
907151716
558068931
181658661
487160339
889152397
11827229
811117585
820495124
1602670310
1678060549
712918256
1868842882
1538466305
229630813
2009166978
694840181
1517248733
111419707
492022972
964306763
1629785099
304317213
635281339
859920000
615070280
1845081032
2145918062
1295551929
1391720527
476603666
1600926413
506230800
102854693
1732268499
1428922369
1019002644
2088721119
1639991544
563249852
653883233
376256480
1760771834
1610831615
342366257
67358010
6711447
42875635
1960376427
2039771175
1798331666
892631857
1654019535
858854778
123879428
586770036
915792607
76425498
1008464961
1042377269
964025526
732901127
949769617
404780819
472820316
435104622
1422293756
81308850
2005008892
1746260637
431292750
938102272
156276570
793411920
1393843497
1106640430
1126126177
165019050
136131987
1322402697
2100628900
197393962
1562887599
1154831741
1171905456
345340734
619792150
1752444701
1281414637
1884603978
1389126821
1855450221
1405448939
1467771690
219526263
1932160684
1757766731
2051135286
1365588316
410732591
1266679196
1693764218
1914039845
658370664
348397983
809799522
786192396
1577205966
458602819
425458528
1212489629
975714497
2106831414
1256535764
806663172
1668286887
2013758437
1361464687
1587606875
107441028
1502035751
1753712213
1599989302
1360345392
1907565395
250905780
1425434282
1885623279
1186446646
2108239785
124384736
1542377652
861769038
1914397438
80248062
1894411207
1183790440
1909614145
2001019037
1410811158
1503604745
2115841728
293149575
1303504015
1387662649
2042127949
1406116175
1367967257
1827813828
1402289176
1949550546
679194183
669142429
1595014423
1530493419
934676090
740483298
454390739
2014998915
759136458
50916365
111022355
520108578
1751762031
1935780885
41278447
993278600
1206641278
762384953
618408458
1492043702
512184607
746043785
1293295533
1755201208
1782067429
1411999148
838269078
530523827
152164524
1419577431
395384689
8281055
168339784
1197428827
1298194108
1593721073
1594501779
1148239666
258101388
574093872
551841624
1578649590
1638037365
424783590
1151189373
110327063
2130548145
1835193382
352163404
1523390137
2027626153
356482753
2049428170
694384932
785938017
771997194
340469794
1298604755
1383299562
1029176613
1837379472
408623780
1004916660
679964250
171257500
253736567
1786904429
362904677
1714723729
697364709
604197665
2046772645
2018687424
348211231
1130462918
1269177707
618104268
735716194
1759055938
555751155
448391556
1942667864
1643751558
92509928
1852913808
1645130227
1235942146
1686302409
1617032313
385141675
221877881
880606704
470210830
2012199920
882668716
1789385876
1612132460
1050218277
21255026
1334742405
1728802706
489671013
803591107
2017114418
310450753
159089536
1724867442
2055433945
1260318666
320672377
461106159
1763307506
968515190
1651880986
2134068109
1041072473
1973370961
426624743
1269405102
413091360
2130370522
1334052756
363731513
358556218
1535853342
1185830714
488322753
229286805
1859371224
1052051898
1717038764
902231385
775412907
2027010993
1121733252
1592711585
477981462
226144643
1263108461
349023268
123141493
711179505
784787603
1677749291
1421317865
652061413
544517132
1364577987
1154525273
417151835
350572129
1738955047
1757107272
890412412
1856958828
1144881942
753793971
1218082728
709191208
804053127
968823264
49378543
242091338
486692086
324417813
317938452
1606307648
1350192250
1301063158
1238280504
313939138
250019490
1465765079
183877152
2032658055
1537587459
1420383551
1211532864
1824230923
857419954
874993311
625062441
25447787
651156709
714071081
504001685
1488136234
1684363640
2065084744
797427862
1016820424
1987956879
2021422621
176177202
1146678161
2026794354
1897265866
1143560791
1451793052
112580244
1128981837
1216569702
2141551058
1573891939
657234957
108712275
834266578
69084044
1290173334
1710769461
674682266
998406188
1189630295
338161363
1407310541
710780583
1372332409
308384749
1609230953
1666318008
1796747739
943330516
307948765
1547620551
1260281627
23558779
2133595491
1856970781
1029289990
205556976
1048380476
705977610
2110481156
499184056
326085760
306587488
821545325
1411043694
845481631
1524635855
1061489601
1761543867
442926806
1245091401
1402715812
14996539
1051614907
750496627
2018176578
79307448
174032034
600632308
1280338825
1736787840
429818947
553868865
239492925
27349740
1482430263
155086306
1096230636
1465771463
272794744
1220732218
2075687311
820744405
1280756013
333901841
2102317819
1570617744
1509853412
635708907
3811416
1420495337
339461645
159947809
1278010553
565536098
252666185
1436549208
1888365792
729966587
638804648
1225636354
680029303
1735224348
1652427155
1488000595
1329932428
1950095542
568239339
189560846
1907826076
1662941227
1610953563
1841861641
1987289796
633574917
61197218
2085401145
54285994
747349278
241749258
314898446
989467391
939568656
372823856
1368373997
638200187
1021232565
1992264348
1630198375
299820907
2048183009
924979383
567943818
1947492992
71740754
825126043
442480080
1614449960
310000364
474649232
1660911525
1723175437
1136097070
932595983
1478930132
1043691769
1703245972
1808846938
305149739
1751519988
2001522428
1588810524
1977572384
362294861
1053323837
378609284
726221739
1648694063
1036924948
1982767822
1728483062
611141576
970445493
98581218
866516542
1576246350
1238718070
807517573
1333336604
204832618
116541650
1291310223
1022617083
1950456459
152450505
277618122
1375246980
908965419
1208602438
781521718
1686661116
1630332337
1313444426
1161476872
695353271
1965489175
1655633253
1732845578
1941481351
900876308
1782128594
1721864680
1099404040
1836095557
1130243657
1291562348
1706247753
1072727962
1080939172
1109863558
584663064
1800671581
783216963
1948221090
928787406
1646095681
67118918
1851926915
664001612
1889743978
1558532527
723054685
95047079
818728197
1762290218
164152601
213823369
1641553523
1013249819
1012301819
520583098
1359580695
926744561
609378387
348945346
1531396863
1468435715
127620203
1278350329
784380560
1242869040
1955269045
267273481
1457747162
2051998611
586925414
891351706
1140744237
724754134
412681341
1051203921
1796468244
1418253971
1410065436
1718161795
1232922426
324530669
1135890758
589813999
186406829
1958696418
1371538017
463824221
1225116483
1048542085
1485845994
1977482820
1368838626
412872178
1602173902
325099608
707054434
530485483
288802053
299394574
2105539665
1864724194
1911028872
1359018786
1907157367
545525610
1960208093
1298077368
1783954704
157373747
767986267
1362492572
210727495
979035238
2080464866
1397950700
1807976917
1440158039
834505574
1432895826
512034343
1397642703
1675582203
835645389
359395175
594890759
991989746
178996330
1829281886
1842366734
1355869934
1921646683
389355944
1213809196
1451268197
1890658028
522493747
1442942011
17115277
830257530
1991416722
687334579
1818926886
88111131
714198136
431758605
1870729494
1179102370
236762899
2083080314
450371387
1487666453
1722311789
935293385
1746483044
886850881
1499096454
1217780413
1808899284
1338800533
1570971469
310296777
752695165
971477187
966614815
939896016
432221483
2013034211
347355050
1393641552
1836401091
1736378052
2014323634
2098314239
839057176
1905659109
594310052
147101346
1894884549
1720668481
1880490357
666319391
101310962
359836042
317992091
1909510860
1921799043
294458367
1771904575
1699534024
2078133914
434952371
496391804
2041512764
1373400674
1021818073
1275232002
1213857198
1848536769
467930175
119376077
428955351
1459342034
566109213
1913130905
1422930598
1822664146
272786565
1719862825
1736273081
1797159761
2136318961
123513662
757482986
1289623423
1115977696
1500496978
1082694617
1176262535
668111064
2016814078
1557505410
480883032
616766178
974091240
448150399
829195352
1286809935
461196087
1555670013
635580800
1438590965
263555277
720890618
554892192
2139903473
1611397475
231784288
1418309557
1634682824
315900461
735042035
50336915
2072539572
1702696541
115337904
1871783005
1620031826
1019589156
823463873
1164053328
1814565172
151953524
829936687
886239582
1001658731
2078721528
358200451
879266051
96783244
253081049
1390161630
146762088
1985686355
1149521405
762533836
1878666339
1683358192
830774057
1028454788
171661481
109354976
1461323176
245709241
1507594479
1157080983
2080556271
103925605
2066779227
1565056760
878943200
1408012869
2093700880
1320356349
2115427848
1034356671
240147062
1693633892
1472182880
1861147080
218672354
1057593488
2078462212
1139625339
1250437766
1494980415
1885670938
822743180
1121310038
1858186464
1710346025
2033883197
1420295434
2101900820
1911115518
1493632770
1868902491
1131762411
9984330
611163019
263910328
1451915706
1956268053
300787219
1287340823
1113788525
1130776295
220399417
613538051
748703746
2116607936
1870345787
688013282
419474822
422235901
1705823951
553625888
924454179
1797660544
347777085
768577140
265288750
1225428833
1097560685
2135431419
2063528780
1372732371
1363074340
601576166
2079695045
1898419554
1946764815
104865435
2104834797
1455266936
561966666
866776903
1678891466
458974465
1444395473
312506697
267115052
196862969
517240014
1135063585
752568210
344129988
193897009
2047490403
440815095
296286303
194761184
875958212
1107014866
1323103756
145588083
1480411239
1737122002
1434454706
1207334691
1512798443
1336860232
939088757
834586126
922808575
428864408
1631887149
464465486
944028626
1101216489
180085411
305997511
557737727
137544992
1497208067
1639997672
403215342
1537000398
1173347253
1205524112
1372409670
1887845060
1577201341
1107058938
1117598090
1616493552
267271496
1575671358
1316112287
2022385582
735648186
1163374645
974111337
1530493073
1876274582
1974221493
1603235651
736597217
1877571202
827672862
1938684153
1092954424
1691650544
938964265
1963388584
908102198
1807606095
924116375
856790329
1027252050
67432075
751672110
684687074
1054201086
530151589
579029054
1224600605
498669199
1700445956
894021093
800780975
1820315902
1411311277
1445757766
305098602
1974467764
1210297833
74703620
686734716
841953285
2076797095
3162549
989673121
670022033
2006533315
326560830
1552841778
751747633
79156906
349703655
1705805356
800880477
402975944
766983974
437812358
1952922959
1397337167
995072767
1960204038
465758688
620099003
1363959240
116671915
1709508088
1041109006
2029980578
1514070083
1338972120
151625346
1079778904
1303584662
165672466
59038616
134691664
1788812603
1103438160
1472535994
1071117023
1048746915
1558521429
1378984846
1700791555
1457542853
106694856
1375840338
538718592
290528297
1573041452
461422564
1125682254
189377290
572160812
2104130311
1274109175
438590643
1716883349
167662535
725189744
1428133108
857052928
931979658
980380572
1612839390
1935226893
325014853
1070168380
1328903306
670152028
1291468358
1078136880
667547972
532254665
1054643675
611522085
904992636
1487220997
1023152968
1557463391
551768606
937860518
1482672534
1045262175
1665155062
1971138381
1918503320
1070809700
144339988
1772771079
1761775661
373704877
1392520597
1625581470
1504835863
1671195145
810668107
889218849
1834974255
1252941364
811017472
678161129
1575088423
957148009
2040815935
1651505079
1647647669
476556382
209713203
1905650947
1929658378
19815946
2014982718
1667725267
1608187695
1144370991
2139590111
1323469741
2021489459
289981788
151971764
555378068
487113501
1555026800
326920798
295605865
1520207680
1574295712
1380599610
1583420591
1366234718
1297444281
2056271502
1291081521
2085396528
1222003675
936034207
1897559812
279102253
1128551095
816531723
1589533210
291070053
1342772871
2034364628
932177107
1440331553
1678833439
1223830809
1922839844
834980401
1468316870
1203975114
1314579506
419039950
121683996
1203579727
331960539
246369915
1832031934
1143218827
726462835
1702562219
1659259551
159502681
37072685
1364317554
28055631
1989091477
1641629475
194525869
937407537
1462663715
526431514
1284097700
855251446
1875370470
1971365315
609642367
708239882
1752683907
1735782671
1232539771
1706434575
1688335481
1052711967
1088071035
304335248
882405511
187425727
1470902378
151888710
875120262
117165761
1033067660
842053723
302136719
1592051761
695221063
36132888
1761390607
536527124
1370705938
1593875532
1166154684
1938905936
613606642
1533704061
1717205467
1532009428
327067262
1161251626
1096114041
1305846850
1884457041
1948780086
291431896
1717073478
1240068397
436456172
1957780085
1341111418
1758736233
220601700
1727313743
791387607
67843303
583834072
742187858
182490913
11377591
781005375
251116109
387669449
249360781
545125886
603708870
1263978949
956386652
62348847
487148664
1462552591
30616063
1257907624
187482854
1457214535
2024573880
1768007242
1335288854
454458344
985820172
690732944
1519921345
1841326090
721907112
180307047
1033017591
2000711570
1100536085
842658365
2110933633
1179791703
783737009
166653456
56470401
2118497977
745090373
1147063333
1877905562
1439276488
1024504282
1347558697
526716427
1517833116
1011337249
501187719
203757608
1535190502
311530736
1128683395
1324346203
1877399122
192525373
614908491
1927953428
1122735010
1088761127
968914741
1537224543
728003884
1165340386
1761666156
66591664
281856938
855643325
793375334
1780813787
1125287130
20394348
1878673999
231351350
808752232
197911754
1356866446
2057278111
1290561428
1986230106
1910479655
1930073914
331046510
669335058
540381429
1798903709
802508371
1707116452
1499467379
645010440
1065421937
720097285
164967700
1835786046
329777114
763247838
1876014077
2107186872
1886239617
551838091
1789380275
2122158904
348692758
567364596
1125628739
2067507390
892635789
1546442823
559612049
330026652
532184379
1650478457
1907014760
1366202399
1838703311
1484931384
1747642806
1250600199
2032913702
84067536
692256549
2085048580
1148370806
194566285
1401756943
236268590
388071589
240265423
1151648680
1970617260
1492940270
734400874
1916670399
1089470942
259851482
1351412494
353274480
558714421
1809350074
356294224
724591449
492688829
10620286
1766555820
63527795
902271837
73447549
375027854
366876897
459665381
2022857750
914844046
1482362719
2079240990
582269400
193521836
695987790
1303165540
2131593394
997472498
265983729
1816230614
856330227
1395560113
1066310386
1165903861
120768806
229285107
1374044838
1183212743
381782719
1110665490
107092682
780852264
757381534
52782904
800852874
1704009882
934741032
1637277213
534967755
1926591578
1143940124
2039518213
2046024318
796531299
979183777
1570226869
1230604265
1465142865
1508821294
795497279
425447560
583533651
51625633
787374887
143083853
566456731
1929062172
1198919600
2004258622
554392782
1665330854
647531201
2057705038
2015966811
1704084101
788625162
589004720
929822728
1656228697
616008731
29980536
1250741792
1455844937
1065058970
2109283143
1168672523
969169197
1660962954
757197076
928959432
2125337347
333282870
1572418555
67641357
815650682
1530738960
1487021031
2064886475
2014672876
711332163
847723324
146654774
948045557
1919055214
545678579
460347432
3312091
187057760
1454934782
222163507
857387713
817085569
1698542785
520665541
718971901
1273008889
1557572906
1409685842
2091169908
1870429321
1010118850
1097873128
800741299
1773789105
1129030671
794179166
1834536765
81386162
1241862637
882655196
353318030
289181748
468726212
1230786859
647385200
370588468
578893185
536401364
476286979
221088622
1404838075
1850869430
542113817
1494862242
1797776693
766448479
1976323614
884163497
1729661734
957092122
188404617
761626791
477601374
379434011
1579722756
1364114892
1867785245
578539358
1010744086
355086828
1587747477
1032035520
1826879062
354851362
364477940
346213840
1974036580
921308730
505993128
165438282
1975088845
1512315985
415716295
1098403330
44242916
808398210
348938165
1391384252
49943970
39989900
806015098
507563667
962942897
567514894
594645182
1267566350
215233859
1919844028
991680318
64459508
414437431
2119911657
2035934414
2131316138
840791603
1037852046
1211845382
342502457
1427573758
1121992848
625195562
265671911
1461616357
1051324138
521361306
656801853
1247362978
1662026319
1290509180
140517446
786482192
1878466041
471447572
441962993
1707414004
1354637800
1735362319
781653087
1400787108
76458123
1226047570
209537429
1034314715
662784528
1997813724
1789263560
838045024
1371613270
1061020665
482901142
713889827
619463782
1592552532
1902190263
770902438
1192368537
2140241640
1939174712
1456593993
902922796
283258771
48507903
37438078
1261888468
229743926
1934736163
1490874217
18588495
1889673399
769843106
32402196
1994908062
972423876
307616548
212790004
2025291547
1743305377
673938479
2137797909
1174628564
655995905
2117136125
19630680
420490229
1219599645
1826313435
1026398208
2005062224
940260654
1223042408
1839625016
530384702
969462535
1891980818
1830984098
1958838869
845085430
10242743
1144126798
553762148
171842670
1569361281
1662129579
949350307
31678911
843010019
355465912
121655904
1748645032
1675932166
1048282709
1320987872
701974051
2006176612
413433645
545073414
397810602
1436724076
1887095619
605384572
272770402
1362929886
1372236074
114625346
1704222026
1473714829
573436671
3282829
1877896273
758276191
1634429096
1237660240
865884562
498655704
538771915
548911400
1569046553
439144420
997607483
1638223378
433556694
1018539083
253999619
252814057
1817134518
1216256604
341587025
364088877
969987872
1245083256
1331520621
1760978625
521136848
417511290
2058109850
489859306
3523872
328603091
294819753
1950278080
1905044667
431750216
829587120
1679418382
827971411
1623834841
1135149155
1989100561
1731125511
1934009153
2144905400
2077695037
1025231435
1379637060
412428735
1766988000
726302125
1664865171
1250494092
1621282109
1991040727
173484629
273564867
1116032704
1871077470
140978577
1800611648
1541806601
1824137702
1934099336
71561369
718880539
1424398081
1588477683
1536339065
1815270647
1048032437
292171361
1557529278
430028427
1274587118
1812607531
1708658995
994936573
1779307526
1928118041
877547092
1863908614
2023872806
1056124747
861106953
1254717559
820601277
1831230150
1272737074
1165286746
1175419195
2126378824
696342987
532068603
1315613367
2015084610
1460897547
1364045184
2001282667
1852532727
748257043
1440884448
1568354469
414732007
1114249657
1238849223
551884679
1651115176
2067764944
589789276
1770107248
1782091700
960217314
1902927176
408838986
1237941705
2012616474
1934967243
1194962649
2001124458
1338834715
1995106467
93145229
190855354
1423114216
1696792445
1911338592
860440562
1439761440
140757796
1656845869
392353737
905356197
280566871
1234021050
73623170
1978758812
261851813
1476285252
770556691
2135191211
541784706
775293331
1856476521
1725446835
819816434
2111391556
2063642391
568176533
1665334167
361051484
284959466
305871684
1151362783
880410989
1215047158
1574854387
612403184
1449245845
1144108714
912929002
612259408
1530708285
640749196
215738229
740824844
127705516
1288427819
652110438
1140644027
1433837090
164771119
698740251
1971664838
1844880211
805010506
1884067011
766012168
1759236152
85447494
1774787014
1098815482
369591412
1548452531
1152942890
486632991
570947346
1422202646
1565776874
1310461047
1451709430
1988053153
873133723
230370545
195584684
666872883
693974909
463378753
393852104
992160528
1437165201
952952496
617110336
522797936
298682876
1202354697
1522214422
89067644
663734367
399824066
582969643
669719164
652825312
654518495
577784656
723185600
124540846
659371083
725720211
1848869971
186514412
1717135085
1909928912
4545022
1245535782
1075006791
1393677806
1264939290
