2900
157895593
1541290738
267711583
1347555508
76100479
846325921
1592904131
374796549
1025298117
316637832
162506391
254024620
160306692
174585504
639842176
1850723406
406204641
1006663234
378580451
133186258
853229841
1355868754
905178145
1898265504
231027588
267693815
896023744
885010569
188914675
410949792
670601381
639393683
1050056171
937508897
509691169
760716481
2137567256
435983973
2087481963
1027402057
149937591
389136658
1571930483
2085737595
1848734015
805191337
1872939731
127378289
516759174
1421824863
451738698
380715453
1307510051
1801370704
777652090
775879014
1193329260
466201724
2037897242
1986065327
450005958
1194529011
1701909016
946962465
244666665
759307452
513742779
2015897230
1662969604
627973455
1233033283
292978071
1280391413
2045286175
164603361
1032834037
1704821536
1553377682
1388991493
1588359322
2134676949
498776761
191946184
1933185633
1456807529
1057975476
170415009
373922085
675871315
892655831
1189139049
2083253639
25334023
611390711
1664499980
1733198035
1715156661
618987135
1276286751
579378746
382965169
494292885
1081780864
589988307
930554243
198179653
1968080608
239024704
585339125
452579625
1575373484
2039631784
1716346840
958949992
1435798963
1646933239
972708277
1887853924
2117554129
1997045515
1145777151
500677158
606105320
2156096
319619240
989384414
1472111810
1452805554
2030837602
1381577639
831524418
343610294
1677760758
1404313466
1560754273
1463872072
1225652423
1768358750
321632175
696678276
1949237163
417820654
501171595
1704361258
1493591471
1744388303
1355835158
594430313
2041422902
1936068797
490969895
168832826
305842462
1528231569
33296565
622118415
1976979420
579963129
413983891
747369134
1817838733
603531926
1719396498
2120136495
1704062489
1993711308
1564406029
1568852745
22560715
855631261
658287406
1685126080
971330708
1127636945
1733950440
1970230510
1875685487
167328695
196928783
1415581720
759171891
1852844203
688780487
2061913529
810639959
2117751846
279001811
550606048
705500079
740928824
1945093953
1608588346
577044300
1393193237
1810542856
1259329771
386249242
112721908
584098682
1186617438
894343044
1692399641
726594777
1745837903
2110141601
32807709
1071072461
526144281
830695747
1039104382
959619837
1910925505
539278217
1067804552
58407873
220307133
1192143082
210548995
885362831
104233731
818544954
771147187
685913163
635934266
628836515
333297030
700519154
839379198
59515429
1753715943
874462939
986899990
29344071
1331671270
1414023011
194468394
705389851
344406941
1725175698
2068190206
246143385
566114310
1030380442
2056606740
286327443
543534918
1068789586
1653212709
207121942
125578077
482792656
794280108
1395649957
1872067775
23802503
11046096
857291237
1710147066
198433045
1769830229
354917232
450875368
1566691894
1324935297
1584438846
789227067
927364661
1317258391
1619577584
231373696
2129234702
1625183086
2089118228
847435227
1528621589
818803145
287067516
1771045406
1397141067
1631094930
1721410242
347722076
1976232687
1201589718
160157273
908696649
186509607
1829129269
1728662557
67407989
1057484516
2021930055
63740674
166413032
1908640967
2075784148
1362898731
1690275381
247428193
1924437608
1909222265
1882305861
1458361997
633335255
808297482
1286983845
10701277
2094957061
48245015
2007138797
1732458568
968313307
803690614
1180299474
1088411128
1978280561
41203686
1887309491
1884921672
819740800
109320252
1951474476
242376535
690810851
1686224409
58957906
746831264
858045460
1093899668
1305493232
530666764
915335159
1950247836
1776771799
1393512753
2072960769
2042638496
1279968968
890672579
1864525061
966279902
786067757
1230990344
220302855
420921303
49541192
1209776366
648904433
1240195047
52747719
1902754858
1226765795
1800427401
949070881
1618498989
447060596
1484767653
1263647234
840291356
384374089
1774064205
1008840345
1047677748
790425930
2067861688
820846120
1979609600
1847083918
1064753376
1288730180
628099390
1646402282
943875995
525611490
2098514127
860076379
753347146
230839682
868013886
1980863309
276601668
882324478
2108016320
2013010026
249750319
506362319
1408179418
1935229859
1548845822
1324188194
826367764
1316484022
1840842425
239858484
1953540652
1110313642
1850785698
2134614421
168022094
24270646
415860257
160480610
1370029824
1018381274
280921238
1227572779
1824583093
549146597
1931282660
784516893
1061786518
974409636
308043571
961895207
1821468261
1929016361
897496117
777714159
2101092366
856693801
921960203
2046692108
608308641
2099473251
177730503
1740260069
1152574701
1081519159
2358718
786614044
1780818677
1880913464
160317801
1571854853
1507521148
1410899933
1659807505
10113047
986028498
1830221268
866315426
2060847783
246444388
749255719
512409812
1611054464
1459380730
823784802
961864663
1043708638
1131735708
621769635
150360848
710510230
837267260
1480503456
1803844312
147518432
289902244
531656135
1170960385
1982433511
1799635264
153033876
1561932718
1682975400
1801420471
1847725803
2077686756
1914376648
849915006
2029416281
1504282364
1004537481
594023390
903282925
1039234343
1570366791
270704805
1492363306
1973725976
518548079
1568614225
1916385933
2073672765
1143293671
783692436
1564350331
478043292
1190100032
542464626
1421477809
1842469805
1135477015
1698636360
774629021
559719971
950709507
1307598556
1665962361
347983979
1183214973
1513366643
875208808
1992796372
2028454126
1905212880
1440507406
2055491948
962886789
1053567431
1322891394
1373332263
1841813310
1865458018
1395556558
267491186
1710603862
1040557824
668406749
494631578
617378354
1094392687
1303859740
391914970
981821889
1544543497
1908248649
1107886630
1446412176
281505241
1625442200
843813325
1731487006
580264245
64326956
1712997153
506945503
353161914
793465805
1180781236
1497582926
376251432
1660383910
1823769917
74706677
1181697057
1651144351
235102744
1022262989
321010622
1746942472
361223586
173640626
296731862
204555539
1229542296
1314659617
1223469308
1429730807
1135399045
415572005
1472112356
1260024115
598396158
1646009078
964747654
1217026556
258238272
1165764987
649057605
824922649
49313324
767181252
809883450
527516341
1733929526
150454251
944839311
241658887
333887769
2028092051
1382825915
2024881706
635801385
486645475
1659005365
1597372618
156404249
2140509518
57138423
654840677
517257845
1554197771
1215309164
1060728473
564670265
1844695318
2051720418
74271390
1244612213
501646305
827287827
1629030700
671353081
2115265565
75672056
914666709
1350732639
501839964
507269059
733761910
1155881389
1618133922
309862948
348320871
1563224098
935502379
1050295565
1031316806
321588824
929852509
1250947091
12846353
992708901
1052271717
391521324
900775891
231900521
240183739
2131642913
559137635
1625960848
1951003994
1189794030
1164329215
184047646
1417928313
56370008
279475465
798294527
847930940
1929850610
658323081
412819736
87100485
2100195892
776950006
1248608693
55421773
207000116
1064411815
799032726
1142054014
1846507905
1699415798
177874386
2091361369
887815784
1144980729
1369095450
1472718557
1372197025
1457801317
873109945
1530733521
902393883
1866064403
1171511456
172096188
1312221881
2058112901
801441524
1927739287
270017316
1478183900
1242958862
398272155
283893471
1680959371
810032352
774303897
1450105856
964585767
733590774
1959804823
390934657
2128966946
1147640186
1961814725
449392502
1048152
1567875829
1410099884
1031853943
817266130
2100039716
1933170030
1570425246
615511097
1046945792
1940857675
281265932
1943613554
1798615913
1475787451
176535430
1912922430
1727412286
1541817441
27342670
407203034
1478171390
1153812505
791850526
1979814133
1876492672
1445335055
848030783
2103757765
1079577867
1191663126
952848902
2145160152
1207116887
101791564
1062829454
879962062
842024467
1388114046
613843105
721002376
1298981644
745726499
2048892836
470885367
1444167822
1471962530
808884018
390424304
2123227690
1019918413
972253907
629716074
85327101
699705358
906607366
260231648
920252532
233498611
2013963104
339977999
1909574115
327492691
36446592
2114629041
217042531
237514462
398393892
670313054
140446869
241597148
211572833
813509721
95024905
60547484
1442020253
1106204135
1237452655
895856302
620858714
182807815
1895917470
16249859
2086373471
909751030
123708434
766584431
1016321577
1791951971
1697801949
1466761562
354708917
415613717
49494348
1547154305
447117592
449676293
1822641705
1847743348
2072020092
2003077522
394679445
1629067978
1750348775
1458963083
453857591
130018190
1167360471
283644636
803897668
1902877638
533562643
46834622
1583826234
512395806
608616225
972553226
1865748830
1204550001
197718739
1360535683
1206736
529643095
1970307530
1075313630
264037388
71926268
596988860
1044729629
1791570151
1836042023
1693533034
996174303
488255316
1948030578
810423883
1570024045
1775240776
857467440
421788039
1600702105
1302873948
1504850689
1202817363
433576715
904402998
793652282
121003561
2078557234
1611228661
1837692766
1226384325
706035273
1149509233
1089831207
736245522
2104511931
19690360
1885351341
689163421
446656218
1841243010
490720309
84450896
1595215610
1599393310
1194906595
2015503031
1797180470
496323545
934537123
1219447308
486014321
782504565
967353007
823444885
1645019963
1692310975
81636524
1977603259
1489002346
61203186
184489450
2072812656
1445107180
1586219523
1611398105
2078868615
3003519
140357744
1186755797
790437573
1312187201
2107962228
2090910891
1417810977
1717624100
810975704
953866563
59808857
2014261178
2022340274
1802702340
223345227
1616208727
808762330
711538902
2060354713
380054590
636990223
1556282808
1565307333
353321435
491383178
452488114
820228021
677478242
1078448512
1732239503
43024736
1375259780
967476347
1331311984
1588372853
632409339
595365238
1017131738
1157448782
1408456887
289782693
775048389
2074207767
1488305495
981924914
1414244230
441168273
362398877
746536076
47801233
189149637
1849722442
1884443951
882323806
133866653
1395982234
1019935476
1595027052
1119277268
14185241
420526641
588450159
2141217958
350392830
1204484192
1947233742
1390271439
2116447118
1749679870
610973832
303951250
795682233
1970211999
1532097635
1137083225
1733786872
674001184
1414995540
1983133379
1280773418
1167502832
1741271282
1838372878
217080220
111124775
1042446782
2130410532
697748665
297056303
937211028
999723773
110299377
1821976825
2118021268
1052542361
1636147400
1593128297
1622227917
101473532
1194729330
1949529307
359405591
850128690
729810946
627385943
726644331
1861687042
1313773294
839289606
1979055229
1946644789
632834415
1352419591
2081804090
1318953639
376122927
641913936
1937516784
185935806
1488649557
1583931987
486241288
1546365232
29489418
1242424099
1574055957
545577811
1160090952
536708269
1126817242
1593041861
623896761
1302412384
795816838
1773357154
1812915228
1109449042
1214552289
1423205483
1915376461
1001070293
1475341288
1280272319
1654760749
1625253579
818187370
440196291
1612872708
1450265489
1261089028
1440855645
560530869
188701291
893715171
1079436956
1440422834
590728662
492143110
1135967454
1607412622
997609316
732082656
1573931987
858777455
945668785
347999498
2007242791
1817034200
1746999007
1141686782
1187466933
2077170219
47849899
965981960
1447182824
298872024
1929216154
891803330
945353031
1130691475
1465025573
205759585
720328456
986282470
1504059892
249763731
609304141
465135837
1133637139
719765700
1313251625
578305926
751836803
211760666
1769836499
1698651063
884315327
1312933535
1802673618
81901921
1921708137
1596422027
1696651436
43414448
647866503
651642821
1625441936
1576733774
939667297
117226606
1779035050
259947736
824187714
1116452112
1491097888
1753615887
927029677
2003994618
1238090622
1539111076
1736272096
1130063442
1452056522
757058950
360291167
1528694926
1016580899
175416798
513236998
1336058542
330774615
302062362
1581881009
1914118177
339355085
1450117095
1315563717
1148692578
740154566
2079395786
8858711
579562319
1186461392
467136477
1665519090
1385608441
847981516
820614718
822821596
1948469784
2098178393
1743455053
1934459856
1314917524
1817702279
1290662324
939495126
1320740721
1922775238
1863533983
1823732051
459801363
265184943
965953224
1294883606
1960919425
294942995
1778163455
1899837310
1008272149
32476132
951788429
1205096630
1388786103
1497062867
2048353460
864123180
770152024
807034354
855639682
108281492
1507357760
975061718
1443750172
1248961436
1519939059
1108682664
441706469
321708551
1103409393
889467910
514579340
262026747
119040521
16304195
1364246721
688959107
659456541
687420853
1555570984
1019218356
1214685625
1870527218
666571640
1593808205
560889256
1560054750
1212156817
486742620
655387491
808230613
481719090
1552076301
88620199
1909523206
433392043
1184058721
968844434
1978466155
925633673
489332325
829514475
141506520
1178347425
1894464200
525957548
1534794786
1692609824
1726882370
1493870527
161078912
621778564
476378208
1630727833
507244791
1892404177
940381060
1730862456
454298682
584201396
1603063370
1708287542
1492434300
1090195543
284398164
857471315
1861844333
1056249255
1320560262
1019669083
2061782409
752475045
513797348
1575623620
968417093
911149533
307375432
739243026
1472086391
1543852038
1779066747
1371838668
993007359
1518741271
1619569938
127366100
1292391721
1046567082
1359938679
2075197187
1735035321
921391119
781374067
2067650765
425306369
1306341884
760827060
2014322775
1535206613
1128774910
240645099
267917671
570165662
1785327978
768743068
175446446
1797121447
85754472
1288460870
1417657205
57620272
1084427650
118443801
1498307405
857580049
533994249
93456528
840227731
1766731435
1269360208
1061536057
98611332
1037619132
1952837095
5997475
366097784
1242984613
581782606
2050809336
1494501334
1703578713
283891591
1284545244
924003390
1129400919
1655835072
1237615744
1569962609
1096492550
1353298320
800403237
1668010469
1923030146
620325339
657246835
1606227274
160195321
755423841
454163517
1488121793
1210360982
313049222
1514128086
1810161711
2135411012
1610202697
2099208022
1436421664
1859797906
1176302454
842876807
57353700
76474191
409296351
1664229460
695172233
121456431
1248919822
358137884
1629650019
818781076
552130354
2146056402
724982112
283324581
699828460
188279401
1166609670
1317952672
2040589722
1256430835
555784882
2137980444
442520515
117023366
1666423807
1322287472
89887063
237568621
1079973151
392720577
2086591375
1429187181
617255104
1585481910
180185034
1441311104
236684453
1333090058
1986974544
846098991
578354623
1787978054
1775850391
1458250889
167810159
309646022
605662978
785375354
1135454369
2134749854
112852084
4988888
718530183
1593614889
1692937217
587078014
558764609
249308056
157112106
217393655
1436687461
1622697830
2101794994
457131950
1669037706
1290380218
866266519
156924815
402448038
1076556069
1503435925
1023632384
1921645672
1772532326
765961971
1643757401
231400627
89227727
1678983201
1265892716
1942580779
450668396
1226755879
790288989
2066349379
162076693
2106717542
260440217
715165932
2118384250
1544429562
307409751
1122178653
370521771
1248452371
135102623
1987708229
34376532
1938229073
440925059
32523448
1764469919
590649606
1716747980
1174623930
537389582
1053651252
1094317686
949275797
39509232
442810549
2074980987
2017330101
1475714738
863063543
986267953
159852843
779880141
654867462
1553486102
1138918946
1970368911
182066089
1703058271
934089939
1916800393
624820898
500291110
1570069280
1308865265
1506045242
1420537527
719950064
251740313
2094671083
804834178
896404119
1137935183
573665901
114415312
1685909018
2121704304
1589695620
2116784363
1146105711
2038111059
1615364308
2107304395
1802949691
1640576416
695184441
338306092
26640440
1132336031
850041497
190316392
1505380856
9124696
624588759
813296036
965727815
65121616
1589114661
1255815679
1377025351
336692238
1757002826
1191932742
491664935
1013389601
289901337
1443466708
1205930857
1001305133
1441480695
417483175
71817104
1139261550
1548783633
1874692393
550209666
374377399
1082429902
624866049
2018127134
726895654
302386381
1968708758
1494484960
503262960
1844941415
1489599494
1144974557
2127638003
1038376294
211968700
1928389679
29257316
1068038943
2135015292
1581455320
796944152
472955664
577464441
427689648
1515261590
2010703574
472690147
630194689
308171053
275432322
1852372080
2143219812
912134151
700274965
1862751876
213277412
13346365
993002121
1356484551
607306008
444069804
89048766
125464191
1756050654
1194657707
1880193113
2121076200
1098530688
830871192
1330027998
1846548672
1025969485
777865212
1809523296
249811876
1418715668
168808831
1976552862
99331791
2128008465
197767390
1271759804
587145399
1091687872
1558833602
1382632987
1812170782
1675556812
1708149928
1716071334
1982338663
1008600877
2043004067
1232775388
945603111
2066769032
1472736733
1164722080
1348288642
1178610054
371372952
404389958
633931959
1664062765
47953625
606208372
1826708715
485605260
1528904747
1082595380
1151753607
405640922
2013061715
1847875653
170664760
741090027
783835164
634445070
2099306679
1932726778
662407897
1668241542
2006781316
680299671
1422714096
121040108
1165400101
295522797
45986683
531024802
359669769
445258837
615161029
733322961
280836154
2114800930
479842051
1710078002
1534374164
1128128832
794799568
776407717
447343412
321432955
886245582
833612231
453390570
1664934399
1400494561
2069205532
1423645045
816633696
993496007
752712015
1355215393
201597775
1520813984
803235592
1512321412
2069099303
1994443674
1276662927
2057105774
1148629480
1571834198
718411091
1817931872
783293
504744847
1901315802
108043641
1760405905
1265214832
1091111279
556378285
855613165
1263495013
359006247
237870856
1331313867
250273461
613554481
39586676
1659999860
1541315263
420191701
897950068
1475984777
1908210662
798296900
104329125
1500077699
1689569632
2111648375
502602156
857449641
1986154514
1668489215
1683004049
3303099
164497334
1740033399
92933879
1148820073
130138635
211261517
1801389925
78451097
616390982
1729201008
1156375250
748781009
2046039379
460996228
479965171
292666645
1188766385
751760996
19601540
552693119
2029203682
1666444770
1897550692
1455802853
1133846561
1744231770
96738818
1520815774
564881472
251992887
1302839230
979543105
258014799
770083846
1534595820
91837911
569295628
1018059695
1235851368
655280977
1607498128
1836219389
1347981578
911675136
1539982561
1350233663
226500577
344512843
424128206
226087770
1167815868
312370418
683488671
790446855
753532388
4492184
919954175
2003561839
934257564
1886988705
2035444012
813531830
32114890
796510930
2024622761
1849680668
353621591
1489214985
765167467
991565691
749669610
856011384
1170494331
845025736
409952038
1929804424
588141788
412759207
2096993427
1167956348
1292823108
318481507
2053960380
67303017
339999076
873619082
698069115
1020533160
316753086
761797352
1876389764
1196478523
119163344
310047452
1514061644
1701845012
921806843
986501725
142124664
210654555
632753735
1977135087
679163353
1133890799
1602007531
1826524395
591012434
547515018
2129480699
999767466
1547069192
1329712001
1443602479
2046884349
1275588630
730895335
1250200365
647345390
1209682958
1704331815
39622830
425475551
2012571378
1264516142
1843536160
1701128102
1250642960
1199106716
267186526
1331984910
874770473
1418624387
496269047
1161373973
396362817
503726346
715487269
190010758
2079051585
1084533036
406868339
571102587
278597735
491937223
1596504963
907248618
180808113
1934086004
393222696
1147853319
224842194
2113868661
1262703087
1931365940
511545069
510461891
851781259
2106391907
479410243
639811583
1795039672
1942690400
1041580275
773339371
302710841
1912317750
1582664104
2046907629
1859299660
1569780672
973175708
1143873636
1789701248
595912721
1057630680
1830247986
662783918
1673138850
974552245
1826118438
1695282587
1792442885
1975018226
200739663
873038767
1426678894
1304300720
1408986460
641380658
827093000
1259875616
1467430640
1044665419
2110919572
317605291
1681836466
1519782224
1534160445
1301935849
1773432470
849373330
1593905129
677534741
1478941340
1036239966
1957790161
921726068
2103704310
2139123630
1519949362
1066755650
1707149685
1016171606
1287553318
1738293385
267970600
146497818
371046521
1124017469
1298253465
1832269817
1462148037
2096755673
1998261539
465486916
1937237391
621988705
871666131
980750693
1033691737
642882838
1643123713
1356003546
549614030
209700342
1365115306
1042489282
896781952
2104013161
1589019170
1711373960
1603280550
842302377
460311580
1737387428
1221184368
1192610733
489865231
1075658021
1142989375
1705197003
904842748
709317106
1676131542
542537035
1181622519
1584188638
1292382322
1271447433
271258487
298563535
391219153
1013378407
1648880551
762756478
1405682138
225783361
950656966
915695171
520657592
2019291551
1666736648
1164959601
1994316814
1230426577
258061655
822364335
1602254101
683574655
296077556
1087081242
1035770462
1044831086
520641907
1186576025
684011272
631880402
749432938
2003691719
1463530654
1113075448
99807435
784448330
810812052
971667763
1026734998
184564068
1929234411
992488037
1997004587
1764581057
1378210379
966870663
796797090
1357323656
1447042782
1810984388
2067986260
1183378562
1231794719
619056969
1850104124
1180360168
1822505093
232825651
1011576628
1538604209
830303948
1525542230
1460214197
1528935340
894980574
1194018531
1083960322
1050868558
1064965826
36892968
2779576
2137788392
224324672
896036701
566004202
141553791
1159364943
1780345135
1768391682
22209534
1997297316
1605080291
1695474728
963004542
758503040
1253190134
1327228634
1719134462
530789632
81877620
1068244346
996006835
1115166782
1723553332
2027444943
239593583
55642232
1525568645
768927487
1593800375
818587849
889005745
2076965981
157221940
807384850
1930416650
1718848018
1349132891
1374606346
1424306828
159335016
848231863
1213797395
402564163
1395650054
532310857
1976194767
859748007
56690639
906460950
81553413
441705998
1435869706
435399287
1994778431
1667784267
732271099
1394631205
400947333
531612883
1103881283
1321946312
194886778
1368132326
1811388795
1162213638
1892192320
690112484
392145361
1070996408
1686378126
307796947
1249595872
1619482113
18417390
626399467
547333899
1435993169
1215678190
884848278
1168339602
239506327
1137428873
50154304
1091196772
1458757681
2128656425
438931198
1868053843
1988828156
1724146262
1476404496
1531839878
1065270437
2025616893
2043195071
1072727869
1115025893
391577654
1374545382
1465570100
1899635590
1219802361
1397210640
964477105
72874031
305921951
1143967723
1896268065
1579410101
453368555
899107521
333708553
1911175566
930443723
1216130890
398702485
1714672627
2106296065
1580306738
1246952177
1026044169
44475809
101851697
1206357302
1177953640
1753291121
1432503218
41757683
2018251223
1750970078
1412096303
1711673491
336109881
410270558
1276138113
1714404545
292359956
953085429
205178504
1155337951
1689908621
1776903967
529118358
666279289
306160653
1216518383
7034631
508714138
1493892370
120746003
131149374
160663779
1886903420
1064583943
718965122
1745083684
1825703464
1492585237
351148694
1644629369
1531812827
254043206
1243320030
199855008
96476034
1240421875
1069429322
854299736
312665557
807133738
1064933848
763986394
1577602023
240148288
1925797073
241330637
1951147587
1734448884
595372024
1144914051
124318330
1063956312
261574427
550684036
200964449
1952569948
623921208
1930262478
1662451200
1006292752
352822419
1488638515
306705182
667420918
1756128224
647270150
185285084
1571541169
724260486
1154659701
1734731699
63573137
962594541
562179216
1227986179
877385673
2032184539
1627494492
904737656
644211726
77473482
1076198820
1492806464
389193926
1232141536
715435717
173048575
1578183584
820800264
1536032575
1338887204
2103052625
561017558
1957183491
1265670869
1767548041
110360002
1421706375
685818638
749246446
270522449
334671454
550674349
33406216
2113153818
1886142709
283942936
1894646976
420502966
480345857
1928879761
1944590432
1746368725
1272892939
776486607
722583775
1070162148
144204498
1381667886
548476747
101326731
1397634342
1105416124
687046152
1479554669
1071791413
830813712
1879269272
1131608423
1113716331
497262217
1451079624
1618079938
459549959
2127935766
1299735518
1760445226
1463554340
212098021
2020227698
1223632999
442668074
1247500981
1952836617
984245076
9899005
1775723524
1094232946
782877709
592977835
1146710120
1780325696
398897821
1870003239
1099466661
819401070
750043312
1218367430
15435712
656310780
1324631056
350654158
2051199837
1333550138
153483496
694878132
223084237
263754004
2094574717
877989755
563599302
1949625474
571076183
664300994
54262544
2091005714
1756547888
1391620442
424210982
1738611871
517574589
1254704055
1728961157
872406472
1942065529
1823233607
22188892
1399179155
183632490
1230446049
1020359569
1398633387
1340918404
2000099260
1532594278
248435053
495872562
1335235693
1629641728
1259992262
1378870283
1537854916
66732792
2032381875
331591761
1038729752
1377317559
734327239
1430697382
791435349
1048191035
841871557
553536692
908872920
886629830
636360910
1092372777
322397544
794472879
561104027
444730637
1894215125
72154127
1021754667
1803264605
1172732758
1112474927
1553499037
577494365
1927248238
1970658321
1291149101
646088496
182189694
403893365
495794101
917868457
1534093071
1038488777
628831281
1901479914
892812063
950289740
415966195
683385933
607967551
148612446
395030193
1603962567
991718400
1717453311
610159763
566563189
1252992415
125584516
2037778018
1814691917
1531888568
242659470
1075183272
2030898095
2076990675
682863094
1069596786
194073280
2103210862
1935491918
795433136
1070517650
2061062904
624153758
1813460552
1925957400
350008235
1300027564
1972228649
131293101
458336022
739726376
849944401
650254249
1883229166
1054786394
608158655
151085290
1185991477
480612432
1450973074
151730615
2075204399
372249023
230485748
1785646707
646778031
1505300664
1563371672
913253380
545988328
2108217051
175179495
326421237
730110934
1665647889
1521504381
732665860
165510230
1381331302
584333213
155543540
1232901224
42814858
895748840
1157294284
914687877
4314280
234597864
2105765003
1639056606
1968652893
1665063134
1289536440
1633012624
1611059140
358359147
1381768830
1931278090
619936629
1079035819
1856043102
1742148352
842618363
238966389
2023950605
1235580898
356538700
1061354160
20201535
2014408495
1966851771
962965571
745522748
78290810
1482624145
1413951921
1051658035
1844363424
1911633278
2036903854
884852105
1834719437
1938283937
452547096
489042757
1756118878
2077405692
1882947428
1787696386
895658544
1098937707
1471344149
490597464
1088324043
15110139
879524731
1812670747
1449278754
2134123671
349228309
50226329
663193175
639217503
1855109255
3056503
1791223356
1324231755
1013609388
225091647
1455339946
1283114112
1332645106
1332288730
2019126503
515245441
788245389
1633238455
1550516307
2077728555
1866209249
902556519
1162859573
2119018918
2004880314
2081373550
663666051
1329361892
1186449908
322235373
1878286813
290576891
1568702423
572312112
547740598
534061826
307555402
503073053
566994680
1778149359
898814228
1593573597
899011712
1253081364
270936527
1554269067
1450870675
956857635
1892363659
1240578039
1638906065
233152193
687347208
185268866
1325482806
1597563744
195014819
1689274585
1514420269
429592820
891139628
1335767803
1774746628
218123421
482208494
138172010
675916198
292567138
762251202
1158750206
939540404
1019976295
1683122647
1955829269
395580294
1523092058
955878002
2098473732
1221660360
1953376107
1547845631
932550468
69153503
880334807
669173269
1083095940
1121903923
1513098679
1775668546
1068403558
770343930
878089786
201118758
1910177546
77480404
1241411439
1901725358
247729708
1541884514
1730750145
1066198827
360952160
603664011
926793518
740851257
568585538
913873085
1870471004
1254347501
637789215
1171409076
1203636146
1102080770
1110765733
1644517542
534352194
946377696
1997064103
1706805399
877736838
1139175831
329884268
35410707
752308924
171235333
213217684
1185450311
461591975
1336601392
1442125475
1839871961
865748299
493061789
1802020476
1691423176
318042431
832663164
1816245133
2093065764
1898749731
1878083419
75800648
1635163004
1675051249
268064492
1613363556
2020946982
658256516
1460603813
79222757
16128814
2131394631
967724478
879971094
1430484847
1253684650
1464243713
1749928853
1940736216
1432236721
1537986678
2081076473
9767987
953813751
1859191267
1509083187
1110550375
1618176875
2088155764
1237562817
701275650
1324976384
1117735904
9285758
1431932169
1220613717
1052363699
760809137
258535389
1642152553
1049942485
9225587
848767822
893009694
189411744
305095275
2025382734
820923953
1500774976
356150829
623220279
1897290075
1662848697
1952075295
614564205
295374592
1291621767
1184038870
747097473
876317021
967770722
6480239
368444018
803896340
851207387
1612481955
685360065
2060118799
1482535275
1381010762
1172428134
1614112877
370264588
1832946031
1567844071
2018433700
1798524347
678684041
1692707009
517589881
736112859
531094134
39692251
1393245405
2007244260
2121492405
1927311857
2051803284
7773595
605574761
1025081920
1945093553
498992754
622478187
381253023
1141520193
203961825
173322547
2033780190
1470906907
608833621
191439537
1040731967
82930504
1058457781
75381996
961174624
1835458221
1885336029
224981396
761133582
1366621295
883905988
1652076921
412406672
798257229
686528115
1027581483
1234818985
976735905
1599641100
1305474306
1445454844
1131592691
1722066629
990316752
47298918
898079209
483623858
1788863547
1639725340
195346081
1895305329
1340439488
1766582125
2117743199
1137566194
570300680
48675241
980481501
677613148
552125355
353052943
74240114
1529267521
2053485685
1394446289
270640859
1589850200
1847775024
678218973
749033617
1264917254
44377370
1661939836
302458599
2115036009
1921548001
1448652890
970302222
2061513227
1942876037
63660961
647767016
2115369499
420638195
1954760723
1589691593
1696219597
1319532302
1279151345
592178072
1234088766
1537194244
1111599141
323114631
1573712735
1495123102
326988427
2019210132
1396687762
1075496844
745507736
1777843491
1344792783
4280149
946259427
1198514667
998104206
140513984
1994873910
1120629210
1791051023
1127531679
789687280
1363301615
111621392
1231482345
1410087753
1457670573
1220031602
1806422008
1821508682
1189522099
84873389
1043091119
317065573
980073949
1216967803
2019943165
1770860995
725584274
752568445
1256166551
743402969
281949154
1628822398
1043070249
337715872
286255138
1179898469
1154568574
397795129
1338262904
1700454685
1674605718
698177517
573527277
1797540275
866390335
1877715747
231213039
1197286924
2108734695
277736909
2086682253
2031056577
1614750149
277610204
2020562288
180681800
758722712
1805165547
273169447
949278455
637754181
1953557992
790893473
934080233
1223350172
1034675373
1326077081
403186930
