700
2080466738
962846483
13815532
719537910
80727471
227249153
1222907147
1717795959
710999197
778587916
1600580473
1219204883
1937529886
1596633200
1356725312
1051456640
151620422
958474703
708655233
1901314293
306144026
689344907
752795344
2114053807
1549336411
586797023
592857474
1535886980
629789216
1085266550
1366041942
1842001971
1091157553
1544616201
430485094
918639172
1278359458
1395806620
1996052565
92896032
1388670982
154975267
1360542427
2019311679
177768313
1563549706
2122262770
539260758
1023002391
991991601
1993297589
288171398
105636781
459905712
1287018494
765243678
1248806807
919959358
2121932294
2072893456
380789959
1834797311
141811336
1639412233
673320957
1487126646
1692662018
850655030
1865605447
1112141303
1218917880
1691958
802988171
961500754
1953928245
1135965020
1197520315
1223675695
1585094543
106314346
789881900
1584767760
1209749383
1220482503
94997669
983858651
135621862
342619821
1049212807
1585291400
1761509401
1056770389
285550337
977165844
2021672799
339260505
1596338567
10084167
62174726
1203069365
237446102
1599024934
1093368078
1079774884
815917879
22843208
1363281546
85238745
1823655949
640750501
1234645899
1259148785
912721837
1146980204
1887654504
1663847858
1223739118
493197544
563992808
90298348
1060682820
1534217671
209292955
1034116702
1183254976
1220984736
450904872
126412590
605821008
1811423168
1274481788
1922620956
682784820
1393165242
903089323
2054480795
855821608
447740273
657375527
322463282
209895320
1175806933
250861534
1132069407
968357596
1185717884
1604685352
41986427
1234705346
581331519
412194549
1918735540
1166992083
2077401461
1996851438
1924922165
501423714
1338717179
231396572
1918341813
1280563477
627731434
559104833
1378539576
1759934379
2058189127
723450906
512106572
318694328
692340465
1325732618
1465937565
1526381969
523212229
1495768983
2052265722
1185453757
871260743
192698870
2110858504
487863336
299601869
368230993
1850445115
1547753571
511499559
207670832
1662198756
361403882
61088012
159326063
166289144
1804052787
1986252272
1851638262
357620849
241359709
402112087
1373270588
1791931551
1506274229
1340295596
1002531694
57512191
563806926
1168482185
862043610
166956177
1221864546
730164477
2038312195
1599855857
1878514014
1528088523
2040763891
1329938843
1589996085
1462657898
386784633
1663450355
1188348266
508366101
1969514043
1815614446
452713921
1396600796
1035407169
153720539
2037742654
559030490
608483891
499822851
216121978
1682306027
464804168
1744945567
1381626072
55613291
780764608
377207612
1626348803
432765094
1740480095
44567807
554955863
1998385222
126250302
1890669043
1484096783
849589793
2037601740
2101594660
153031182
126131759
489294911
705862157
1621027807
1734056907
1932251787
1194120079
1446663045
837881583
590102353
1213416815
490890483
1127503835
430083070
1788875887
985925747
266122061
643721896
1743854271
1542188509
1412521861
369714504
1386615130
2090307109
1738147702
882754275
358841959
61617776
448296881
2130441833
2007723966
887953648
485268096
99062964
1899821416
908683397
1094958099
617927382
55279247
1740339827
435426982
856657046
1069466117
1987178572
1151707004
1038406225
466402745
1461447362
1760119169
647495555
610157483
1242645458
1432296380
789338314
667903492
389009488
1462578038
338440855
1773971242
1759947603
1518823913
1295425121
2058219988
117999419
438954020
1664918203
1452300783
809371904
516315787
339146568
2047845416
1930504719
243656303
423447854
805344968
766157250
1340093654
1871190959
1831670152
1165646170
1244188676
1879439222
703786491
908321793
424920894
1366126606
1179035503
1227359148
1502779977
1691645664
634047537
501493946
1116368681
1962298654
1456288904
597765639
553946427
745601360
1075512260
1166647954
1494884765
1197688589
2126278762
1250016097
2046577681
418663485
1305039907
1358485121
261714515
359495461
128418864
1492006078
1166073143
498083199
153350542
2088874995
428186685
955236903
2079822211
1233752384
1270985253
1035561820
1332284841
616969203
1824164206
594682161
1792818170
963444333
1636282331
1368685496
1866489662
904079869
1895619365
1108797789
695086972
2023860157
1811428783
813921486
682011128
1448807304
1175843300
1466569693
1099147653
1285324410
2066360045
1777761559
516638426
1111668831
1761735923
127043115
1589051535
1765540498
1410134343
1537084156
476031967
1798324766
548395730
1936022042
706686017
1153960378
1646368308
278867179
718861404
292271254
986935696
1591420133
624577919
192120818
696627624
1986646545
488859766
719445494
1095329201
2137473225
881472975
383801204
1909490526
330371314
1313342896
207165037
1888308033
783356785
711127194
1847918677
37877167
235237564
1954809506
1768425479
1472308612
1580160752
1114327432
1926529229
1740875341
1787899987
156396336
1605269371
717876898
1210409340
508515927
2139624828
1564208619
376868632
1726447542
1641024249
1861656518
2055367986
1948581174
1550516467
246605985
1666192494
1537107581
1991316293
1254308259
2015551681
1057127809
239621067
264863072
1146279887
332963425
1635078986
1629899737
1291032247
1648818198
614118651
2114086487
949143745
1523551169
1723910109
1089699027
293021059
1343551099
1260267852
1734162605
1860761345
1389887459
62549940
282038938
2049779751
1669264292
56876004
767782150
1341905572
1704444195
189862985
1077312028
794527103
1055253466
182969919
1070032559
988388197
1286411061
1044517066
638799733
1236908212
520731580
304682811
523598946
1628723588
860372622
308419203
359294432
1887312036
860617167
155368582
1308033033
1301312814
288823589
2108164407
278220742
894247139
732179840
1720215985
1506231944
1152702122
2145553896
964271689
1670440582
1787476161
1288077127
1805893788
1597681592
1213019821
1774068976
314199431
232608456
1351449563
2063349963
229914815
2090315478
753821095
346655608
2065433885
74454098
372507080
1278102691
1156638805
1291964965
1290572886
667163544
808580279
1949829597
1230775923
1369562845
676088658
611765052
91462569
1832019197
1824872086
1303607619
1941721495
1776733251
1503267830
1696429683
1245791392
810923011
955004667
35133452
1084145515
192426841
1723255469
1718018913
1015124055
955619991
224541766
2056065541
671008798
412023521
1680991651
109141287
1364000747
64714571
514027322
1912017598
998778816
1822841775
637092310
513634631
877190361
2036334113
1145635337
2044087425
1375225616
1949460230
445059500
847575324
854163613
40550508
287840743
313950511
1835106959
1057525661
1829871113
1409556635
483826842
2086908950
1353880983
1622214945
1490055844
502935797
859639287
1386508037
636584646
748076132
1041880533
612424844
433271884
2082543651
181349989
1882836707
1987931398
1938371059
1773372981
1101568605
1919070344
1147013956
736443042
1925289437
904512832
549546580
1629512608
975867970
1336796205
1133072744
338404412
202607649
2092854718
1736458263
1320486307
676512750
575088809
399850158
261610041
803534347
975833202
351050512
1688511987
1595079057
1010006795
1575135362
52695641
278764072
967983068
1211168842
141420498
2037431441
1901839589
1812436380
2114785371
461294246
361107021
218821074
1393140008
1099261876
1457529779
206019895
907144684
1822190736
32638654
1498203838
442212891
2005937269
499986738
1165919324
859169606
1395130461
2121702284
231793528
1483045951
563747799
632507150
1681703133
260312685
512600379
419457015
996108629
1689996340
741092783
60808057
332792242
1330985852
216217054
264402585
201701136
347766736
1150765390
1509466134
2015475442
