300
1319471263
1338901177
111514256
1625462236
165826050
1894082109
1277704519
1364898505
1198808871
771631393
1719270615
1455964424
1160640789
1485571973
1311715238
1483811746
1259385703
767114643
494618462
805057327
300774118
91710471
515224080
642469398
414737214
1907856699
1674261858
1453969604
940177721
543872999
346346678
872373802
1499856363
638309595
2058174080
1356373938
1912709117
1838338600
196985909
1949746467
1054969340
1708455948
1457247926
1916194373
1112086770
594533646
961547621
817994098
680746692
293755351
717206840
899005626
78609502
1922278939
991028570
337389101
1117308687
1579793431
218701428
244876258
1078202432
380634523
748318906
1063679034
865791708
107958223
405482005
605322746
1581125933
1769473897
805178557
1833816305
233281612
629128524
2134445191
61066770
174487917
265482862
1980536477
1114134384
1481369678
1687956503
883252744
2129258700
562284969
2044809303
1924248492
193099647
590425429
1136151106
1600348937
50994064
843567240
240383549
167188879
1247706728
1048291372
1705661857
2062177301
1523586268
893350642
2039811160
573101518
291905044
1152078753
1751982850
513451485
1812622468
1078227924
960697823
664507935
1322120698
1337896203
1911825953
151343366
546777987
435239979
478017800
781512771
1202395755
1280801567
974223895
731191974
1268929478
831955762
293996485
2144709219
595238196
2141296481
2045634726
320461734
2073454729
540259938
959252106
2084962971
144381125
1954264351
1234367337
699779430
1228862934
1995407638
1486435641
1682175765
1782064388
610413030
335993486
1856814396
1419581732
1066718409
1641698962
789810736
1210582766
1352381791
1786422629
1620409380
1072564486
865079646
1808840890
1055989370
1094389888
539511138
520760019
1986854931
425958668
1307503772
300301489
1581618813
2021473547
921817521
797841520
604749474
1141822973
2095200849
1410948826
310166727
1844032697
448724065
687864593
108851604
276587952
1463923925
802832037
1895669905
185619716
1516765582
1274037921
1958207192
1434662701
1519502343
1245292205
1120178348
1143814332
198011766
1519279703
1362829427
2042951305
1443579562
602543261
1663022133
1311915786
1427168898
415407178
420080749
2120259896
1193629900
1871888626
1712138835
172135732
1435492708
651844078
1284201853
995550539
203496736
1123330000
851139212
1730166028
1663083644
2135291814
1858845115
505477752
1897366675
2069991480
1588280393
420189591
806406833
2145969454
2006956963
1526257960
1007228319
1308955727
905223940
680846109
241578179
125544731
891935269
559147876
2087695759
478128483
2100064988
2027935395
618771970
1333782865
960597998
68127745
47345483
1179887563
426577710
98113249
172229446
1262908123
255632342
1708101315
81476582
1336169261
1795193932
987613046
1532253184
1955021194
379220245
1510918433
309250793
1439097390
1194113626
1649742077
2702771
235637017
2131832487
190945544
541477333
1780844146
497158493
1320921372
1966307216
82426713
41760792
1466592771
210447347
200570136
1980445148
2107726566
210412369
953389570
422728863
1895846074
569701207
423161320
306170890
353930907
1006376163
334894509
86966205
2030529137
1038677859
799163455
563644669
1008193805
744200722
2062263815
816951619
511413765
