2300
1641224163
1656976669
1064171974
426747598
1615267874
89775086
660547537
1207301384
1094390921
1107351006
1310344553
1504273124
1635322491
2027526358
1940088476
129370438
1370769449
1228748400
926212326
399857911
2093613050
481183487
488206648
541477606
1383039287
1329323614
348973643
704862463
50826056
1731643386
2125228741
1076313466
1467459554
1228540828
1889475538
143752253
1375112432
346536093
490763942
318484938
183273200
1473968992
1228215216
550546672
656337759
309360851
645070906
1094077896
1384092377
119927451
1030134897
970665691
1561942828
770847662
1073545895
1446581399
1840427609
706102377
985461905
1545414250
937371491
2131289917
339169750
224849510
1096353366
1513970630
725096099
1276060034
77330683
652635336
675340654
648491126
618246641
1140245134
1056309650
1218617117
1904320218
465535183
675745135
47916348
632595017
128854446
238813263
1574999755
572380765
1506462405
1987043735
1757779027
1439258246
414675256
1885467102
1010434603
615649953
1913775472
1759928860
1927563839
1491052639
574140493
69177716
621437791
218973541
261383818
1133040476
1186701567
99783366
447102335
96190002
483151213
426223113
725411558
431554917
1444153258
280820718
1313912309
798868394
864021840
1707113073
1193806515
1691257117
178883097
1342733136
1233454747
29401465
1405325375
1379786277
700287227
1001070293
1556961617
1430135497
717124348
1820873518
689843528
1628343164
823866338
938530643
1970885630
700008083
90873312
2071533700
1308355650
1884135975
2001862996
895119233
475368770
643581111
499093881
1011924407
299675155
1416130713
536154431
934646870
1378866703
2045201779
1713620657
1057088113
1211405563
2005285634
1199224749
1677667049
409289657
311503651
1185426920
722551612
813599758
1114768405
753894215
421632174
96319753
1063389792
1460942409
114622435
671141811
864441382
1316701683
1423248038
1765371487
2110800379
1409537661
1830151548
1975743901
672858621
1362631884
824295068
1532000348
136256069
932680653
227718125
557380655
2096429692
752580593
1728334274
1042567492
1493145186
2117503837
1961191523
1679338314
1245186183
867246748
1655956070
1294164154
2029206421
1071806650
944407421
1743481798
526032160
795364152
369796596
2090762971
166779025
1721614054
1103778275
533331901
1134270413
1798474596
1435493028
164663612
634080984
1784901636
423900426
785232438
528092566
599060410
748969570
1004006039
1138383309
456217948
651946511
1806882625
330240502
1967849456
894476200
1981938369
2053461757
564393761
189321759
841831602
573144734
18597632
540357811
1556660934
273681867
2124719334
1250376304
1383016623
1837873921
562092847
958200807
1801609349
1938389056
1923710285
627811606
258011918
866878792
641688874
1420913661
2126681970
1220315691
1426552344
513281846
1007451224
127121758
823339401
869325737
1915639701
1757608369
64381922
1196636909
683228810
797448480
1795919805
151439818
276907649
1079641789
887554778
281146917
809168055
730535162
1799006759
1822827881
969230034
647578541
273350171
2114085572
1441921749
149263133
1194737262
738563468
1035730957
1588288737
485422985
866729750
83764807
1194375147
1709886858
6144363
198862646
424206609
667324655
18951517
555941234
862039595
1296079671
1506384025
2033600012
1786054798
1846178461
543947750
970876891
1029140107
1125299846
183016022
2095432654
1207729744
1929925635
147189145
1345400275
1818920916
972554676
1101209137
1666247821
1161176852
168100887
1353384106
1067024739
931063488
576600568
1502649383
418724270
1619388951
1018196099
1002321990
2059371928
622304966
1484193701
880800766
1293621654
1461811274
1454091898
823321393
1817433608
938258703
125230725
1705096598
1291679704
328668435
2124480951
1985471592
1822429189
1283642548
2057721114
466905396
400770315
1805016529
1701701045
744815445
1548311037
742735664
1959058699
1469241085
1286274853
24842728
870257864
699009764
348449528
983657530
1178465149
419712861
826816782
1041881892
2139000913
1862296303
2130613154
1084548452
2058362938
1387197087
884155101
2001671497
787720438
324929203
1085359544
2073889498
373685903
223082885
1808404896
2010093087
1450509962
585823720
284269503
859363865
2069972162
1228799216
698681330
1018918320
885829537
234386553
1684693445
1001174907
823643200
1244216696
1943747786
1567807063
426644118
1683640890
1103830194
1750611211
1661114766
422440025
859481382
841788407
471731211
966931260
786993827
325966685
316597335
709128830
561085082
1842316638
783085747
784127932
1192186643
2132603029
344006475
825997603
338281435
2139902600
826446688
1030841312
721960511
1958560150
211419288
1389982152
1712774381
817573565
1371295494
37922849
458165610
645720282
1254983905
2124176887
1584725736
326772307
513608990
1630693706
754637683
2014320457
2006715543
1570805496
393922547
1989017665
1443843642
31893422
702065691
1927470079
782056187
1663424201
71091035
855967141
427373122
1068558402
1278735401
1246555090
1032660564
725073729
1451422068
1209780632
1310883894
1240955931
652812743
1950837221
1621838934
1945641591
621826078
1508110681
325889595
1367394297
703472631
2066001914
1961598320
504056414
1390174650
1194130495
1461512562
1059097887
1415377633
1288312112
947488143
1084637458
1472116269
724503552
808984116
273101078
1140070419
1810609960
1376580538
2109675838
722236052
1064807423
1223753726
368248036
1927362044
130695589
2006016457
1658795297
816306381
848861764
1076367728
1921224291
339316789
519222887
748608758
1125617553
687984702
672697988
184396883
1391382313
530879362
1904227738
826609046
378995462
1150119114
908460740
2130053468
2144898307
1018715646
660587763
1504198383
207786649
455440497
1435237209
1294944396
51091957
1585989164
789977325
653289348
447721757
1742993738
1483263532
1462335725
1037376453
2145739919
2038913984
436875606
2053147051
166443840
472312839
1705025770
1824642282
282139211
1463875062
1488584922
438454214
1789122395
1261938465
1777911254
893217689
1168218579
1539659293
1568734710
900554361
166017806
588250192
314307560
2039722514
408448610
1264171237
181672903
1571279201
278540722
1390893646
464144108
1339289399
1823147270
936767768
438640777
1554611252
1783622511
666397169
1641804204
404104522
1732064053
284569545
2134748539
98720376
104465835
1510200870
1685407173
1319263129
680378334
212782076
2020361969
434294794
2626235
1909789797
2053946487
1450828990
1008003830
1812073138
604200085
235270454
300753436
1435052959
635633054
415410082
739571112
1087891342
329928931
587057622
1303988368
936869190
227338348
1972660183
1251781208
2035801063
1979744722
1459725877
1105537032
966561034
1152359264
581438530
1614537771
356820845
252858409
1612602004
1185904458
870762643
707689452
879290538
283776961
165287828
1478502370
2066254742
1449953920
1053118273
1194016424
770180201
1738463941
2024591428
1060604020
2077291996
1890048708
693681013
901246814
338780985
421293036
2114720677
522062802
710587912
683118215
933619955
941291706
562253006
778844924
2070251941
672034717
460558592
541196593
447397325
1227173082
1424463197
1737322757
1646987401
298294325
1320041409
1312115491
926216835
236571811
984540296
1188395096
599415964
258846031
2007933
313576000
1878710612
849907878
1783496385
1434616819
180817969
498923960
966276392
945858934
1198925516
1467592696
1444744258
1375737937
1657156605
1678711649
1343104647
600533074
1308670354
1540090137
695787933
408785657
1910253243
11663172
429243596
286352418
1890804301
1789168032
298207031
896971392
1775000891
957400464
1217041833
1620991781
1569106946
1410430568
1859600810
894312108
342567499
640620937
2018832073
323815595
1362469828
1526543151
120740332
1561981032
538019661
368437694
408022589
914130153
1130537125
1075112645
2092688601
562182529
278059825
2043844452
22931909
546829746
92146669
1916827581
1581337460
1234275707
2033501050
1529345914
578858913
2123366826
149891313
1831627453
1382437626
1322747944
1143528339
1846630793
1362873867
1388731498
553573678
1852183653
2020893878
725440289
1812497608
2063044789
1778047833
636178217
889485412
1233751121
999020010
1695301890
735227718
2004351679
220577266
1246576576
2002025549
1140963549
1958162549
1235627349
1240178841
1193117968
1700066456
840579493
1433494775
14309314
1482717651
1735404716
1117699256
1013696427
52944370
2031318241
1979609101
623117792
1269332922
2003763461
916606386
314304092
2067595468
1647501077
955540980
2104117118
1579158574
118859127
572345334
963362632
315380805
700621496
1318609114
213618502
1147360581
1388697098
11478428
1759436891
1734575994
744927097
431265067
230901681
1343692065
1635948573
586778376
433164886
507791751
60310051
831723888
242604536
29888034
307544542
439100161
394125547
1206161914
1477668045
2017111597
1859040918
1898708659
1809941224
1041398335
85107526
1141958669
1253482108
1500350053
723541290
1749367104
515042285
1914938253
1325171638
321956764
1951673148
1726615236
2054579300
770163840
1253209773
1846809528
545326919
556555304
485872748
644724322
1770619477
471903050
945130986
1852401122
371955303
913695195
1796362395
100251249
986026935
1056916615
1442583991
1368400795
93095127
1538446423
1798624026
182049337
1944167578
1480620871
1778447158
1173588915
1388976392
478725104
1888916725
1877821157
562690120
1146885815
167548053
1301765061
1820562631
906723538
1865046965
129057880
2040271191
1567883803
129595690
2075367318
646331686
1565352814
261751373
1452147656
611629306
413504753
609925544
1892831415
1272209933
1787925554
1572208882
2045077869
365955003
977066670
2050265018
971992861
1618896571
1436570538
299300009
274977488
2109435260
491379435
769056215
1461352551
734906686
264061631
363931653
2014502933
2048506138
722985394
382318623
1310349595
1128409890
1740614151
85596724
1454259050
1362698353
1057408718
813427539
1301490457
1860196610
1154269915
188745721
12214541
503007401
1397110356
1138984361
86900418
1599296136
607387112
483619534
1943889788
1980714468
1928525904
1515216518
2000855715
1314869843
1726827719
799189424
955893483
851299251
236337483
703635015
679701373
1109841523
456747214
807882890
579543658
617014340
1812386147
1283933801
841677706
1270982624
249830198
361097298
2076511860
466766205
413961610
819247477
1529613320
967172800
380143066
343889735
1559484924
1240548307
1227191818
1462846233
2095264721
1449328273
389507689
299135196
2040485381
733133636
1414338556
165257301
399159279
1815008592
2086630076
345734472
1559207372
1028210387
2074463203
1634567988
481307529
1707388104
1792506024
419938851
684973679
1698892926
1629749084
102772417
250382355
85343649
422235778
1143147085
208347016
492050763
643529518
1041946431
1142793408
1213119424
1548191388
418983282
1177487996
28449288
1368304821
2039566898
635578253
900193753
338606834
1874172052
643871430
260213192
891284848
755534308
2048345060
1720772075
1162270275
254989756
641162851
2061153119
904186597
1783564822
1444447154
1252501845
1255136047
1769739249
1213287723
617724060
1826311886
1218938724
25267938
990091310
788114508
465612752
384205114
1512348156
1086408418
1285908460
754054024
374523397
1427920033
1916385932
876447362
585908141
873303315
540756611
22212068
1044967744
1116884747
1350664922
300039034
199590102
1137397606
192646987
740241479
1860209595
1924452039
2128419963
52336709
1909140368
1406621747
1049288603
757902120
133022237
1115293429
2096621545
2134210445
2000817492
1157584251
491042242
1249400080
25396257
540373743
445717350
132079123
1842805354
1904419309
1561453877
779350697
1672121608
1274682961
916146657
1216954980
445568648
1819806700
1701913274
1431690979
971664142
354348182
625863614
584406436
1586011264
9313841
61967337
233493182
455378780
560259445
1571349998
2094910125
1815176727
179791805
576663495
1919528211
2118200907
1782540530
787092258
1169792640
1368028205
1831944966
1424070202
1573469005
875468641
1019125491
1584712430
1153654986
1073821438
2003804059
667699267
35127481
2142367100
681285508
782985724
1747057301
442062249
1063929908
1180784772
1683357365
1670010405
1793500951
1866127891
1729329045
1898493570
147598437
633727488
575700189
1600518789
14133703
1465391618
746179889
912623380
1988405152
107526527
117428468
1948847725
792743001
175097374
506045319
277234712
1664797055
1008378966
300361390
1745279241
1797280534
1204264823
1971002422
1437843696
1562549577
1297691026
905332785
1659681991
802939602
1704072271
2107415380
1468870841
1639215931
441129167
879584608
465518364
1871956149
1475594253
740790022
1207840072
365307615
1542376234
407035028
1860767801
1780465997
612047735
678901668
531021775
1451649188
1811610355
1988821532
1455166475
1462419959
1116320772
1983999884
240478355
534381715
1710301968
945940572
1579444562
1878081507
154141909
401699619
504571572
1687890654
1373769737
1389832165
1177383395
86079645
1794823537
491039056
1363247321
356169708
694445957
1901832063
920181464
1834858792
1613941559
849963654
608865438
826506336
658321434
925983765
1942463583
954247047
913441
1709164998
2070083215
1614775558
1916426534
1549613133
758458801
918784353
1767062485
1952210011
618531492
780100219
1405043726
177907079
633612637
2019986602
988813912
401408225
949205991
709063079
1250118292
2127665880
94227603
528158486
2097149300
1713350937
1020832881
1036461015
1778534379
328088973
1398976604
1664083695
2059779037
1995120682
428356902
1118717423
387915838
2029695272
728624168
1493150341
773286232
656004003
27291346
1800685896
1383614699
2128273233
1844058974
765523982
2092666557
1794546479
468727980
1048415108
1626230893
1963605900
1010328443
446217783
674814553
1169916044
1398227265
32153072
1121740461
1190895602
1042906608
82740039
1888984842
440567718
1461194395
273518207
176350210
381348916
1200144123
1367518795
177560934
695760497
1941701929
924921493
1109643914
1005647471
377036318
461819367
701123278
856792375
218722615
1491229798
844199238
728317716
52706692
429384047
2134956493
1291886094
562793903
808143376
2028916832
1805237289
423326566
502964118
754926085
640628072
1613532382
808502685
23212269
1521263177
868929536
1048166350
1325598830
150536647
2019663860
522289454
242857343
713829393
1407068085
1348878693
1512998608
300436459
1835597701
652696459
646042965
393241123
175642923
87667741
833123376
791989912
1427764048
952805149
1376643371
2104419157
1851463376
341475083
1932356855
495222405
180804065
1081569896
1039315699
294431929
908357043
2122459731
450067016
913199850
2125541680
1122291835
1894966629
584180018
792284761
390440360
1052744373
88018120
1787797008
631119899
1704832119
1742705177
1778766939
557814069
1129138567
914358140
1403385021
2062439495
2027894089
2106033855
336465444
1767670988
136841183
381671516
1659846699
1332558936
1036203586
1525023887
407963096
1841912001
785834790
1964861129
1004129048
359582586
1726576294
528324371
1048430603
1023634861
993656463
1578394806
437593749
1792303359
372004599
1070913564
561671436
1502278632
1853495817
1124875681
519189386
364908733
49895616
890648432
1975328722
246887420
1558846194
1126750094
1456810371
883550764
131835675
1949418213
938944162
1127011985
1599771460
1776114310
523870091
1045905704
1203281275
285273796
2089937702
1970678948
543115986
1472264400
902337388
238286217
993939688
300703037
947782030
792557394
637978053
1780856412
1493201481
1502460804
386144221
412329580
2077503949
1537814428
1485033020
368128441
49225849
171008829
450695487
603398391
919109216
224022166
642316973
1245145968
1719533828
451551437
2061282730
1352903028
1097805208
1619826122
102119227
1326943788
2010119851
845337811
848115329
459303522
2127810590
1171838638
930630897
895137471
1748079344
1491686365
853038690
1256105207
333597242
572078819
1111124466
190102483
505073295
1167306396
2065801507
1156282306
1252121401
1341099010
1430890876
730265238
1371758969
1598519701
1309875098
866363442
1514284389
795704329
1166711870
428149270
382247529
774051349
1385939934
2133420344
1819948676
274656534
220254056
26979270
996513707
432601296
295704782
1079780388
1488555836
1672886510
1269323287
263809756
96271968
1896674105
1625072323
1897021580
766192390
1083865629
1742819276
1914271988
2008371960
1468234384
1803189111
1045752833
1099598097
1771557578
323842470
2083549611
1642518729
1433595935
685102324
18735703
566932269
510768517
272600491
2119901868
773563025
1722214811
838238967
35075369
1519339202
655830246
987568879
114250763
1776392701
77953162
104497766
1289557111
779582493
607724510
1972485582
1615761340
967739358
1220965075
1873969410
2000787022
2000367182
1375907013
963956682
1125837252
2098600986
1655487062
1471178207
1628602131
127525924
158550825
723576712
1286457526
210892234
1067550001
2080889127
283183353
119265116
1826306529
880631947
1924181130
425438038
1599186275
360762374
1917561968
1613036640
1274655813
1140450212
1169684520
1473827326
1919734156
536608987
1514792986
2027555737
1815952797
1908141819
2017441790
1025050125
2141645789
348754724
1442449563
257394583
27650390
1799249233
1047161549
937816946
1805339353
129073034
1752232142
834324145
1154065176
635629320
989972890
1843747980
1611792694
925772736
2081153460
1786575444
846886575
2029375851
1312395064
625812363
791094743
1079570116
1808024180
1503671994
563009510
1604527829
984891639
598298939
1859394441
1191745680
688220128
321813345
2068572865
1130270482
894039575
1781800334
693819803
44169774
579100121
998947637
49400730
1329376915
336666618
1480587249
521351888
1075473874
815377785
2048123839
954848802
1824438055
1898533398
1546882769
907681501
162291487
1805461114
2056906252
102166316
714076147
902302211
2073548666
1415774423
1153290829
1891870290
1445248510
2076691216
1840594132
570914768
448271971
11202706
913894666
973005098
1535998688
348862030
1840162615
100091162
206825348
1187905932
2140569173
1298081973
1349076723
69623240
470476058
7298534
300107210
2080279480
1071285691
678901030
1657171858
1038947913
938271281
941930620
351048433
526283435
834845809
1816259784
607874377
112993532
1845708519
595598596
32284690
863661796
786898068
1846160347
113765341
1985316539
91357453
330755573
1297135007
220681316
764176714
1909755070
1946669560
2044639436
976079709
1470492623
1258461836
876698472
1743304423
1925918713
926435725
37814437
88716755
1793986858
554081745
315451486
2107241274
2116781157
311347096
724284328
867609940
1171469018
1034656934
1325159371
2144234634
1161170671
2019693643
1194885046
1274348632
39645111
1506610151
1284518545
2023709416
715141733
10834667
1571926576
1664612846
725181638
799473515
1914936609
505243372
805828571
1395984894
1182433584
578503384
685898076
784085538
1859320008
26161851
1206507153
1601579727
815354503
1544196181
1635919465
357436995
1556594299
727834977
815299520
1506220608
2145649788
838539564
1075855231
2011608299
1025884941
877371227
481727259
390248468
240006449
1847009593
2005416485
1601504889
1775927344
203434416
229805557
5596946
2103020281
1270579563
1970828802
1182444080
969825056
1054299931
1690594316
1923355987
1680342139
338112478
445678823
1573656350
871886260
675651387
1324188531
180700156
1185945614
230475675
1803678364
560110208
1305562399
654746269
1350191044
1850478451
1653820614
1588990221
268635395
1707106709
1370444673
2132390721
1418072895
1319450351
2115383641
600410542
335785115
644251677
695920341
1018190939
1157688892
2101749022
96128133
457305114
2141453136
2111633724
1783382238
128903623
1337415383
162396051
1694293467
1695004608
2053979612
1338820367
493369331
2019487970
484182446
28870421
649077797
2015148476
1313643131
1303110430
1663010379
500422666
1536411953
214134674
159426355
235508692
1053811192
511397319
739250844
109141700
688072206
975509547
1427439126
1690125609
1227118317
303503039
1699231502
998516135
1985890121
2071313144
1548916913
1465823688
22509175
1754817673
332139125
1058813551
846901711
1663724859
960759432
1854942018
1633271700
1447656752
2080155561
1054444521
459477147
1610753868
1864449970
681900029
2118351678
212585864
291599777
1241160307
1013775567
1304743132
1056566293
1514724151
945521858
823128524
190017356
2088556193
1028703716
1406415992
461482963
672767468
442503603
1228913950
453667826
794771239
1187199337
705638382
1216241409
968005104
1016166752
1186611656
1603036886
1586946870
1628531363
2089194544
1381527071
1722428936
536804766
2030164325
1409206105
355822409
1363049350
1183072561
709693886
1040281209
378900967
1333537938
349808874
1346478356
421749745
493103663
1405262423
1753580606
1819321497
1935948481
2021466987
1757542229
1594931584
62872948
792639633
111364514
653059365
1649304368
396923577
897126896
561150134
2104036418
259966347
1244450419
1308429880
1371433867
39050861
886328757
989186937
1019056961
1697778194
747691739
1413524392
1146063104
2104148732
797722902
1538314790
1640202804
1842743121
1107594403
1381819441
1492019187
1172969480
1685547795
1003252587
1671340970
1916059278
1243526849
1779908633
2091201399
1977555563
1846438918
1815083919
1557464526
1090844943
1046843653
1169322544
1199152675
1204335191
841145789
1236219281
317063516
841781324
1062087825
1208819474
1826417038
349879388
1279767196
926540271
833831589
522499585
1613627272
570598817
1210969716
178475281
57394811
1670227960
1396429084
1560296394
1922985284
562947895
768418983
881986905
2066114048
2129253531
204019375
1687411631
298995260
791547521
1229105953
367090208
1899353979
1699029750
1437460860
1967161216
1314748371
235755835
1895190548
811709554
2008015339
1636140151
1295487417
517966186
2062435562
325705302
2012846236
1957098867
1013208474
1312417934
1651561339
1062280099
981015874
700471176
644073743
941070967
233935798
2018903251
739702097
539779239
274071014
339273883
549448944
1834880233
1862997774
1215306950
1008781746
17945312
1389363385
114681629
655154909
2075912778
678558477
1459669694
1807201634
2065663185
10937570
1206166299
869224549
834620500
1780450460
807716352
931313937
1241999679
436377347
791686762
599118509
1876562126
740403551
727756101
1690531755
659004218
1029224512
2004231495
776920420
1197154747
531208334
1541852279
1204109351
67413350
1757685581
1990030874
407951301
1783217425
550257196
1038018008
605950960
235260715
1615759314
1898916111
670310442
1755495677
963960716
1697642947
1061269476
206786480
1504430722
1569794250
64951202
1467473834
1711897351
306974538
1575392243
1073135186
770160000
193137149
1159993023
510726086
1816229924
830339750
79498010
358429298
1904569303
1146934050
617717065
1211083727
883825506
1765353198
1962423165
316383138
1938879853
412075371
1301557699
1377029697
930419400
2079022319
2099840632
282401304
1143130100
787031006
2045410831
400791087
750583015
1641057240
1458266144
1745034501
47533475
169278318
661345077
399797842
1363931673
524849348
1776617615
1650447551
1437363768
1492052863
1201516881
1802917303
802687775
2083454768
1821817352
1530029462
149886514
100068711
1994575737
1912678296
2139744856
1622468706
2071931495
448607069
2020786031
1521491110
1643258940
1216602965
1211188005
1010607117
1594888851
437136061
47773924
723746573
577203416
1282798653
480993849
2058852343
1492465314
2071005167
1732177581
506514484
2061678061
86669790
1543222501
755367848
1898802635
604217304
232714745
1193227790
2067424111
1889898483
160846390
685290867
1534437934
49030886
1545863434
1693462683
893335519
1347655223
1834779078
76871983
763756875
850491947
1420775293
1005861362
1251106192
841119929
1271612622
1941584158
1050719107
1094018741
1674562937
505520760
1007512945
310179659
651943238
675928470
687027398
181465458
1491841289
1454199934
54294437
329772655
404117130
2108751109
88683480
890413016
761003249
1298504807
510266261
1728159255
1951796507
1370770465
428974683
1973337829
1496975667
1448014116
1472020444
614658802
163591706
266190229
1387642230
1907469417
379521686
1107475295
803846592
1843580260
1751935049
334257686
37885258
583278040
332766101
1666194850
1961997901
1463503403
1178543015
667293837
2019661139
1288792321
889013073
1587461527
762974556
907086366
779507967
23821917
850037711
851430348
631242334
932415957
556813717
249330178
1298657789
1164807790
2017309249
1433056269
448382510
829916142
1724030301
3480339
1223842333
845512239
1538733421
701433855
1169299866
920684318
2146036140
658426458
908002689
971931922
997309725
1389981165
415728677
488378602
738581273
435751220
1551301013
1805750451
2023453682
190223345
493692710
937167130
969597181
871384328
394876100
915616938
1033703490
210073804
1025130593
1369803086
1082276322
298917754
1193531081
