5800
1791926090
1289743714
2054043266
606324859
402492793
1093496181
575840621
1309711360
192624444
1784035817
1052171352
1398316750
672138062
1508300894
1605876650
684930844
582854631
751081117
930476938
2120675804
1878600740
1947138108
80084299
942502421
1925903169
564816383
454985217
1468868943
831376914
2035629619
772695301
1647958070
841356670
1648882053
648223081
1110234622
564776102
344045229
1296617843
180756901
294833160
150200
2060253036
73873842
1588851288
1934758166
1330399578
1492696103
1145724794
1910077674
502625822
954978146
799258369
1504225270
1353270208
1365791253
519203315
1802530668
2124496689
1903743826
805898531
2123204772
1298526216
1160073988
30777301
640096384
1937611009
445500039
764810537
1266777192
1482456371
909474827
1658754953
1153850801
1430236674
1355811746
464195025
916655830
112943749
1912692459
1809093107
440282882
1860555939
2023835155
560198521
270898950
1546102695
1110698702
1096434065
1005948021
551212839
141036127
1722309978
999964460
604056641
881587183
657363869
1747750028
863714425
369775180
1690124272
1837829263
1145630709
438287220
1445951150
1760585017
1971097428
1478101213
517519050
635955081
917068442
2123528143
2023662684
1008825173
1656137360
1798541767
1194838741
1069917103
1948288009
2008800416
1630037914
1762345750
802090321
1276007068
1966488469
250546092
1070365869
1312924333
824993240
202282909
927312598
381630801
820528701
600298788
1566151847
530780125
1120429747
1088254801
1684359729
1001211205
951479953
1845612884
1603445844
976649891
1260723155
868818875
1486070557
2058882817
91964987
379833324
1536381979
328787847
1233447141
1117926732
663044287
353390682
832779524
165849170
1830577293
1510959033
2006232013
900375493
651340577
1178758059
130957554
1229743271
411694782
1096468829
259949743
957987361
1836035555
888337708
494130713
1053106795
921424649
1266486208
1547607431
1605512779
1065656578
734869922
2114490030
1758866951
952087240
1844505565
683274941
384443730
1126805684
186894184
187038442
1489962817
734889752
332622567
1108810371
354761598
2055480509
63108491
1446275432
456681706
279298290
494884866
1641614757
1786809325
533047714
1265986691
1477881483
1125732581
742496749
505075509
1950084750
2091956568
529373154
465219050
190311745
1888356357
574970729
932637010
1330893359
1450308934
237779949
1798282273
224091740
1261513408
1147447070
362869890
258836260
1393166461
340270722
1915290405
185473171
148287555
594067117
671501393
1831952071
1314675383
1868909695
721428411
1570429218
957936320
240700400
1560918290
34075705
571472632
1120837275
512829432
1537198911
775403561
1279535332
1009451071
255915097
1481090881
358679015
1835782842
57036920
2076784840
2100209639
1642097838
2088494819
476828941
2025373631
641065113
1117571012
599599249
782162680
2093110811
1641215315
310818970
1983956305
431989410
1074943751
707903083
1347312714
212380002
306688844
1571966257
2124672060
2102035387
737456627
1754971243
1434195628
1144680657
988931709
1041784201
941638071
1266782009
990896687
414873481
1868598422
225401718
1265651413
1325697902
675041168
1956903363
294653945
804053053
1833181400
1367557519
2082172484
227039134
1432249269
241281426
29706558
1128565205
1857510964
1155252363
1719292175
1882270225
482727885
1407827303
594102815
1291432695
879574968
392141610
1148802442
2018531859
426138147
1722488206
1743209708
1269517577
2084010053
163604733
182645734
1163212164
405091559
1615256337
1881516630
1408369969
1956952972
137759450
865765060
1387858441
905483864
1714751616
139587766
1287998220
1958806685
187446935
739840726
687680495
1684592844
261812558
1311661294
791828936
1148706540
509738839
2091650748
1782251246
821283523
231983621
643942834
1105543065
1645784610
251354491
1559636860
1120271784
1272051501
673919118
1162440677
1761863049
1367143996
1627698663
171056103
1717551613
1788734646
994685885
801943266
1121654871
558932659
1290298238
1404525940
1652427979
1130202634
215178055
951243689
1776127801
1929138116
626408843
1916862256
774033008
2087531148
1673015496
519758220
1416951044
1907462523
639443140
1584818787
2143694302
231554383
1974912601
297097753
1797582742
1159281638
1282832185
2067147503
299012507
810620310
1519435538
2111833308
226502563
740535209
2034483046
136492576
506636001
389060315
1433491420
717469515
1584353626
209390896
1035867584
1894855678
2037475981
1350258822
1694887395
1230249377
1347040207
1662493928
1394064239
771376702
1441542207
1223544474
717785196
991003070
155365700
578164695
1569693332
177000673
1469491918
262725740
1509711599
1961661290
1486999382
720351920
997647008
1166197303
1087435838
374006330
2128372414
44839210
358006313
699707973
1084778590
546822741
550475136
1240138720
242992538
1330982710
1582817757
1256754186
1592939821
318927776
202739454
24547776
1339589407
1997807638
1431689446
1264596242
1542560801
1942899433
125853670
1576025133
1319102334
120134677
205555014
377645744
1423934763
276383340
1852182239
1494310738
673519620
810912351
2115900432
1019869780
1892758834
1146240835
1011167593
1590512603
587832272
273409869
196347200
795478464
1105802853
1159317550
1116140603
1849069161
571990620
1453428242
344077432
1301569205
1979383893
2036659717
1926439690
1581660133
584043643
700612570
1687150554
1877059307
388005644
1296181340
108409114
50668879
405091402
1348938684
1334489340
1046200421
1019321477
429903851
1801011268
261572462
300971228
1141651186
1907868776
1034551644
764266293
1391802510
2131503584
833153921
1100018296
1894532409
792113681
534740973
317160190
1403867009
1080133191
46007029
205628026
133939158
706123000
90921582
2118240416
919825582
1075623139
199453490
2074055490
1734778501
129831657
2058026879
552590972
1468144022
959571039
943863226
2095215802
1041248118
2115986728
513701285
921079680
697555509
1494751841
857010203
2135367538
781508156
1095589878
2134811597
1156570165
1075180678
1621965781
1300163671
573316433
1447951620
164526799
1475713146
1792047582
1979529433
1714164878
684034104
1130377550
1020759060
206624826
2126041845
702503686
1302120762
548691931
23819721
1579343757
1352139209
1529499062
1816496700
546256804
996074013
1172623303
397280078
1263990111
885658217
1244359711
1811871093
1533678656
809476621
570889647
1373922065
325521704
1166571703
222594966
535729164
2080295648
1485427124
860744233
1430319967
576465489
1448852803
1786560197
627471803
373330603
592817116
816125106
1903462152
1319508358
1338638108
2008745017
1187348942
1155041202
1196008787
76772355
1538501740
1125523608
1885911787
2095129848
1188937749
350827354
421344572
1689191949
1436415592
2089513562
368088077
850973003
1920770166
163845106
677223556
1310912445
2089239577
735165118
315824993
926065947
1150632674
420554023
922005185
1338475789
497223775
1815193294
886216884
796339906
160219019
535324597
1072798004
709644645
194089547
1597205779
1092342004
810154043
237530787
1901947225
1645456168
1861492493
298800515
1578325172
1247924244
624856671
111030422
1056754948
580329094
1700986725
1116090658
292044353
1702604682
255822073
2051454402
1002164941
482598669
553538360
2067839219
1601973095
1627676537
317166469
544327362
2044321753
1388204712
1314836967
486505549
1104594662
1149005159
1865184311
987532433
607389326
1947869479
1632932536
338710380
846851230
2070793682
349967460
441046971
1401589335
246349005
1811747649
1829212608
22032724
823239377
929794211
431778149
1614314415
1043294714
124469473
1354463183
38628224
16254108
1335367840
2094217903
819796041
251758331
1449230285
1747014042
616643151
1093781938
677005058
1036502197
645364505
1759106109
1251849054
1076679459
609979889
1249660598
782948840
2005813485
1718882298
1972894833
1966556592
1825660241
610480155
1122975266
1553588815
949491964
1663836112
417700965
1250898117
1187333214
631130946
262953264
943178794
716693002
592927005
756484889
1649542431
1084692727
1735193410
839990959
2127576814
480764493
1760515829
1506681181
1544286925
1879371794
1687530770
1961571184
888632599
431118190
2013604348
2027881065
818860191
113617560
1011086955
1848437531
1944646631
1543216989
1577639839
502719360
1516905631
427048316
2008600252
2040942208
1824046150
99521622
973277801
1971639328
1488268351
787282385
1026375178
1899906440
970344942
793432178
641747560
1331987913
1030415224
904713521
543612404
120487317
929143715
1918170657
65983626
1238045703
119016975
486715601
1635672248
1187066439
986856353
1168701419
154008281
821415074
865812158
1768071711
173545985
1611724198
577783555
254697578
303019111
1209726863
313974477
1226521378
2068743901
55211882
1428125202
2091817521
1426859406
1344052932
20264804
1026347394
395236513
804277731
1794909208
1317877826
996616162
1081955963
1428060273
402835229
1638361830
2090908990
1464489914
1629633985
1040699856
1192690900
1669382375
751751649
2026402170
2078113693
204917438
1630954902
1195507460
1125362238
675948370
742802509
121002388
39161236
820638084
941714131
974248070
262678848
951369913
1262572653
1382966673
858842585
577569906
1544180000
1598643212
319884967
1220848003
1874617535
1031614758
1457411286
400623163
1355394025
422569123
642865387
743968191
1086016432
772225243
551763348
1653067057
1173219028
1578349221
171131204
1548300209
361667639
1686332014
690839809
1646201493
1583451513
441283436
1040908925
673345890
1627057354
2015855779
2103879213
1712149151
1312002978
976603450
750494160
1558469588
1422008469
1191636897
1321919053
1407264063
453090744
1015862161
1149089379
1230874391
437169801
1256387717
1627365551
195163341
1803831129
1305720646
770191837
680870436
457239019
1663921556
2121132743
577974018
1925016862
219686475
1991976848
449207249
2073971178
1153254911
1453199435
738805037
591950609
984737612
619484416
1970170168
2036511244
1605698204
1259695820
1802547948
2001505782
829578880
1182214739
1391275755
380877216
739985575
1328953892
1671890828
965806685
717624583
845877504
1781975289
100005063
1839556401
530662475
1619389816
1546884291
1850229076
1338029418
1461170663
1979988695
523492832
899269954
813707732
159416940
759713446
1450020233
462080983
2059988996
1451288021
2062230377
1739640175
997005291
1791059363
523952523
1117874139
1857637441
276887866
1657846517
616295333
1177801407
1883501629
920556569
763186662
1236444085
1995791138
744466005
1879176073
1653780474
1884370108
148236654
853329361
163163847
1336975433
854754863
1839501044
1680569539
380155744
377639000
1505271249
1780208083
1712141787
1360480559
987607767
1753609970
1728571728
1325934977
393491323
1165124944
1595271778
2055140407
1864935244
1798595572
1792777364
1013944328
438270863
520617441
148927972
1366256175
1505562555
1268353386
1315147871
1518805165
1196100058
1881126059
1436156226
473379872
870052472
1892752735
768080274
201900707
938350915
1973317213
1388686966
522406260
544129324
1480197595
1923156311
1115713373
434017339
1519789042
221061224
2138494780
1903714418
2065866943
1114666608
225769965
2136677258
1009986209
1912800136
1944389872
1272459247
404163683
512558289
1699928110
1160187897
596343771
1572312374
655151180
1642009275
206663496
1979714890
647555472
1471715475
835714281
687811535
1349954833
490108601
164380622
164955620
1372012531
1073261606
1533003588
613072678
680817900
815357242
376867987
609946131
1150281496
1382527
775778531
334655457
2084772809
702505571
1628062807
1138254289
1086958868
1759808053
1080447822
1481773024
1145994209
1020904892
402947547
2033191602
900000308
811373932
42718366
454535754
1165434185
528642443
255836183
1526284105
1604470884
832159042
1403956912
1770261259
1568276063
1878852547
548424310
227082077
1942719594
1593408527
1377580991
1365067644
1100635097
1021957413
1422023646
7182219
716070039
247876323
105753140
793986527
321746899
1753940373
2128247748
568076787
530123143
1794484820
606694514
2140554689
1319658323
1060859863
444056002
1754281363
412702245
1819814420
1059477749
555706342
967820548
968350327
1433935191
882712220
1807564592
1788571819
1842415221
472593951
346661392
62510699
1409195611
665957976
1444266971
1727939606
2033389476
476457712
1951475062
2137316419
1518058601
894288677
956017943
1586925885
1419533242
1867201163
1204578347
503664546
710385648
1265207488
1377195565
139031606
978216304
1999919658
801389005
111249179
2109630622
336547801
581203088
160776269
1770619921
597493755
1795024855
584897612
789477074
1885793810
1518788570
1238206416
578564838
521589551
1022821794
1252822086
946385674
1840467559
999119236
745088040
479484286
57664644
1392719120
1734283059
1474483620
348256514
159733107
451034633
1404211979
76252593
1282141669
108318705
1155247925
340564797
998949271
1722307895
683636665
577546542
705840667
1959484656
49377439
1724681960
1125830094
732186695
1914888937
317879047
168999349
446326681
2132406940
876635109
1567142989
2077121924
949828796
868663332
871035652
1891814516
1130167822
1348691624
57966919
1012287962
2097332512
1962847921
430019151
133143322
766547045
1440164042
761518940
1021131108
56150143
1290610189
309327368
973676123
913782424
2126448952
1033685698
826398649
1070927555
1705467487
862847690
1048175656
1931488805
2068691893
136479320
1451120427
574553300
1421568321
1254091579
2043004304
560583806
650432917
179578560
723024235
473099986
1301854571
566622277
15920808
667278126
459686100
170759932
1134794515
1590132096
1596631666
1255035076
1766123201
392139802
1171778780
1772762099
1674881037
1813300698
1831143801
1590215154
482973782
1547974910
947465714
803842279
615009123
958247090
897752107
796690123
205019298
1747792837
522869234
1333179145
270192384
1016806173
1387637202
314577100
916648142
1147954908
1409698629
1712318882
988952647
1730788873
1258980026
187879294
528000079
393901077
898492911
1204979313
85609365
559429390
1572603956
855177268
1801140736
1252460060
2126885578
1252470046
1225954355
203001741
1580872896
1828277961
2084963330
476780380
29704182
1718661914
1659792634
1612178664
237151275
18672934
92727202
199047749
1161351276
1585244288
392628041
1751765251
107682530
1745947440
805922024
700965322
626315469
1219977069
58684503
891924885
1614679829
722126548
125018005
2078386343
951804486
1730032610
1564126165
1114566787
1846095742
1544350828
144008622
1051171339
1507058573
1744360506
1843631382
1881754561
1966992479
1261420143
1235827039
1918466258
1427404907
1095813284
1315376653
1197350342
2034499343
1030405384
1424447259
1066928202
1555927400
2083290091
239072362
692561041
1209922013
157314790
1844100838
1613059064
42431661
1678508683
225782873
618023591
423602210
514599158
443038684
1481045767
398574891
791143267
1915333016
1326706364
790030036
473028004
1723296755
1833592177
1952779067
1408360283
1111389899
451488598
197516132
972013108
2125318327
1705718434
1167473653
1616361760
1233567208
1287954213
1771021503
1792168361
1397468758
1062951637
605831669
1195900503
353226725
1185166666
1198971686
990506281
633037908
682461612
1397195942
955829717
1810836661
151022753
2056132458
258122764
1881286041
677471081
684421383
980459868
1312852919
1696178347
1417313299
169740248
1153640398
22137901
1040842899
1355879479
579724092
2099728498
262683691
2043604997
1542759381
2118463620
726745693
887335946
1516728455
1323919196
1370563705
1454850628
694607259
1918880989
764076665
594059438
1988214932
622560540
880091804
1931983538
1899834478
1522005432
920498655
2124915740
1927788194
1816806682
1717882120
593605364
1970864824
764174312
180432711
365079097
1136563718
126519136
310242287
1098574648
1949758872
60581981
637734377
105558294
723257488
1637005284
1618608171
298013090
1329448369
1747082205
1396620871
1284933898
1349396232
381032121
2108607517
741132962
1432315582
1005567876
1816589864
928750723
569737734
876740524
1059117706
792000706
1177290599
942381275
1761687637
319338533
684796118
700265320
222824531
550569058
1215764916
1026733343
2083740878
23253573
404533705
680074835
1778780814
31155272
741235349
974778780
516102298
300143627
2141209274
1315250378
21952574
948151624
1879235149
424838174
166168026
1331388436
714250230
391370680
1426313421
373305969
593757210
1055932991
1087155150
391224140
1391267237
862086034
880739662
1573002401
1565304410
1158801919
1781073697
799798578
1909565118
2094117257
1347616696
1298850614
543292048
1122724184
1514475854
789835432
360912189
1797374601
1522182941
1388592004
618966415
183641668
1307887842
1822417778
1164886622
2139026409
1161558959
729405674
552855293
1823164208
1996700112
1262342355
482924187
1192314574
1274836747
1481979155
1201820039
647756397
445646092
1432362632
1681539376
799910072
524794773
1723553704
1465721766
1423687232
568256641
1030514249
320913632
191445815
466094301
892116606
807741026
1221110171
504973231
2003581974
1088482174
1066310607
569427859
2001110405
169459191
1448981224
1602335371
1082127810
785003959
997534844
1025184211
1573351103
81129905
1135278372
1620668078
143881124
856488806
1941592863
1792293493
1729391280
1746891830
653265768
1706557103
1389684705
1833076754
1046276487
1927173506
2093023070
241675033
534261946
1368697383
1097703144
1292311932
205141578
1617084560
580448576
295614288
2019078235
1329726997
553437014
321256749
476939132
1289136546
464259845
1926790300
1504778639
303791145
1750350247
366440364
1712406418
1292998767
165406056
356755964
1645054964
203740051
1089945788
814795886
350375184
1897264510
745254713
83018148
122355478
458995840
1289445697
1743159886
356862607
1728811647
34731349
569843981
1398639276
1316701299
2112561818
1778392887
1278073601
1911304832
856451829
1749944427
651734695
28411275
1942672780
874403804
929557872
73535876
1203089666
757048150
1310300898
868681616
1952406956
1169363076
1388512399
1884843161
1344085815
1238372454
1435727803
339237639
865531923
1770742876
1050640330
1002310130
1092651722
1298295184
700296498
1791073734
1056179349
1032564161
1147003511
1257881829
1804078965
1823329174
790899613
417071882
22662278
1098747436
1966087125
831586825
295949990
165961314
521778055
363682435
1939557346
1433400885
1070387067
427843340
1072423052
1273781591
361504175
1693030794
776730783
808004993
2038734091
1371935415
757189314
1577787039
1551540921
690381414
827493005
1982520084
2000251009
882804897
108304809
274865097
562963314
304123040
1438499775
969411779
1924637088
905111039
740720497
834533682
1649635582
125021379
2119907534
1288519605
418483362
175739165
53781558
456625798
2073531477
272866413
999299053
1815767054
1033669017
2013837538
545320587
103214771
1751520932
408420950
921956764
1854863688
1353735341
2140855794
838716160
1692954487
1562986864
1395251897
1529708661
1026026968
1380480633
830822833
710669413
385069554
191663651
493026900
1284600136
19910450
560413542
476112553
1404713853
1891936834
2059443807
1565502339
1728260879
211861000
572214320
1730423005
232214275
806791085
54645748
46271923
362256049
668498532
1468452297
1190147298
474317937
351362209
373321904
1726465309
2021255010
205417303
776515809
554637558
153132728
2013783730
562751079
1821470566
1838310044
1954260608
1405614768
1235510290
1086691113
1458165371
2044338022
1634479961
812590922
1254422968
383847494
1871687295
722232672
1854289881
1491060215
1085093022
1710159698
498528477
1853156130
1711350176
646170366
478189943
460753953
397362219
137231874
608427890
1650100333
473956381
1781466992
1607996861
208958687
1828864017
1194629515
959703134
858917341
874720597
1917176013
1902139764
681515593
711765944
317202857
1454834935
1033507094
1203484207
1014352636
210545942
1749153642
710887185
582856742
982060617
893846476
246503542
942060534
554499088
988196642
693792726
1873734004
2066203766
1954305030
869337894
1866455019
1170005199
28267629
2076561538
888193954
1989858853
1013434328
1263371913
200278349
1701091630
1959965233
146396353
736907094
592308750
1658765688
2050083789
2146908301
1036793247
12227540
708523361
1475968683
1803330863
167610092
2139467057
837979215
1772124771
1195642072
862486643
1448865456
1538307115
505973488
1873040990
891934977
1302985341
295813207
2098831564
1191292390
215077537
1995420609
306500584
811569626
1641421780
526395946
2037475011
42206528
1380438834
391357563
1941216129
941787016
1855070156
1594615342
1860243389
1911177201
1420732326
703398804
1506022442
18985272
1995975398
1023014934
454938081
2091807476
1637640470
1970652187
1826954689
1862398976
676220093
1420956611
512250115
562316646
1492737938
640970005
100374905
607513450
1196918673
1903879567
814108105
1851898079
1080691287
1758028166
828371350
1465364673
871815563
1787320734
1028523494
743043300
625682358
1927162080
395551098
1384424411
1000620953
122414117
765710440
861535018
364887310
909555392
472366472
557527554
322163068
946260415
956932475
2073532238
424746804
447001214
592804717
289054564
1886298765
297690966
1122013685
520224556
832633273
995934096
248035867
1256508864
1543368964
305297672
1660708985
560246508
195909478
1143850556
572295469
1705117006
1948785237
1702192218
1512644659
1919691941
707177034
723139098
529117600
2093399088
2027923224
1820753325
1394766327
1048367247
1901581202
584278836
222772730
1769692833
430199508
2035176073
1887263558
1120636214
488647488
1117169096
874316041
1713772373
498472020
1239216111
1208198966
2033759980
1233094932
2146224720
128458613
2144769722
521807241
1875520369
201422173
275565691
1446267656
919291158
1221695107
1513347956
821169030
1882712666
1124385525
1152859804
233529081
479690363
1391904002
1785461395
1772396158
150366823
244249127
1311717417
427968919
445389688
608432823
1839589050
1767444887
659196231
557339204
949380669
1742417548
738215040
1371592769
2138388793
356776793
1020660945
616933340
427671505
1388501297
2098261725
932128772
1422915872
1615224087
1059187482
1890563148
959204936
1768473438
640426861
1440421061
1074160621
425634734
1045074442
295485048
1657271574
1760108099
16664394
1795021586
1111274775
1483462389
525217823
1112283674
809515435
191421008
859923452
2068989958
250015223
1103253927
645725079
376680446
1182469053
1984147200
737046196
389759604
96902775
2031294931
512457422
940541551
373525744
801907424
1867550993
1339838868
1206561853
1009041572
147246230
933447802
1450891555
622695338
779776211
1795434109
741415764
1037988509
1659563934
267243133
202034857
1753235008
1184724917
113844931
2009781753
2049244839
790301353
495887813
337302862
1893680773
1690508182
2102911415
1598125090
1527373777
175879378
1797101871
1158064007
1120976835
711468725
2037628754
1954481223
667698028
1055866165
1379153955
1519851945
196064250
1333395176
1277780188
1180160750
1445728891
1551102692
300507029
33350176
1464347798
1580592835
875773079
370553460
1989081272
111439221
457097584
2047697367
680868378
1164602560
1737499149
663241641
326593848
1121571925
1946184919
1547791190
1578171416
496657192
1338753563
1343208810
2093857318
862988014
815158714
1123421045
1779870008
495089916
158938690
154383543
393938159
1286374708
625466810
560943472
131503995
1518360703
1465878910
1798595741
1775654305
801470192
259087117
1109202472
895239050
291240259
1507344293
337704476
1029939247
2022519857
388735297
2141308210
1529240051
1408427505
2061491761
535775407
1315228414
1782443256
702908758
1830495182
701545862
407209408
525890315
1981135355
566015978
132649349
1315928256
1110251886
1448120525
1164338176
1308499376
1361505619
967068609
1157798469
855173804
2135848904
2101493060
2060154966
479041208
82809970
28407502
446517177
1434449686
1591198350
365525885
1853976060
1402779575
664155993
1789934566
1840583232
1194515219
1196685263
2088983318
1589701813
1503986495
1648163767
1322105241
1395270426
725844235
328423286
1057639153
862314562
364916080
1302687202
1452618041
1574464135
833423494
620768129
1888231729
197705922
446079798
1599490028
926879544
1129431549
1852526077
1421185122
1878139604
360307251
167776906
197343786
1121055521
1136278088
228881181
2010659994
672861155
677287072
1104540409
1643557669
1653979185
1632003273
88368815
1269909627
1923553279
1152433302
41422011
87926649
878214125
333159151
76180700
1040905864
1708525965
794806845
1602421032
156588450
587573091
1163019782
34121288
642743277
1979134493
156510722
1798886189
1436230306
1930360555
47851484
1754634642
602523487
1928034870
1578403076
756772439
1404975459
1529315786
1879089663
61847988
1986546054
171534854
1179453401
339292036
1316191004
1641071137
668532348
1808985968
1138867767
372453460
1522051910
900426994
78328497
1480170973
1489418035
1396711441
1645998632
581872457
1408007299
1204223352
365486545
1794075986
124370475
867612261
1458867426
802123789
1401218248
1786691957
190646168
1625359479
86820310
2107648580
1686886457
1533203242
1932849487
1836591705
1692461551
1093908995
1190496352
153979031
363956044
961408968
1446484858
1683079807
703880283
946499655
1752633468
703003515
1595113538
1133359315
430117074
2040247689
664635523
895392848
1218838625
1697468901
162439890
1783158708
538835749
285366381
487241408
1451970137
1271847752
1814923399
989958426
1819542932
1433847823
1764405485
1012274456
1613380028
1875790807
432427163
260142890
1099416083
647819698
230751769
63668073
329432329
2129358052
1423939739
1540412246
2093515903
175916513
171524042
338708555
1623910931
1305743797
1471419479
1228422685
849394485
406466326
1841414047
1217200170
159026532
289082779
2089600149
568406441
143446824
1196751690
1357354921
1945714096
1878013739
2006481853
1349418817
1095946990
941179195
371533101
762133412
1240032595
1753760344
1401685931
1278834571
1034991744
1836222661
1933613824
2027094033
360608316
122019021
1130444084
884655471
2117841816
168248455
1715472346
303145668
72858866
28184634
1647683519
1110437480
328505051
1941712507
342235691
856085127
1768342722
1567934630
792816504
1337748733
1178664831
959588206
1571343618
907261794
2084894491
1148968454
2009152521
1934702693
1878138111
1939750813
1855762284
544045753
965441308
1990466209
805490141
2122730932
1410169001
1857273352
1136798874
27250244
682419719
1911571564
1209210125
149304929
1274527230
1059072320
984929199
1489073626
1808870341
158999650
680431099
1143706021
1000440434
270093999
1841078362
1339739555
506674654
1136234095
605259039
2062588802
1658195452
276646653
910246390
1040077708
629205049
2023582121
1238785785
978367758
1070342770
134517158
1386177580
9645626
985437343
1207351428
634904690
1190915203
1467532233
1023800781
1272968974
1548858737
253825899
548773956
457012804
507282870
1478754410
1934405964
1473345068
913439320
294085310
829976983
625704373
1668186310
717207615
1820355889
335753671
378293997
2026796739
988590104
1803651980
979968950
662726131
1923041726
371365394
28036795
1472528908
1552030281
895006011
794460433
1110959593
352970323
1849324361
1595073968
521485615
334475935
1780733935
1821704436
586301099
1621191004
1465140682
926013837
296922826
1208665517
1771168091
516876402
1062496603
2071431245
1929084509
1028608279
1347023830
1466954694
693245631
139714996
691869801
747671612
203606354
878893991
1077053241
1132345380
609902171
1671988207
1730642179
2016898233
2112575394
1604418186
845318637
807661904
1213171103
1444928422
1255154317
425963720
2060330573
1329342357
1323600725
285075673
764381895
1390604955
1520143902
1085382297
279397982
2043698643
1766805634
2085116678
106816506
1860851492
37695191
560738120
1713579225
856334723
46112053
1008861239
1370605343
1181328726
1596723894
1965628196
1309528890
804980800
1574173416
1453396681
2116448968
875367938
490451196
1047978485
1828998870
1771814992
690651437
1698322697
1234007441
996728658
2015277994
857526757
1309133118
1309251945
1692442116
872033321
1235416511
612043843
369999516
1449988371
1651699695
1357810778
1200938334
1091534920
711195234
1830729061
272381831
1814602782
164705558
194921201
124432688
1428745445
1317450305
1284616211
495783711
209024704
1578636867
1030004739
194001344
220443797
513064042
741084837
1946781494
1097229491
549610951
478562306
717622626
1301073145
1931964378
350857532
362413162
915750844
1162711489
141764643
996737180
947119821
650519478
845521988
1551936821
592369967
899214413
1303051912
1501425136
1578137118
2078701443
734525888
1008108034
936446389
212268036
1272177397
1732214277
12106140
596548268
858063132
1246352883
1981462741
608213905
1854066123
1823338447
1688912846
1360631018
1271854605
1180646822
2127422753
1912246598
154542357
446750781
1143439816
1738378696
1746502146
1903448151
2057546963
1344047174
1191325565
1440420431
543147025
1836324168
521094076
759459602
1760711806
1860861790
2121254164
1319122741
1202931215
308571006
1519998535
1974439163
1002786921
1255147890
1510780653
1229764185
163690116
888129625
2123946691
1770190745
1241992129
602772930
1714307903
1550808351
835567428
1933550614
695369455
923016831
1077817609
327661518
879094194
149266249
2146569505
1949695773
1317799324
1623022357
1482240363
2077781748
1697096288
813198943
2041075786
891267569
188468906
1863104850
1091620294
784494193
136482648
259846688
170027954
1216908544
917135311
1123335966
1029234101
1206281805
1674279658
2113263806
183840187
313651556
1294330595
1588540483
610572277
1452952096
1419338048
1555510845
1838524343
808109999
2003294107
411167576
180132525
339909145
343144260
856444047
1579683406
1393160468
239880769
1280673851
2095510241
59615742
1523856170
559895631
1478543637
55215723
461090030
1083066745
1411458271
1964042770
1712772126
1835221994
1161263815
1321869567
2005284393
312921977
1303131096
231222939
511765101
205494271
1596721513
359211628
1173451262
537715956
757770828
200734720
594960331
792599321
752723485
1036844043
800573780
2143307430
1385210363
652983029
862092982
2004528644
322163932
1061451591
1555696270
1093888927
1277545311
103098370
2127723256
353701863
307852539
223215150
1285746942
1156467881
219772594
1817801709
390199616
912565708
1741277385
289399394
1337765062
594750697
287873691
1390387146
1243191280
1269711564
1840217613
2123539972
3697616
921002468
1440079111
1375387788
1482651115
1138487392
806729022
1850557185
1013440690
2079464156
833854377
1384597373
463059808
112637428
1349192255
1309897685
1114164000
511387964
843051675
629819807
1214456331
287465712
1876335562
1331034799
767721509
646170813
1221772633
1042466946
523336673
937119021
2027885597
589621799
930443754
1507813139
790480489
1784478178
2077113623
892742804
1088663635
1864625341
956086135
119696428
197033864
124227392
1409352169
1180815099
434587802
136351039
314676485
240452157
2137151963
1303051917
1441536147
1017834061
221075567
516587124
914424899
468180226
1660724464
1900202363
1989871610
121758489
388564585
722330523
908278697
711656235
529440791
1935197755
1631787067
1510118278
1564355616
42964837
1468348141
2139526342
671187306
551708405
1471535742
901649417
1976852063
650868049
1303658200
2025166007
1033010775
1530921442
881176897
914785070
2067526919
2002034891
1478193441
474132290
1196479313
1732123033
1599887359
746376656
1105531697
347589922
673401173
50791265
623758365
519611523
604203895
597718675
711503586
1618970160
230893397
1332406771
119458580
52450646
2090791214
522280554
669227433
651851646
193255551
103333356
1892766319
1210180294
2140790816
1823706299
857966512
509850868
309993261
1028760692
846269143
464474114
1103407170
342160973
52828295
177013365
1185168117
907302098
1056951441
2133537783
489011961
158680764
57269952
1831541827
1280143549
365289607
1757390582
863371690
1828459016
1622124368
546400403
1403256470
1054118409
313293559
741271557
1386041473
1869855039
1892059075
601376380
1816079831
292193812
151798208
1377183099
1408050163
495736047
1630627289
1977226365
806878790
977391792
217449639
1361593290
1457730457
1773251282
1275893049
1093370347
238148814
682629974
760745434
2008317686
830747385
1971726716
930809801
222648585
607032828
650230757
1020324064
99250534
1586698719
1868525818
1258952157
172066630
824614529
1723809322
348400735
19930473
136998027
1744099842
1167541623
1709843751
253975507
488958643
1731280905
688518114
188187278
281018170
1480069885
580550214
532376270
663506718
1405888195
370466099
1884803197
1938768705
715372781
141695372
944826507
1627899422
349717737
731005119
1989684833
1405770512
1839134683
1767489706
980531863
1685061548
944056589
604376248
1821778117
166253508
2146033223
274368730
618255960
488868104
2039305233
560381690
881008694
1234869259
1244631381
1422318128
160926049
649614403
1893138648
1230990362
1871307102
1663208393
376968131
1773500404
1976680831
471810211
1809247275
371443709
1830132978
811789308
1201409736
575572104
2008044703
381264561
1693785470
609627546
444291064
2115763757
1966774625
57318805
249972942
1038142412
758361557
1719641839
1334127430
1641842112
280035671
453229466
1952324545
1734316773
2102890714
1184494949
1952418936
220483387
1469354373
905470571
1166543913
1767758769
1121147808
1579915596
493393030
1312339863
2016304099
748721417
1070227501
1581129506
485756507
225827303
1499547873
254489976
1819869223
515170682
1486073423
988607318
516938338
1513410099
243327821
1133633631
807433237
386361508
512697662
941790016
175565797
510747508
1659509032
1433532779
369347445
797894450
1887097699
789997455
1508257958
803563209
1292002432
1104966150
565772428
1849932885
908062768
707038588
171712777
1215401005
137055025
901543310
1771223921
860811912
1743593993
166027130
1034913559
405108393
1247651638
458747935
631773856
822822788
1370671240
1060568417
1757955915
156876896
925298336
688002739
811498089
106443860
486621848
985191430
1599744060
1599865551
747142115
562032587
1559575953
868152429
1336489907
1379476853
901880441
2016206426
641258891
379509483
680760468
1139379996
182312781
2090111071
182616279
433062544
331806185
511514826
1784170053
535551603
2004437278
1686608228
1869150262
1403926088
505385923
201610002
1189836759
668899290
1810015365
1928475019
1053564792
478764894
2029283847
1528177821
1276277775
1212961671
2014743008
286080880
1586683898
1971489400
2089123675
552247678
952464500
1693488446
609304814
51521149
2019210445
2058482705
1682730741
1897979568
373778437
289985378
1322977735
1540640630
1663071094
1775308591
789164011
1208056499
1723841683
796360689
896951481
701280267
273355661
1198952019
1018420664
712189107
1305879914
771297244
1458592235
504845164
1895331452
1801743043
1724448652
1277240666
936404034
1017840373
2035466796
232972692
1745629232
1550314783
1870778659
743695902
598872381
1906633877
1094225392
1322395519
2105560715
72070527
1147603509
972782021
1423860163
1986230984
1724124669
248487873
662184313
1683735039
818456154
795616325
1354494620
1975877463
884423429
1741879727
496304947
318470488
1016540523
1984750216
752520541
593163874
506330684
270049759
1259151387
1791864878
337574866
70775543
1377497742
1418072046
1467644085
659245562
335822407
1945023209
1965394293
1083006026
2035851474
1139685002
2124630918
1092579538
1118209686
801131734
1038660285
603420519
1175821444
935663667
254008
1843456585
277171013
264753243
1518338059
1646359941
61356190
1667083744
59682878
561145730
1622528406
1974047
1830809078
236972356
694869405
2090157013
1328647407
2034171564
1597118475
233943499
767505685
1242254979
1785582228
495878442
719054963
27112251
1509662683
1385865323
496898640
843878975
892011680
725512341
1923554443
992410946
1216361441
1807788502
1261407867
1427872294
666619693
424380246
597734173
1081889448
364949965
1762868240
48547497
649055642
487637792
62828114
1337372175
218213903
1639567540
940801142
1767519255
44211372
397111371
923158796
88461316
84481842
244247129
913329976
459731968
1795426505
1851403278
1590378137
1456071470
2146446066
234275329
863264754
277745660
1436626053
1064688183
873988358
1328546324
883925856
57298428
1225140538
475120948
2013053847
1327608982
592549220
1061871418
157081591
1872068014
347733182
183029154
578400924
353178388
42114055
1894321488
1713204423
965346124
2037779239
1976936222
1530367844
1580676052
276322409
1812809549
1275890472
171186918
841510111
215997281
153168151
120914681
355580137
449361981
278051303
244405020
504309896
804210838
531435425
1937302211
471883598
943145777
1034894504
1428771787
1326595261
1447651575
1540365452
102527999
1622911093
387828560
934519871
457746386
45065866
1605409426
1117911556
11295987
635810826
1823112205
1760646726
2122154929
1308191391
199583802
842247049
1282806337
1352822097
1809256641
1406735966
651595331
1696963685
1963577370
1964512709
1389862675
1050710590
502078788
202148948
509847653
120612557
157715698
1763608237
689007667
1897184334
78402907
920767859
712553758
907023217
554851755
1774140617
1947863198
1147561897
848483437
1406723197
456286583
66786150
1811631394
1320808515
150204814
221183034
633824991
763582627
633138390
1581254347
349305485
1868978769
1845844616
319476778
1378209988
1935521501
2111631500
1580188919
358015173
993443101
32634064
29115813
1726813761
488315083
54142981
1218012149
1485414243
401370088
745977856
153135456
2089796562
1474473371
1995192628
72892777
1731871195
1442730871
499624444
74933173
1998992807
1577009421
1305050020
1886652926
2071758663
733053188
1089447476
561703746
167960746
964740225
1408745814
575848740
2004691916
1197714373
632432381
533451467
1760074083
307222117
1983847942
880593412
1547251458
696761201
1181682779
1630392197
1398988000
1211320819
631156805
1853025942
2090278122
383013110
780690516
588693996
1186994226
960999360
1772316673
773220296
1231181198
321146478
634008399
1510981056
1127084056
896064910
1442893784
455271896
849892580
1971937065
626277318
1198002631
813140499
1057846817
938202175
1295685680
989330322
1175486342
2055587431
28987367
249942862
1511289246
1874299778
755250485
2030228933
901285128
476801490
1220760894
1086441837
1225041108
187957012
2027618946
1679844400
555394646
1479463678
487281075
1492697613
960383486
1431236937
1972428015
1748198270
776274743
419990642
870371527
2070065918
2124318843
796305224
1942110255
1567691820
910634068
808699808
2474223
2066381261
521469137
691974243
1916555076
545948574
1257286649
560210903
678329201
64496835
246104152
1791405504
1173675116
666358424
1229032717
406681094
1660079406
964508153
478048765
644029135
1343516855
287669837
151839737
1263374868
1339096546
1552088928
824884548
1711805689
1787974754
1195616259
1515017714
822612266
170055782
496681912
522773359
687219703
1407358772
2004311360
548118914
189012807
1214558974
1850746164
1704837742
1713963365
37099384
934141845
2109154946
1841049112
78542446
985488001
1713102191
671637867
1724680972
1464986796
441478558
68150705
1161733950
417430171
769057996
366655991
1238927068
2015561248
1069920373
2076689438
1037528267
437830685
315178444
1601833737
125142706
728676911
287400537
383449417
577608085
188147188
88836955
533374744
372241878
1881926271
1428862720
188165144
598324059
264456002
379466925
1785985625
1604269640
242750905
1637362721
1942634621
767228611
618090390
1424289545
1499157347
328313241
1828101591
1475612697
932061527
570192874
941534692
1024738328
241216279
1045084207
479334703
78842392
1796638517
1676406200
528065007
592517870
1037921232
173201816
1998549653
1358734038
1361101045
838011476
1572946724
306331637
1986345648
911842450
1298366603
1470483480
1051032475
1652705003
1093519728
1104407611
2051587773
1739173628
1090125307
1306355908
1189906957
1040057406
132043918
1710050889
526018810
565110178
111081878
269145336
874687943
1308462414
1459991699
899158439
1232420052
1259226305
1834620582
1130261927
1894866406
442245449
1899082098
723117852
876976011
1221593050
655086684
479467823
664309788
1822161322
943608680
494931063
1624504483
1478207697
1859966397
2087177955
2064285620
1377522553
660843293
1948046486
458344979
1862658357
1242507875
842800965
1586067063
899380912
300456115
1417097073
765994805
217110978
1068602886
1433582589
809997397
144293493
318182647
1261187692
1934140956
50192991
62183443
1173815206
1535678232
351969584
991066268
272801759
583016095
1561446777
836957300
75134586
1724228362
797358105
665830509
661679864
1099658054
871021858
1429764834
853763345
1918044704
599377865
1366288782
1020417134
1454266380
1355307698
404737994
762139056
1275598075
1365493732
2105282820
1049971204
277617481
723891729
437154584
1291553756
1550371264
345762682
1585701895
1410471520
847408604
1761960642
117721355
52278128
1372697922
814065691
299750382
1926944173
1053174255
709852008
762110513
541475437
237351465
359120597
1162437200
1916436678
1895963779
130132291
1860354821
884151075
2071834923
2056602592
1909680297
497448458
1043844231
1307651402
139766868
478669154
207257983
1688774313
945578224
1721893017
778191617
484370240
1309467315
1738209840
1272485825
1351661924
205565096
1989402862
73061141
882728505
404387634
1836282740
40228760
1542437330
2023939589
17683624
1216340425
1468581892
1000115966
2113537112
326720000
1665947754
1826094912
1460018837
1788718795
1251021352
225422066
1062954222
1489843933
781500674
477485654
1535315492
1335434133
471197937
180154509
1771888333
1603947328
1685299846
528695747
439912645
1063023526
2043985830
1676374340
811783284
206963567
485963535
524965863
1620545571
1199977697
2120800518
1181971091
1265191243
1232216232
202001328
2085410744
1506790328
1197070141
2128432843
1645458989
774793794
94274389
1547651253
2044353387
1313017748
2037552268
13703596
1172881858
525276487
1712124240
1919760752
466134594
1189799240
1874342148
564992501
1374037862
1401155
825679565
1923011719
47049475
1966084983
370524939
1466703446
422694145
884549190
379926062
2127791034
872224020
1605641620
1886550760
326429990
836842758
1037206962
406462471
1209166733
1474563963
1955394729
1751935771
1879460852
244893024
863924673
2038221491
709850157
499912056
1098002058
525684814
817170174
512561370
1924478526
963064604
732057708
261870232
844947045
1492212040
2122054115
275127711
1834155890
993389526
1464829621
1121712830
1461253204
863497963
1742608266
881110718
760374101
1656350200
220428263
1935491374
1346948512
22445140
1301967255
455707302
1001973915
145504429
2107599102
872466990
609926339
959788692
74596629
721339544
1001754477
1266936064
729319653
35809678
1559269732
280880333
343993911
209912654
712071363
1632481902
1793653412
673508194
1832460341
1990502549
514201577
1725352510
1410453277
788909661
2001918958
2074106941
29084378
1081263465
276929772
174833799
778931640
166968394
1471499692
598888398
2048264235
9660638
1870766708
1175845292
1777518831
663226901
1785953262
871377726
1831529613
421687988
595762437
1124023589
692049547
1614551907
284009958
142305960
944025868
1073560801
1233213612
1677479617
1877849436
166982211
325854636
1874324269
967326707
1217749882
920584166
1153709648
2030867748
1315043014
1977383121
1310994810
1998235866
671452230
1974936824
361334670
1171414767
32292659
367020014
148091522
282644474
1206398983
583518419
796240532
1425751261
529979325
179203698
587930527
25218909
1550868714
896230286
1585849224
324805159
778603244
1598423885
461281680
1265471874
306484073
1512369348
2102123257
908546861
1960552767
1601396824
900866595
1409570481
144401971
675144440
520906000
1331883362
2127122837
1344744120
2080094916
1299463102
739928576
452350843
616909439
219246519
442087558
194992747
1722269931
795329239
653715955
1455874815
965824442
864829835
276164941
434258625
884945515
1596480382
987280052
1664406963
1391443383
59784182
2101064911
2114689625
586151182
1202973158
2029968259
565712461
1903012205
1551642827
1291004499
283869853
1293360868
1111773152
1831243226
1781743360
2117155788
188838726
33992468
1635225587
653082113
1338569720
1874054378
1434296583
1105656358
1451646885
142384819
864932467
408199373
1137854956
1939619388
1585401002
294718879
2021319520
2071140999
1435098344
1774820674
560945857
1150546325
576657766
1840810949
1457456362
1629344406
623627640
1299503702
175983801
1241262192
675458535
1887485463
1773890503
29740098
1011963178
1902089789
1105783481
51650308
958433223
119302705
1632364738
508242966
1577107544
659156934
1633824051
283890481
1881408510
321198570
1000078838
1789459328
1548090944
1319317018
50446711
1117310244
1277388376
810836791
441804301
1358623582
1331800528
1294206932
1063293501
942466865
715645456
2065641514
1228971333
562381162
382341169
42658901
10571583
1357845865
889692481
1421018824
100100331
1950241418
1014905497
1140476585
1256977695
961949378
1745997204
1087721891
961109882
542808361
1932194947
192469599
987452918
222671806
2127337216
438609647
1926393903
1314543088
128046456
672391893
442278070
588027637
684015016
2033979715
390294523
1226399660
1042433847
1529054081
209775002
866518341
343021518
1261983554
1373408336
1382083431
871665483
1865481332
1891676670
884747806
1982241689
874464226
2040134689
1601918014
2111231478
1962866030
1043427411
1491929651
1410950632
2041114100
982671295
1112138564
1539059384
1932772901
925702161
1255220452
2147238611
1391132792
1946639300
1667012604
2052956243
1965408054
1978376681
1464099753
1185297779
426115775
1537744582
1368125350
1528638610
88698952
1921946585
1534119446
2119139407
2012520421
377874494
194293261
448452687
1069675045
1126074529
1796953530
1004514517
1411182437
406491209
137733284
1868280711
1234382162
1979365513
1135779410
399348617
1313062131
952176887
558857106
1449320861
418783749
121274471
1084212642
185689163
1430376503
293604552
646346906
178036870
458174807
293661410
626600970
212381139
1775973565
1376147361
2078689210
2067485151
1699111952
2059548498
834091889
942433822
1318617746
1559854733
1225245484
472285730
964801299
2105238063
353054783
1710813744
8529349
498487231
1563999118
136048949
1384206209
249277784
1954013324
1030237802
1966974640
656630364
220577535
220371326
2082335409
1113597777
1493992763
1771927056
990703990
1278582452
1854267962
1540339961
690552303
1801532481
2049015952
962833323
925867627
44484222
1984464890
836622541
1370428063
1561466203
2021074878
312295596
1596340810
6159367
499460347
2023085358
106695346
1232236652
1050052958
1103511061
1767345562
604654437
1399659613
1871308081
1166108522
1605490993
1525954156
1309166404
295167282
1500459342
461332192
472032100
1044288271
1787123646
1213532733
442546140
772954671
1239622624
1698585630
1451103588
1313548113
1324282307
955576809
1012433225
1897142618
1233132070
958903575
1814082474
652424841
1811362339
418362636
281959738
1413065712
293999682
78514545
1895330350
626365128
2077798507
476822752
928169948
1233010501
2020582395
1744092869
1999751083
196351613
924686760
1309072744
1016456339
1856826564
2016965439
168675507
106870317
1713761285
439302148
839195665
1550308888
531890707
1935003160
406417680
1248842510
157013570
1305967221
851540222
1674212879
1683638442
1222715684
883433399
318721606
916879298
1395948920
719369705
1536525665
1440108160
1752476232
960373489
1533934485
305044343
865997421
29761367
1143778320
952610201
909750426
1389983428
877812047
936344587
352143333
1858753317
1254588684
672289720
799628317
429493724
112826642
1527975180
857076102
397675016
13341381
1293667120
1635718657
1789466661
1236969434
2127577500
1581396033
1592975006
1035497076
1105887834
1599936719
1745472650
1658533233
1894470854
1075837424
1444680971
1948625007
1504121740
228784103
585248731
164019420
1454903928
1185980845
1764320380
1649599622
738168179
771106875
349002880
668437538
914234903
912940934
1996078508
650763633
1609349778
1056737025
749521901
1274137813
178207577
62642441
731124694
1636986081
1381591466
1607000984
1400642768
1798343459
182425096
880912508
279716803
712545257
1428927996
125404595
1839651981
1189396182
2018511435
703456635
1760115965
1155826338
1664110113
25736820
2103463580
1885753887
1482320971
1398910097
175048903
432316462
1164426678
1062160466
712848410
53947240
728748034
1790486484
220746442
537498377
1177924551
792272541
340759770
1308111624
1272500754
2055640570
1096011917
2083801222
787631045
1781249426
1912899198
1118854504
1093131980
247911209
47376893
1064697168
1818056002
664709944
637793444
652587416
1959623404
276684988
498761918
1323451705
1450417147
149308915
148007338
470307253
1414433545
1825369253
413513922
456332014
942026634
1815084523
1341445507
951026502
228367374
1207392945
1498071188
1906229366
1400089657
397476885
357979739
187217631
839920413
484068182
936482910
1312822998
1046708662
763808327
598736983
2111344684
746908956
1230382090
896326204
948983393
358825045
2026474548
1282582046
904785371
387454790
673847283
716473067
1383284355
528862305
1146148325
733126714
619114955
487106347
2025959119
1648539886
1649743275
556060242
195693827
1586861416
627575115
892971565
1970556342
873633112
1088074072
962843325
1992357940
1354908264
467989565
567707087
414629575
1444997812
849575478
1192601092
817514253
1699889758
865848816
1100562463
834582934
919539251
1453164624
1904449858
1249909390
1606800922
1885476073
1597163117
152595032
1434951373
1902871137
295094619
2038467806
293186810
1841541807
1263875929
1974336142
774196742
2120011464
1474520901
589183162
1881058347
1140065217
769665119
1656822060
1805362988
242714244
739639357
1163051697
1504950110
722526240
447672384
1733722576
912381867
504660497
1648543087
1828937753
1786869773
355967651
378072369
798197115
320829252
697131246
43439180
176643960
1771578823
401355057
1488178543
411931159
1713065889
1769771389
2146139803
350269483
1884245674
491914499
900192241
2131475210
1340875978
1057970581
1505464788
203844438
289906284
1974940305
1063662382
1639596168
938179765
2028592671
1174052823
195123853
1668196180
32600347
1206988320
391125049
2028627813
958212883
525223531
1008369913
1971628402
1326261014
308709374
2032563265
1151878978
1689205623
1948874694
383492757
1319394048
466509380
524007285
46288065
1921751251
624230784
860471859
165792983
1078767814
1619260282
538719213
114288196
236763735
620654225
303470505
767679991
1852613910
296515183
1072282866
974150341
432190586
1314159396
1768068818
1572801931
301007028
1978484295
190751144
1958289776
440533508
1984507586
1695470087
580088873
441721475
131831117
1725041182
717592150
528308238
2073667665
51386419
6984585
1924122465
2081910962
496909736
1002078925
519597463
35792234
2119580675
1485692587
1322308192
607701176
933817417
1515955548
345817967
325323589
1645567078
792936824
80549096
118389053
1636660740
1825782157
2118151481
211676622
569453673
1180543205
396039690
649023587
1407791859
1707835390
1718540297
1660262481
864697157
486509460
925621096
215816341
1179237186
922371685
1391694721
1714689285
1173175327
84897955
445034654
1446616628
440217474
496922645
195500409
1251194268
1399082631
517896341
946269970
349026703
184844257
695172266
1308464515
1646271102
1781155340
729867567
47957738
39998916
1315419474
2122256806
567782801
237517692
679473754
1180213489
1785333259
455833862
858536016
1921810739
605374867
289566532
144926475
911329288
221241449
1497713914
1772951972
1179275973
996826074
174224394
959005781
659631961
378189916
1770202578
1125472948
1528154893
1274390638
25261778
1580727819
1012198612
1941890604
1376815976
1404843064
1705014183
504991174
240655315
941958302
180805624
572620895
593772677
86204286
1040950089
1293339820
1101694587
1274326013
796997867
2068063062
1812286221
1142382053
234227208
837373805
430334180
1245328603
1308950940
60996062
1201798143
393330991
1023091907
1592193759
1775428902
282874771
1784849418
1616069882
33093529
201159342
472182274
1621118468
1058202573
1144641805
777286793
943170384
1712602340
33356817
1892629701
411269619
1748552855
472979951
1242249143
1697733171
1918250660
148033378
528310701
633395614
1806480991
562640699
1093446523
2044157111
1238932023
357273275
1461824025
1894900257
1386506124
943547859
344198952
1076745284
1537065022
2131383266
1029105891
251781960
1382899022
1932146430
1491380972
1977608276
1477663844
1368848705
1007418817
1339608685
2085147577
1302126612
1807636510
712738372
761769425
495870290
824270291
1833434920
1012518555
121930346
367266113
1143941640
1664122525
376749634
1618516731
1857618751
270868542
2131063728
218386962
1334420857
1306799005
1772739337
687205489
1981702851
2099475054
154043758
1683222320
1589373013
849653023
1526686255
485734024
1252419446
1877298730
1569738119
485117565
1557973194
333225679
1399924375
1051202212
363849147
1279861593
1509322191
642782977
1504627472
2133739308
780102460
1090279298
1719731071
390287646
1971510397
1069527265
1919412583
1429512097
850078531
1297522876
826278263
1119366497
1634413454
1251462516
469458023
597056821
1100243430
1859475220
497943054
1139281421
1939329397
1048571631
862282428
1240135587
1815761532
1669118048
438555114
1022185244
396718189
264171760
1484327072
1106358818
937283714
869687267
1196470224
567041091
583540543
2017693668
934277530
60465863
362381
293785057
1899697301
1637202026
118534253
870248948
125574635
492944069
35930981
490532726
1778613078
1008338262
43252471
1613835661
496743739
964415126
1063335958
1422894859
988358943
212863981
116662641
1355272939
552520777
1750441408
16927053
159208557
1074853209
1921827878
902552375
1206809397
2085564077
686086895
1811436342
1599691777
1670254892
1596808597
1853602640
615590057
1458185679
1196110831
806187567
1981001726
1278005336
861095511
165247240
915480203
1989951826
1246452098
2134198896
2075547335
1954508926
856830923
4274159
124459365
282009304
1209010187
427774108
164951267
1051517231
963652315
1451806579
202374887
777597473
449121856
1512771875
1303270269
964791414
873957080
1314198311
1276075458
1725926729
226645718
1381923083
465561755
1799495275
261817064
1985026841
825488871
1480173635
973663940
503192769
793468882
381701355
1556857057
1455917853
1328693334
1582770554
1876037402
1059553699
1984831920
254910614
396448273
387832559
336131854
807906579
485499628
1825400018
1785388028
1330133909
406044258
414293821
1905499509
637832546
1363267986
1626735392
390400366
671982195
1447529851
597151768
818874330
236759893
343344243
1394303556
248412687
2080342990
1206635907
1639846337
1062200226
325203272
1734865125
1798150077
738646738
451838089
1135221852
82705678
1735081950
1534750827
1765678871
431427824
615333360
1931408278
1858645640
338847380
59839402
539983709
955216426
1638063069
174301911
1814804913
1612601369
2099160835
1566099571
686041935
1267413154
1076162079
2076474835
1613429304
1073255351
628613985
146784247
680110999
265882600
2135190958
1709850740
1200942700
1301515173
1505776845
739892548
613903713
1472866520
1602746597
1458102643
1282189721
1386488099
354717776
1161039061
696572984
540813039
625208818
28927136
422240592
762573992
1061867345
472435676
826616216
1871587693
906670861
873947910
1474999607
974089570
478426902
879145206
1078269269
596106779
314506949
516985494
1985509124
50709026
1289757011
745075632
1567274291
655525417
449322947
1896238746
1659007651
1111163025
1453417372
480376026
697777412
675544550
619201698
1726029619
397129292
1514935700
1486198734
639092256
2066401057
121357541
439665778
204882453
1740691904
285529342
550396882
20099830
34216879
1448215915
1605395978
329200014
588171187
1936196082
71090601
2101200669
413563083
1679334775
2064099487
1115893092
1167819837
1808357086
1940801412
18438097
109534003
1739466069
2129595209
311607963
109114825
846826697
1789685713
1033866148
416695608
132315466
1805866390
1228231364
992587099
1636066390
1958600873
1648026128
359434167
363872320
1342955225
1701354816
592424292
335588658
629781760
1143913369
753076631
1921053836
402577071
1687307829
1379742477
426921469
6079313
152166939
807669658
986508065
338136295
2126732996
164592909
1706970215
1804658257
83562591
1845429466
1837489331
1745795404
451800478
2075890908
103863766
1817593088
484407889
1027490488
1758882981
717538295
1535931927
93656443
68503036
123640474
497243469
1472125022
884158882
648940787
1144750337
471266411
1029713974
1122663910
408706937
1258967901
868072834
1156658314
415573041
976111912
1542153936
1723378305
1950771258
1660061502
1928963407
1359438583
907971174
1212618110
868483916
911689669
115988449
313480600
1892911264
1626247390
1171749864
274402539
1896509039
39268702
586430581
16676471
1408899874
1316867743
1283188206
1933729128
501507991
216088220
776125519
2076524473
713632469
1314622802
862413479
868644668
687934957
1580043160
1872676737
934571352
1778821405
1360389508
243974525
1274467373
892266281
1163706415
1689024277
1617815953
145863305
2061295688
2124648213
1631568090
444852391
1647532143
277555464
497849599
681809612
509525729
811965744
197337940
563576435
876014694
1403520168
1374555578
1833099463
1195786859
420907640
1165182033
558797766
1269659810
2101510769
1998485608
864575007
14349347
823872199
1970247248
1203346298
1493083466
1730343894
499533795
93726798
625176008
217558923
740523590
1988400836
1995902742
201526098
859440356
1109437153
568959179
1430253216
1151802133
997793465
745377434
690513069
1397495392
271166893
1031872250
1039936411
1071779220
227699420
1103790259
464588054
167807389
1468881633
204431882
1040055997
1307590883
388192815
653332037
1242696250
163764580
383862815
1582699554
1722285454
440971923
1972271877
1175090278
172483371
2057156495
254115257
377444210
1554465475
254163418
1997541999
1068715056
356067482
653579040
1573355457
1928072685
304019016
1689407516
2132419793
755684073
936049514
1782620650
1031230753
2000953921
46519555
1886509359
1505918348
606351915
304584315
1716266910
1179553766
1122553524
1383446792
1232333482
1724036978
1532610415
1438045454
594853373
633951522
1080616425
1319969173
1975686308
613041142
1744989262
306756703
1617681654
1729193231
982981336
1937947297
1972742417
1138914322
889765520
1123156420
1979376312
68887390
63064060
881518120
549946395
212107230
1843685444
1796904067
1397283664
404004411
2073016421
1781482056
1795937266
2080476710
980772700
876487924
924993846
732337989
1610051466
1677210363
1130914029
618446156
1212241409
484355083
1791159519
864521182
1977774161
1078487291
1668273573
2058824395
1033024146
1764291626
1654754516
2044771122
904594983
1242196495
46040782
1336802006
1392125823
634069234
1237171672
1258631339
1237257401
1020270973
54082367
1846174040
1873924949
763180797
468691609
1576716943
1185167175
1877229378
1250816925
1440983209
1164087444
1102816252
330947636
290800075
832461248
147722522
494318319
1196636901
130760237
1731446442
1344078216
887305017
2042081339
1975957727
1899906700
1639622901
2093614880
1449293689
921548811
950871523
887825997
278978185
1208421817
1083945699
1095215686
1894027069
942428931
969315536
204513344
1789013665
1280557499
511856659
1065665306
1274638359
920560590
91288970
1663779402
1640948516
5389836
645969576
1934168211
12029345
2079048218
1259389233
1744419041
1076316891
1969768566
1019044922
947174970
309523538
930730858
1433697189
1470660735
1163350469
545413248
647177544
7580600
1540739513
894292904
1139653678
1673932192
458754372
2141479038
448994722
1796387992
321584299
145579266
1539060999
1167701266
1451437980
1698468878
1647890473
1597438128
375028989
339898204
709540756
729461669
1100527615
1572352361
1373644465
1610032112
1326977960
1921071304
1354649665
1288418973
1446400845
1138379010
101546599
2056697443
532923103
1661984208
1901537009
286687885
1648424707
945063177
1744280459
1239632952
1769756117
28328167
1461956191
1456102707
2059429396
1361179189
633592162
729015766
1541662940
724290197
277190731
102519700
2091694186
1965278930
1705249434
1665806172
1595306370
348205433
1426645465
1015645013
2083382032
2021665798
478581901
173394333
139609741
982794875
789371695
2105238062
583876667
776144008
282620915
1146720555
701671320
1772071043
29306766
1955464593
488183614
1136702817
836322502
1504896760
777799007
1235793119
602467700
1979214751
1480205394
1513811363
201411085
1904408484
284936766
1807033980
1745718861
160875067
1878729036
1934061249
1123644833
1220150389
1635148005
25359022
173801215
1830203241
1304579314
1685640192
430272741
1652861574
1709981201
42077485
485598963
432380326
419230385
650730235
817865804
1318791976
170731214
584068937
720335177
2055270153
964490195
1984408366
1149714180
1106424813
1832843709
548839650
1793119246
508063268
1279807050
1451597416
1375748094
1582343701
2106996290
220856265
2029312087
1408396704
190489896
810092734
742751418
624942967
880838009
1405880281
831070872
998384731
1222166757
1560182756
711764476
854065656
557924611
1726962490
1686567408
2040525046
1043742487
342762577
914121721
2101787486
341834755
337463812
974278938
1504944766
265079280
1362257970
636761490
1951075729
1537804950
631085730
1091227065
1260437497
90566978
1618007984
1684447522
2136119058
526387695
360731062
1071566943
1176817869
406227473
1901388165
413476892
1955125777
287598688
917076332
3177820
1154982987
382483994
416063103
217993918
1185449163
1023929735
1482615512
1842135934
483236323
1064113260
1577556192
1124972710
1168030225
1834435085
148378799
24405204
635169135
1365834060
70751757
1000212661
1854953589
831813509
995083206
267845342
981396054
903693803
1712544974
454889622
1740718756
958632196
907537242
908071361
1046633613
6965498
1469808246
1931593060
1692248001
1378421342
1294953604
972425571
2005643278
677039572
580984306
428100403
1344621240
2098880710
232382127
1506493440
648432904
2059248958
1385085173
361233708
888720038
629185121
532240204
564206549
1794235356
1710304510
603123448
1268217301
138996492
812437207
1072312810
2136796522
508726419
1595987983
206391651
806524497
191355685
824094315
1520490545
1850679521
1979932623
1110750818
1855784021
1773047667
633110167
878512831
1741261342
848048542
1416261172
749927748
825349519
1810360551
836220163
855662293
1328162165
1016575361
1485779054
1947438905
