5900
155104496
839289270
1517003341
1546606120
948301394
1843488326
1471334258
2013627215
1890493634
1664335721
1134884395
130897389
1279481591
378808412
227165229
824618530
1522235726
1210206089
1566979305
1100678267
152291288
624366455
1872424921
2091723186
1539743962
449336854
1524956823
2106118283
1931306804
547387940
809014115
1166204049
418638865
1487642233
1814648690
633043727
19325354
616231551
497401985
1263731408
1946572144
1614764827
1978593258
1388485918
1279603203
983326111
701896833
1745466691
134138330
1104434564
610823350
511783303
646670616
74379152
122852638
1413837412
721219605
1285222058
1432661589
575151133
1564243389
1437349820
1740623813
188392837
1239544153
3614241
1985354131
1352839577
184478980
1881811037
143018709
243871449
305479838
728146748
314302342
2069184510
2123551338
1048190710
1511831506
1787030544
2127258370
540588946
1869432089
1980601957
1518952168
68807800
779370754
2070560732
2075048003
106462419
793176960
1715834206
847170097
469163082
2064044226
336828907
1976189426
1944630035
498735134
1893174775
173412784
2109914546
1527208275
1183645563
1255566128
359789018
1539177478
365238967
1006027083
1654319733
506731837
791188050
772264534
1298308053
1268972892
716134222
1745664663
25251820
1355478753
1115625909
905973444
1403054780
944241968
75599981
910818728
2082960941
1226809704
1055099402
1753250558
2108618538
1412538841
13485090
1235906722
881559751
1733558142
29920438
945748646
2011218259
1292082399
1062938966
1832495015
1676107320
1404199902
563611708
171754596
1478768714
1339814984
2087106561
500870453
1802600506
673831417
1283237968
1954490506
316359261
2064665264
471183792
898746730
2003841887
292318434
211641845
252336487
2051523716
1506616819
395978895
483412743
756973530
338653208
843779798
1195258856
285846454
639056048
478775307
105008887
1004746856
1124976364
1151323672
1286932136
405730123
766421358
1323638008
1503561654
1247413103
1368141077
2031137780
1262770848
1633005031
1448368855
1045732620
301467251
1471046147
280985158
1383153070
1186970335
224398725
1576088507
1058189068
1947337240
1237891289
34930273
669572557
217939003
3828543
320825085
1997239045
557162518
13457187
1287430513
1952089063
1386055230
1915965122
1653980048
262998574
722058085
1752006570
37049198
1857954961
789715534
660961189
905237738
485105341
1827450320
529166438
1048264868
200032668
1282055107
1974723635
1081506365
1777232833
256906947
1856662004
1347952005
710636004
1063278720
1641535920
1979637408
2080720460
966173700
1707063440
911568530
1213196736
472207409
1006693602
152037910
1009918906
385079666
432126779
1557188640
1157431853
2088041616
1149700502
1813938186
1476076213
1926093016
446164075
699547458
1293468056
1265048009
19823214
1925826663
166040382
1361128013
1507256647
38035632
862020417
1266970140
192803208
1333032689
438599178
124159012
1523546815
397330813
362078202
1805488513
1084657639
1237324770
133770671
2054853331
611294218
1720862365
1314551092
518239919
1534979550
711607116
1816507687
1174913120
225805365
1984374076
1419652593
214135279
554312375
2030833052
1171355880
837942728
460631352
71138025
1222535655
218202597
1746914516
1211836169
2143270507
2051312040
1294785477
1744792892
283862650
77174670
1687296476
1821194333
582487166
237090990
1219700800
475363701
43566490
1474239905
1047842457
452797938
1094779509
171228663
99419648
2047655309
1038161583
1180696894
502288088
187848938
1338806648
1394963048
769477493
1356808052
1996185104
621377877
1948755335
1512703474
955689863
1418599784
121846255
721302779
283286902
185519968
1773178063
163739224
511034313
150158392
1762362917
666782763
147807094
638723767
2065528271
430460656
1463637613
255674958
1259560930
2045113187
1394813922
168772808
1813614849
1445321026
1532129471
842303786
767392350
907911459
1782986683
1904761165
1503057404
424954566
1842493802
1719584950
819532590
1040325568
1878443279
41207304
1401817833
1529810178
1974106137
1671376506
1381694385
878232031
1636482809
1282533100
114347484
218695066
360979784
477626028
1835573297
115724823
2141404631
1421203928
527276955
1558437418
861915919
2077123416
842338300
979678050
701632275
608454428
740677650
489245898
1080319050
1766863977
1865418167
1159871684
246496607
1826957495
1802884683
759585702
828337501
1000063141
604434206
1689845101
820811835
2036175681
179232952
1604890808
947381038
1539937345
1995961524
2070905964
1639791768
1030389094
2141405298
2040387168
1888646219
2130199003
1157038737
565750105
1901534291
2046658436
1164199430
160727832
1256730690
2052729345
623169449
945148741
1976075910
171689107
1687310650
1883234633
793708463
1447379931
1477961291
1738228256
684437366
230588733
1337907337
421320613
1605653584
1690625061
997698457
408311234
2097821743
1150684336
1012953536
2128171324
1330208970
1076725238
2053728257
316003788
726841207
294551581
1087953440
941458608
1038217630
909283969
1397706543
278149698
406864045
926320278
537722254
1765227798
134531911
1140730168
1801029560
755233610
315878542
69739962
1259274083
388440493
1009663134
1741350753
1214853937
1107145019
209740023
1125352643
1096434113
2022702499
633644208
746565830
700806872
1548790824
187127990
1661711781
404844156
17303730
507444254
1942845154
404914782
351595715
898182142
1821735925
288259497
55324180
352148555
592380363
628791587
996119489
2057721850
2012747188
1238679392
1725257088
1582532672
2032842588
1966676350
1568219582
1955792588
2035286721
712303247
223324952
2051372001
1823892332
1161266363
1505083289
1195153468
1457769847
1595079903
611575388
594922514
530382978
1342998343
1204782630
1537288307
1580913146
1098814363
1086493561
382107352
67534546
19726601
614647497
2012813690
1282803336
1032626932
1033984680
606815115
2084670678
324996258
1303138966
1431476724
1047184381
1474537001
2136623168
959324848
1483693852
1375668196
2024391393
1931423227
2097122440
534355904
1400706229
900070803
917600320
1435933734
1943781715
154351177
977982828
1961107816
1277324406
2065635069
1784246623
876987733
459951972
414677364
1945357647
672814042
311507005
1198889609
781893890
1048435373
275451609
1015851673
1330980143
575209146
1304814760
186787131
155092153
9344707
1577683357
2040590867
1675745321
1461227807
1499179772
196627694
1641629564
1636114176
1498511773
1874294196
139195296
1841637720
693622779
1125591254
1912785509
1474104380
672862408
1797382126
1458396943
669555761
1465324784
197908791
1393544528
1283682792
2073641405
2011949244
1039311838
785809014
1973202738
1260785514
231593395
1688987456
722077332
922279116
264746338
269101857
1686364195
1769903621
817952525
183995936
2064165315
1435707018
675723760
1361497424
114496844
154130586
291740527
812522448
2114063934
669897995
1529401609
604595838
1366374491
213937090
2095598270
1573445752
441120306
119022703
3726537
1668077388
1392310026
482317732
1023242964
1301270396
1649954022
853739095
298338676
547350555
1875250027
2111034676
1964191811
1737000813
194604358
406366534
1910887709
718098355
782795642
662399580
2091062583
368532013
1886677615
2087059695
181819446
408271987
323619150
738123379
2063200779
221402155
702830465
769019401
525307262
2059131797
574172009
571837429
688102799
1040598427
1832488973
2059445943
1056233773
94527965
1265542130
1622943296
1033419830
1265486132
2054946640
1313308120
1939214937
291246698
397451690
2109555251
684624151
2082098529
133130478
1955212197
1538279877
26069064
358092590
527162687
1657314522
1078926192
926527701
640185751
112235186
945978742
553114455
1376773747
848082647
76439436
1084957369
465049072
125356541
1590776426
1181106368
830784961
1901626387
697840011
556317349
162284617
1369857776
1786091443
380112667
1468654669
1861838854
440114122
926444717
86982015
370875147
1769526382
1866330364
524629056
1000752149
393847900
1538223410
1919798017
1934092744
1024380638
1330886079
1853339963
1004224453
1937396690
578975813
1020578874
1840881869
184783958
2001836321
1424232338
179802336
332643946
272112310
968932592
1164429254
1323008445
793741979
1919349979
1331512126
866323302
813496551
908017246
1548050638
319113915
820671905
876728275
1238565056
2113371337
442111914
1333960390
43233217
2057175544
1358662176
437729378
2078792093
957315161
244130754
1495753161
494338772
1682383244
632390697
1394180000
1922632659
1525124644
2088942201
762038217
1011710553
244224646
93057951
602617819
1417268173
2140897861
1517465727
1815697040
1363660904
1181267238
1538819201
632404935
2040335406
1511609166
1562270590
1189109973
1640243684
1211918560
1850886034
249149501
1904297283
1470513958
1001445496
434474642
585807156
469832732
1392703699
1443738253
2071870956
1320541901
1279350019
893478140
386712385
1424927808
1854294282
534679898
372560670
831719058
1702319859
1402064389
1615150817
1027587657
2072978649
127804520
1786822467
1566242222
298910636
1623040311
484154667
377845240
898563300
1944825001
1986814990
1036667490
1091266888
1351232246
1105763644
923641365
1675562621
1198679055
2091290748
509349508
1143784886
1705161916
146608138
1826279690
566995510
1582957984
1559906760
557497987
11587347
1771179313
596287869
783167474
1610710371
1760122363
440963959
1954763325
1733753724
1982730298
231644888
1134803699
1004329364
1406839271
1921267504
2119844959
1527957882
284503745
1828634499
702558683
1763376122
249720930
221219943
1481808739
1419642742
2027812584
368569794
617685728
174937603
568834287
1692156226
312930304
791485470
655924189
1806634284
2071917606
1970197923
560905247
808264103
1472493287
717573630
591560140
1805894599
259058240
2122001566
850748453
786030459
682100521
1354042379
1804317253
1553285581
346239322
149428373
1879167929
1597299457
177021825
112080239
1364102136
871958884
1393484832
941665239
497217338
1085467358
510591362
1023566097
1251549784
1723053866
2051282257
1042453659
1076028308
1744118508
987468284
1149314599
1495849550
2039728487
798348830
1675453666
1143713652
1221893717
1083738305
2021155917
1196944807
1175349465
525876902
133421942
144550462
988824928
43672848
156666571
461173704
129904695
2041607920
1885285020
995626095
1564251953
969767105
1416552751
1111255220
1730409625
1668726128
1802780969
422803469
487944349
489746827
1432342368
273429896
1445563567
61501497
1556812225
1101955013
1162990764
1455677308
1570448685
1546205448
853973465
1979192320
1921506200
1858875348
433697964
767835690
1586520722
272551608
1160204098
181493043
1602646418
27563273
608024512
1589640269
855179196
905991948
1261779569
1570191027
384271020
1948730825
1976632240
972555167
1942402225
443858954
1784810181
1767230219
629138041
1620044168
1136985023
1083523379
87278071
1286868099
2010405357
1687325574
1705627713
1863106759
1640444376
422554855
678770705
1456921770
773223334
1286355224
1777876918
437726463
1067507121
1411863014
2123317148
836236680
65478159
692906781
457973837
1509832982
777581906
407852683
147546372
350734732
2026660042
812521615
650880491
1747132631
1364708512
1886061608
1397804463
1622278184
1273515600
326016873
2017169565
1785190717
1074587178
301780852
375301697
118816209
831507129
1572523206
490370089
2001705068
2090252783
367484870
984105981
1875602524
1008948305
1837524169
232653079
55664085
65830547
996186160
1297317851
2055717478
1286196207
790145776
1999784778
1742502284
1544155272
1840684687
270072719
1593953290
2142059516
1663723911
1142625164
1418663224
614275747
1701241818
1913022530
1266037373
718905653
1490418301
1092030025
454998929
1320557995
1560751148
1566756833
1108870012
534622872
597249544
1466248211
1718804525
1073281197
1921029855
1731517443
1442069177
151890223
1978266692
2081153493
225535994
1171345555
1830594146
216735363
130500712
1414006794
1759192155
256012403
1375547639
1562917007
1088702535
1285970300
591698552
1083991137
425051144
146549985
2091293250
1931213350
1204870451
77973181
491791138
1127493103
593653966
1834338446
1703808071
1664736428
1229930675
643129539
329900696
402486740
604341979
715430034
452493359
398060986
143970802
1769875964
780889449
1922545607
170731940
350740048
1981155457
1346160874
843479779
1276671130
1152873992
1677894061
523324404
1675366265
242899202
864772177
569489613
1262496626
1115378554
697228102
1332066112
720379268
482823757
1893254073
400008119
1640700210
1948420612
965791430
1530795162
1767685778
2097772096
1426450723
394917685
2030121121
1952207675
39153701
964948954
1855829054
558274564
1483175161
1205475786
402052322
521348473
1876493781
320787477
1875711158
1690188733
1234010459
1285170475
1040785720
154549399
1824518174
1626221463
1247842865
1348219503
1502439152
850390552
1962684512
502604105
856781180
1412788129
281592553
14491294
1850573839
653921376
1195075081
569192895
1630828189
1377443060
494037345
2133130177
1062405562
1351017266
1723577795
2093557930
1739480610
1790164649
145341461
2068293269
1636937315
1184737418
1895820047
1238541933
69452090
1412298741
2111810997
2059625658
113090406
991522302
1556017560
1341503613
505100983
310151774
215037179
711814411
1419714454
295053197
1034689823
565600526
2046963663
337731302
856724716
613445510
1491625045
1005565202
719417883
1167597522
1458804639
746884558
2054202519
465378699
1041062048
1418914053
879488052
1735883127
734053340
1952343646
684857111
2060235053
94201415
253792584
1954138038
861241273
1471948746
951285391
500351935
714438052
748633282
937590490
1756023089
437606812
1002840380
1088590903
450817511
1305563077
1047435740
445812122
1610777844
1621871414
1343995825
1413800883
1378127197
1672889622
2057048373
1223929016
1778165664
2051063170
1801948452
132112577
954766697
1640039452
1380897998
1505551987
1396915711
1304610596
261379524
2091476599
968769061
1966173414
564690142
1482057800
1552350465
661435220
820113322
1457370769
52448101
1018763386
699060102
1038650059
2012842390
918358713
196870935
1458012736
1324111190
1792794856
1864337681
1815927200
2045362388
425695999
1037226560
475656628
524292075
1635936664
1124213751
1123097455
1224867782
327745241
1995833827
998026317
221811625
2000594566
1491837125
125590089
984116223
910435934
909205689
1844043876
1712563409
918709665
1879068258
2022042397
1744911103
1412554382
665562894
1186876378
1932721127
151508335
853512563
84833807
1746074211
1161451936
1472686160
1926972183
1770098138
1521225117
320187615
1072365167
2072827888
431011561
268798261
767212055
482005823
1828427529
76515838
1209133732
1454303569
2104003281
1378507024
861227979
856953059
590410680
496009127
2117733450
1439986842
725444335
103035113
395985524
902275129
1013262020
1068112756
4958233
153106415
1905025504
255083607
200908549
2063742496
179453043
238414028
52657550
600486282
1746902921
484010196
998253076
95562748
1476907556
382810421
1126682532
2073192410
403429612
737992164
101012184
397985581
1227988595
811265133
1680829630
1691234602
1979704290
1289819522
48990247
1392345415
797964520
888354884
960148917
1470200899
797326281
1649572738
1408364469
1709395960
1510105635
1534947514
209626834
1792186336
1807255786
781860314
1889048097
1604316441
360975439
354668494
541187972
1354955476
1071982770
582161592
848719788
1760894568
771383882
1935490515
1091283576
587828248
950449571
71305822
199319382
1036779065
1605734426
989141277
1638204713
1764682433
2012057482
516244239
1858617131
1681015398
1243810574
1754594775
1500227680
1728820738
142304022
1419953521
278849719
1027179904
338827663
189828849
2104954920
1598608739
659599957
72434222
1333541977
741903862
317348668
2041789675
1829733255
377602116
1670143025
1449188371
596257234
820942346
1655984198
97521330
167189646
59295311
356328726
683274211
610776968
1896387766
64217874
1960012092
889507986
961369900
1269120561
1805638865
1260194747
1300792453
714403318
513202051
126973924
920931008
1936707013
1693830108
958493444
1083092147
329893167
968282859
1647760956
1781672198
358119374
1850046522
1827891660
1610934286
1295760880
2024442515
1231069703
1370976808
767878303
1644689242
1824695040
28044765
86881832
1012771865
674205011
1241441875
1037060657
212893892
262934864
487233892
219192744
1087122153
841895102
858639840
1447621483
368653899
772271604
666841616
1682570398
1210058950
1012441242
993411445
2099234939
1995565961
558481806
1219670889
955022538
1758535085
99900323
959148393
1841944143
827387517
468872129
1588466950
1875013827
1128718176
163343529
641199785
1427363691
478531310
34876345
1993446117
1678400733
58468882
266200261
1622536716
1223146305
1024337725
183019272
1869477105
795180435
858064884
1497825422
99198066
1552166476
982279052
335082267
599774985
1786270004
14055740
1556623263
1323132717
1369842258
689998418
777493501
487387498
1992105727
1085291618
780606694
2095061842
119821846
2055406599
242003184
1705205906
34111329
185112098
1245951560
36006458
1702681955
190931803
651409560
976940186
339731451
2107251004
418329756
856165755
701802892
1635593491
1456201877
1983402531
398597926
1135832628
706028598
1819154052
266932404
1326227465
884596092
928156199
1828842697
703142984
966159422
1003435867
2071156204
1339915607
490473255
1427771685
970095040
566841459
976639801
895289742
1635660312
347721738
1330666683
1759653912
1155918898
974235077
1031379615
1154307922
1378703937
1368307044
2114751509
1116488711
1308486391
803663348
827809584
1699111590
595003783
47523039
1617427093
1186268717
1934501500
1569650716
205277317
1290612192
1565493119
2126297075
1738001511
1388565483
1418780695
1798068691
534740435
949338955
667332911
1184395819
1685908817
1666971267
1145926189
1174157042
1802088645
605388152
462913708
755861900
77862841
1504701354
2010175646
43387220
1701717705
1538739924
1974048012
92548562
794287442
1547087074
1180186597
1856858332
1446363191
1934756396
1308932777
828002547
1799663391
1866659850
669869620
919982988
2061238318
1333832324
313946907
2136502048
355394752
33330967
1148547631
617117093
1237194055
226269858
657030319
1911051973
1346028971
1278978054
57748523
447476131
1354490223
907673058
678386508
546172955
944148473
2043012410
753904997
266217420
1170931978
1214642011
1996218282
153224605
2127986934
1064168625
1278402640
1941962453
39572571
1214706264
1179824060
1162808318
991092013
378833120
612763719
2063805229
1108379180
511634026
321310341
953149982
1431828489
2072770716
684083691
2079979535
491132115
871346978
7087212
1827717298
383270017
727529047
102576938
510201367
1475303777
1493254238
1004209812
1842459337
97530956
2104443083
1919763109
1130052751
1027739776
558493141
711311219
501984729
1456246917
361784076
250638484
695681173
1622532532
43566994
1025513109
341258373
1535258900
1256291389
1334359520
1918340467
1020618585
587321761
1863899288
978654423
2008558889
1076053830
2000852253
1298404566
1214330737
1653362805
212164464
2090423775
1153686393
1239786372
1518969174
749604353
977595108
1292046372
77535762
81254798
739694859
1595464864
932120369
139312866
1423844816
1080470849
605230236
269694857
1633620647
1887498780
358749263
1422017319
823500545
880925825
1021542382
372081060
1152961566
596303702
976928627
1892898050
566896930
807383712
1473985178
389745673
1433577533
218358856
1769353332
1869943875
1745729920
409201790
850614273
51852451
2112073934
674417916
969230414
1110298450
280260791
650458876
1787472045
1337666544
550723389
1725118796
1947019554
1753074272
1941283357
1915320071
1397703277
1926675524
1895015233
1450370403
192527942
1758005223
1843322050
396628552
479856608
321589792
988605651
2008084982
1598178327
2000883859
223933084
794179013
75247945
1713865780
1786524137
64957154
379572232
1331477262
159318123
1508974417
2025771854
1313364744
857929841
2105889023
125163701
1681126424
2122806926
1398432806
655648884
1857526238
1693015326
138830071
942456300
746948261
92217409
384973381
482105282
145737070
363993968
614980504
759058547
1856037865
1628843015
1107017578
907574778
388017424
1738577575
205196710
1391745645
282979098
398406442
10961341
1052030058
1024864721
1427169525
178804853
1943611126
320123223
1939882668
1916700440
1111513576
996216660
178373445
1344043247
1280969267
1972849238
14016995
284366285
788126245
1107403535
2010170912
1503121533
1813768606
1915588473
1116216365
1238269016
168572463
299152526
1588082962
731884648
897696690
194177163
2001831738
289708330
375294994
50478488
1258240619
1003589255
1810184207
402002792
1702382668
1625809629
1851105021
615395868
2043396167
98071624
1627459423
184216545
1199124438
717205525
822566694
1248544768
1493606206
1749295013
1913504702
1673409599
291805471
1858109383
56652324
2079309752
1755419435
96624214
621807613
1130060978
1737333354
1055277284
1169930862
1535912756
1695500157
121262733
1457082421
1349798745
1057683938
510696067
2120998860
937703195
1138581003
994687600
171596211
742073546
1082800153
1220621325
431413018
493449651
719353981
799291467
149402326
1568543661
636786893
207355065
1069771234
1545081821
712130343
13933168
646988583
909447300
1801857839
109671436
553172939
368429078
591489457
1021322132
379966295
1477552705
1274466671
739963288
961537163
181564259
1614005975
1431032390
1700238591
479251962
584403128
735112459
722948563
1976237284
215630924
1023650175
1144957730
1158581895
1765028238
1457735290
1906865584
1896748510
1358362420
1856239612
2067575202
2002513228
696850296
1546358191
1284455443
1952645421
2039817103
933535958
1846298058
727097705
1620932855
1114720990
1671664982
586308735
942884016
1155949345
1191415201
1308811422
1693568997
777537052
1150615436
1020323594
545199318
220340834
2005450974
2124883489
217225573
544264180
2053639561
684477173
757306734
1438264802
1589161860
1785330663
1820286297
2011826392
526774098
721019788
875108131
778930495
113200034
1794228674
574863038
644229485
1778252344
2089256676
1399275960
1617769493
157429726
747009469
1298291687
561039967
1427714148
424561973
2106137585
1834185261
1279076336
1077246859
1676813965
1041706102
610257309
933713971
1881347019
1518146404
1697691900
511141322
1120738029
1126334678
619756029
2130877595
2069562994
625261585
394438927
1054325895
1865511114
510931096
722156415
834644050
597837854
1554000911
2050000748
153011817
582261444
1241785541
1831490742
516451407
1174514676
2090829765
2012492947
75321313
1510493982
218173214
2098356727
1332609782
125275299
1213112238
2038065615
1228567494
1058115220
1704112304
1062247400
101153041
2011681742
2121807941
709575141
1499685627
1725017434
129901378
1638703352
1104319881
1897791976
1707823693
1759821992
620571651
2074172091
2112626848
1896610915
479633807
1516320525
1289908874
310860510
507020386
205367560
395397838
1330097840
1988702235
421149198
984410565
2067037821
1646759716
1478956546
1920496488
1769190749
83158641
386629889
733617493
39787179
443917789
299012687
187622640
790139669
2015511551
1721448792
1491521031
1422796715
1554063263
791447939
1628612907
1792989085
218262049
766463789
602694008
204549887
1798773270
15592152
1518523109
1026336773
2132534492
530282012
1716660475
2095502063
1569800504
1766010868
900842622
422921821
1866035600
1856057472
2134944265
578115408
1385535093
709191187
1922660425
1157274036
1935329389
1031919719
481748568
993339561
1928870454
1690645936
1116850541
2093004384
610755378
966960780
1554097072
1135437062
662647317
2145905201
705215115
2054383124
505628248
641907395
39105592
572679018
130560685
1377204708
551337629
1098755852
98944978
1094919289
484851103
1926642636
638608924
62820026
500760774
798186810
1284659242
167831921
451674706
91967423
2088645850
1147505961
433302643
1928104238
5458372
314642249
1746577510
1012453693
1617759636
177053030
921580718
645079276
580295069
623813249
1363608219
497109997
3878116
921481845
1484234034
1952608163
382514702
577420942
189355838
125512841
270099895
326472239
401654133
1071162760
1583958093
657364551
1497540862
389761216
1784473848
1186127413
598908226
1977245620
1990589225
478116760
1858338486
1951491966
131272070
1945377490
867603588
1179136212
1283933125
2104813346
1247259473
1332136116
1419188469
1624029048
1627437866
625354825
1537419682
982548845
1693226476
103722348
99223147
409278157
1277959511
362109668
740953593
1126705484
849576321
2087247918
898387805
622696133
530122591
1549757050
78738507
1566702965
293492132
1519795225
655995731
419665965
431836509
1593052585
1145096751
356672272
1651598726
48182731
1004994561
1033406212
1813418998
184064244
2032152459
726404805
693549310
749494990
971102571
1667949208
1530828708
1233749343
1760116296
187829396
809718596
930152928
703758661
1778468117
748778866
500037944
1582944847
1931200229
1253997665
1697088316
845127662
949447634
240513520
796741595
828953030
335220773
1968900207
1291849562
1907624790
2965392
1167573593
567714292
505214212
326379784
775069519
1992364159
2124844992
1063771047
274977676
931810611
514166386
2010630673
46335244
794409539
1367586838
549754685
1186370240
1679129683
490033783
649013875
1873633851
1193709767
2073662587
1805519842
1743533494
185577301
1914642383
1046087854
1322748681
174584169
824542111
1619205874
1623392639
1307198246
1119143692
859746901
812599334
1684708106
1245969060
2036336716
1988072421
1755445841
1969738594
957090821
458202679
1038234960
2137148538
637098824
1672686299
1038255046
262951345
546150882
1363678742
1190517002
1169322479
1027149411
1394863032
1394345007
1914542370
1922139823
1405486227
2105448513
1344328305
2077066066
89599195
487234796
124064510
811641987
90165921
1610090018
1498155859
144346703
222149678
489682165
442696330
1112054970
1690453470
1570946822
2063513578
394035093
813836335
1891549130
672746818
1018668924
2105526021
878243876
2007710154
1658661284
402196236
293095043
567821094
1147855956
1262595071
211083294
2053734602
1419438809
481509161
687599441
875390397
2049849824
1809546723
1143567964
1912001184
1455535142
506613601
1997063456
1192505517
1991140839
482362055
2016199589
1261933403
1687556605
1849595484
1798373526
199811700
2128414042
542753911
2123663916
1874529514
343028630
2128583380
847220431
228410068
963025858
1203886198
537183417
213989301
1928655787
519459807
428841584
1471114305
1304075437
2103290167
38809419
1195540948
671276992
838430850
1133908829
1751290657
1965388315
1289419922
1412091773
561616885
2115584163
1867751485
1457337871
1119473154
645694842
84901183
1787722574
1986997396
74654335
1440995893
1597117660
347397483
618415898
809107746
542204530
268943440
612391919
538944962
1187257959
105837622
1509439175
1059443531
1752077706
2081647120
590255950
626483953
1710663474
1707048747
75295533
1672477244
595627614
1692376787
646207979
882675978
1252290714
92073309
1661213203
925794448
1760409496
1372256689
2014186590
365566012
2002071728
1082226658
605724769
1765391707
340194669
1415250885
1553793462
2100203587
2061835091
961669679
64522874
1398250397
123219177
1179909245
2044231928
1582860696
1629382951
138832270
529210198
1846076033
829082730
1565696301
1646316505
713348077
482664421
764755307
670094666
1136164250
205148968
2020078988
2135172921
657377317
731077281
1000314763
981959143
504153061
1595595168
741804835
881189682
692227689
1420513649
1308646303
1248606677
1243267376
953260453
840223261
813130434
561080216
32923987
31254455
558722231
1878752522
815756769
2125051905
119743610
103281695
1425659067
1140317075
552528204
440615792
519930418
1687535905
1292487014
1202093335
932981498
1761993072
230679975
702213129
512461676
1201012671
191962734
448478035
1230807204
616854971
1258489614
314254084
1169203173
78414862
109388519
111058948
696039342
340962973
285763936
1577693373
695047906
1405754511
1842024912
1114741860
1050394248
810288311
1173989424
236503352
1507956914
125443528
795240714
249424379
1011112288
455416461
1102571004
549989605
687908563
789588611
1185935763
1482183196
1189873997
1615496508
1699468299
214483096
737944547
1071119274
2124334986
243594807
920958062
1484886849
241679236
910263459
131947453
164046838
1082352176
1027446872
448802295
134944231
259752974
2002191902
970066699
1546710159
664050745
330949181
967163491
1795696730
1960492175
2031394232
732620770
1593570524
835631797
643411377
1981393761
1151399828
2138350414
959953079
84683163
1155146199
111441588
1469140267
297189292
627936027
1570647380
962404353
1238372399
453137212
1812071353
1954009760
1918489285
2107673738
1248726786
1947222329
1981508871
451686019
572659933
829905084
692015607
796135319
1546306529
1413248383
1755589340
42854270
2125789188
1402947988
479381292
911759783
1783273107
192957037
195679518
396101596
1071216224
1930995707
1408262540
392473347
327526591
1138936304
1293951104
441137052
795346019
1664898726
140017018
1871316400
209320765
1231733132
378237698
202638539
1326429517
1825267869
940911696
336065890
2137093633
1746406224
353332147
1324919739
1707427752
650723474
521256090
1503877349
1700393002
1522455864
1110403735
1103945403
1728326962
1517824453
337920568
924788821
1639921694
1195698536
1036065005
503287296
1281462919
2130136978
1808342492
393690716
1209473748
1690367608
697364796
2070327399
435251107
2030251301
550536528
1348280146
353332498
133944903
1463338682
2123172536
1711105958
1800916497
595463147
1366737500
1124995654
1926486007
950554157
1442969468
1552818362
70587902
1335503282
1088378898
47383882
1661076933
601859481
1261121500
1464204318
1418004577
703972353
1500124033
11296706
2093051599
442227576
1259901634
1108231705
1562644832
635417935
2133258762
2126275330
1306029525
1689614328
1809444255
622212681
516639987
1393317164
514425567
751926985
1166275019
1928397876
316064630
1285814124
421318438
1953431617
194096932
1179671179
499435013
302092870
11015707
657960764
1162996779
545628277
852918961
514841734
1385093625
654132729
653536466
310412956
957055110
731264123
357757683
1694970412
1666877626
1082383212
1288461682
1872998806
1036269718
1012816023
521447360
120444990
999809520
1859596390
638374818
2002089791
1231345870
196398586
267174677
1022206473
1048834422
1931856786
574511557
1715747350
1685751361
1872560883
1237493980
1673970422
316671698
1988584691
1467621253
978681686
714018197
1917622995
2032715526
1942344861
1795882531
422276452
231703387
1496643465
824388553
1436743230
749952566
1978392631
637306739
1245288251
262920543
414549616
1103812122
59947760
261179560
78145006
1168273104
2028232043
63190049
1099188951
1944813970
201153444
468108013
2128962864
1461707936
1328385178
889269331
1152231019
1385982890
1887477872
963261338
908420222
158254455
1188874774
1290578057
2087994999
1529405947
515255842
1556280157
3373374
1323491702
153623704
622962066
1895443214
1085573617
426053460
1546261820
887443542
101664171
697201618
1950219883
960212851
25274704
1898265312
1305292322
1081030006
1183679144
1818505405
987116594
819761687
2052681222
1291132310
1685265783
315235282
237434207
1771154768
1961571856
1531378809
1150694940
1665212577
1591923759
1420535126
719327007
2080621752
878848372
1822198583
1263523735
1675440921
1049370071
1787833139
1583717573
240016156
1761489282
284775973
606726305
1936740515
435316689
1851180498
1465651146
1962993099
979122266
713619547
1480853466
2027031080
2136574457
1743738060
1024509324
657257338
2020652318
1592629122
1774986082
484052421
2083818962
765101701
705515396
1168028584
1191671271
1819864333
45269517
2099359359
2111207282
1950081223
302824340
21462833
1220896467
1605848379
1493256894
842493213
1608846579
943573095
802347850
291135452
774658480
1640804172
1968327669
1774485135
487431733
1200064898
929402027
161126542
757124829
2015606263
669762809
1965315462
914083202
1426415365
690487753
22818209
91339895
770619072
419130547
1290676679
110253949
507673393
1113065715
464940117
1457674031
1073398404
7666289
703627345
1399184030
1268060029
661476412
560493252
758503797
55881009
840068522
1948168891
360292128
1398559786
81445398
2096085206
1186810942
1598035412
1240880592
1743812670
121528432
1221628151
45196578
156276432
971460086
1392537207
1718622818
1924361485
835916534
518333631
128388100
1141952156
1045552081
536085604
2070037308
1716427390
1267183064
129797352
1744505248
316936975
2111707389
1350633531
1808449576
1157103319
1554117168
959344320
1019346142
1837797425
1917195859
1951700279
904737061
89920963
1055142779
2128584334
1074780288
1549890345
1941216149
175356429
513748570
1337417775
743841472
577513226
713387057
1545957947
1021242876
832471257
1748406291
1415703435
835683299
1378046721
784313052
1466389635
1226873111
1468331575
1100592753
2085411613
2042961011
1322628026
1328083948
103971554
286865028
1062089271
972149307
1408364168
64443361
1228220843
1789680448
610625242
1246508657
1475436549
629091236
825559928
2107838567
2001136854
2093674588
255607571
1849861778
2061551101
1010668
884458492
290748931
174560222
764610243
2056088462
1840184045
1267125630
2039866274
1730076540
511427259
1314987224
1845067481
238548283
336778734
269814519
2036716533
1388962442
1906568899
1511191736
2098531399
1547974151
1080479666
2082817593
76461503
444372722
791387336
1512832961
1388019604
1077300623
927219400
95191547
333087269
763007887
1172294967
511091100
201395364
1477618707
1930493919
2092958731
99482396
1502921788
1574480481
842449958
370775134
1737792233
1991064953
1051483569
2047537508
464056830
1477988718
1746526616
1947986663
370590972
1193490576
2094953153
2146733863
789793508
325818664
1647905360
472326412
397262271
1356402658
807305983
695574002
2089937542
1259133556
1051520547
141151172
1911851593
482642132
1889349695
705220505
689594699
59291787
825484352
948652987
755705965
1512101478
189958241
1361249798
622935211
442820807
1919545999
2146899492
1632049037
1629905379
1294928904
1268751254
1020497781
755563107
219338314
495582214
840294316
1933873888
480163581
953068070
1237481778
728309511
838208486
958493432
1720818269
492672797
433981450
1067799652
1182838555
183693914
1523373795
59563038
1883732429
1082403271
513870164
1888488651
615645968
775700965
616712610
1432407310
1353732633
1706777908
361519087
1617354203
1712123000
905172449
1795509821
1227642811
1843077016
557342987
1107307603
151237172
416157545
261371940
1240247569
1838174574
113872958
1772505986
817193370
469408967
2015217054
911768798
1395463748
1270389907
402557740
1743511750
699170437
334766249
283616587
989006389
1537288498
515337975
549369956
1676893019
468630698
1898543367
1805912642
1183211690
1797487530
943889111
1501759849
317993800
463540477
763551980
1536400771
1835000534
1996137341
793958012
203243597
733931411
719926043
349690821
871161041
1173658940
794246312
354747486
1578006686
1166722191
639936037
1305574660
1132176201
1486884508
1214509831
220035795
2106568475
633711978
1274134648
2146349180
389198082
480571340
1197967698
1141722313
1103907194
1097196254
2039132935
589988231
607073157
1458568194
2088296782
1666814227
1859034747
1446890519
1408406127
633627747
430853384
1327282276
1900348401
1015327324
1839103546
550616612
913595997
883588318
997498182
1866218507
895953249
161058763
1762769388
1395639470
1593051406
319153923
1160235206
48101509
282247412
1056511157
1607379889
290023642
1888583857
224984920
1998193029
1775927587
1154447572
185151526
1543552746
1464826461
85833218
891267567
218598983
861950934
604456558
1078347205
557774907
1318049494
635544845
807508811
2135315271
901947414
1780903564
104230153
1092910354
894775859
607608094
170303532
250042795
1468665842
1536003277
1304345016
656088166
508091995
1786054710
324855077
1028282285
1581748062
1435868186
626688837
1272436219
1809224568
2108289999
2034319189
1872967876
933827710
400948777
699706858
1628005048
202520461
145594557
1712943979
519153068
1364223892
794592361
1864561075
1706605786
429893396
1761649233
328236759
350915530
871099152
185038568
1619206817
870033283
639401102
1442838391
1559551595
1448322604
907109232
1672584476
804944213
932788090
311154808
1525268999
2107168733
2068907183
995802988
1048593739
370596318
549476777
2051287401
2083813158
1205125274
1445237849
340058025
1931693387
1003625716
2129681708
1423897735
12050146
1093355010
1759487866
860905237
1041705351
1274500907
1492351358
329948301
1999117495
806336004
1250327815
199514829
125365823
1214914917
1875597184
522070687
811775687
1204700811
1009109503
259209669
653022724
1607458949
2112854397
953095621
118333088
1058430350
1314537369
1566668145
219401010
538643899
1665032754
1718160269
1829255462
1034344708
399119474
1512988962
1528458952
41450980
1310645804
707245922
1462658586
765220701
487623837
39776867
282075512
1830726312
307612309
1834126019
1072531464
484540077
714834122
1839892671
433556053
1736374577
2114715158
557483393
422284650
2067875261
16443226
384415266
577118269
1566114617
495382585
993656191
637531957
563821287
1411537682
491193969
1008087232
1831853652
2115191203
1345742458
1421795722
783928618
1042064547
1395771240
2068506839
1587635232
547439733
874781337
1372982319
1716163372
1706115401
261280143
1436965992
2099215132
1821606805
571220467
737927539
1584960526
964422616
1438863102
705793676
864771255
322915078
286522160
36732646
1755877107
1073095579
147162097
2060876166
1697832798
1956589638
2064081562
1410383239
1104626382
485668228
2118096654
38540961
548388174
901224810
2028214917
754661667
924432206
218842045
1706580239
1788110418
1764285721
1496139320
971486216
42424534
180323274
931122449
412486828
283932746
1920309527
1250809635
2040485360
1053709955
110565345
1460155880
123678406
1561228075
1285752846
1825199634
964265184
252069859
1205076833
1511509885
415055485
1428528353
458966242
1550040484
576318547
787424533
1897348657
991092765
1858176183
919888467
363771515
902398464
313468190
160551334
253325338
1895181180
652991702
2110545849
717182883
1349130350
2106228415
668017788
477575498
2029025845
1232305237
1618503692
1204682695
2130018071
1597621959
88927992
824146465
426648153
1011989142
1798868442
1546234430
89244955
736301237
68617762
165911261
521571954
781113664
45099657
1468055093
348230464
1017282077
1471826499
883545072
1950074605
273730642
900064948
2132039545
1052554030
1604978426
1611902531
1304524304
322697385
1277952375
1727382044
374181261
1861916542
1340293435
209535160
1524183534
1951727192
372648102
2014649192
1999944770
489612314
2022910164
2144023178
1880580212
929687316
1163590688
1017690339
1464519610
116913645
159377465
1301995702
1809074834
1782218623
1265829942
531418978
356808623
1652517711
1613726
1232329395
896954720
1804392806
10253137
45026154
203921528
441232235
1780428108
3861307
200332842
197710778
374719954
2140837884
139094640
1120497301
1179907610
343351370
274940467
730178036
651866689
1435903910
448058819
435701311
128167069
1441321711
1499238163
948524420
1967316422
1769208872
660846445
31270162
1599543688
217231199
2067721793
163210383
316843798
1647570484
720250805
102229747
314893328
307543217
306590116
981676666
1047392024
169309557
1410122630
489740448
1090869582
1807312277
2058359596
1176999754
1901912340
1019719946
763556862
1981235253
489174050
1167359834
59145354
1133275391
806533670
1259171608
887764411
1112663215
1097623113
1121211043
143380499
1106313823
1363579379
1553675397
1524589127
224499280
1610211045
988062537
2143891432
1729809061
288235956
2020165122
152172262
1372960403
899503029
511948905
658425470
259178318
1693093200
2082713361
1790270700
479379427
1124468804
1542022088
523636285
1351940650
582429289
1797933542
1406415317
785042970
1896191669
985664133
1572215203
1590835841
861554915
497207473
1141215093
791160233
1683076776
1215278385
127523771
1982033067
559413959
2015149045
553931662
447331480
1699219065
221966103
1539862333
118436343
2053561429
1950850006
1705535456
1169277377
1614008875
1655578258
2098159342
134310169
396811164
1664798508
566364869
1573266806
580246531
1675640186
119467614
1804907933
18481441
1909437571
1196889692
2088968437
435037351
268830828
2066243673
1548617852
1088370543
395159858
1640122543
2084552312
2022159009
1473707904
815677558
2118788963
447681280
950538612
1932823620
1592025520
1153850035
1849978296
378972722
391984563
1008376551
1670275311
1427652546
930303747
2004256626
1426223411
844075288
505691030
436998099
848175732
399932913
650327150
1839137279
1029899012
1733626083
1351134736
1342813380
2047279053
2122212679
468431004
307542400
1979908122
902401422
305526732
1975162616
196135427
1389256942
686021563
1158712094
1036595057
995117800
1937834087
2133677440
2004058421
1847554019
1540542153
554109431
1958169584
1662608683
1631695978
1549855248
1381063802
1941073249
764554281
1778534346
1124928366
1368408205
505318872
747597818
736285233
1491032246
904046347
54369310
1866278579
942393680
1170873171
2042293465
2061803467
2007407926
1976732704
1958964341
993288664
1575009320
984779056
284956805
1767363093
136600135
685132020
600634573
1098028004
1219882384
2124621957
739452149
146001048
2103815167
756216921
44306180
1786097517
351965787
383252396
1085965804
380260903
1646260715
861591034
478608222
855034246
647923488
1006840336
1782299118
452824287
1909069816
123465489
34482115
460923629
19700010
918859807
29757685
1189615041
1251466807
1619034507
982776059
967520080
853986700
1762902001
436696475
513211673
886513884
1275173108
2132709611
68787495
1602529662
622484431
847721492
355848717
472850450
1621856631
592156848
280256212
387152406
302177294
390251367
1678551921
2000799869
215261312
817759878
514175254
1165532476
2134341003
17599489
87043686
2049899112
1862622430
1502472081
1677403163
655738939
647217841
724349211
1514379284
276419291
1238582858
104474300
933274388
1326403812
2114472564
851695460
667730965
986706474
1131236751
1671189769
1345158276
1806988577
1496320383
879750729
765080899
221431211
1096441011
1969123744
1879271978
361341702
995621230
1018361591
1153113632
704826949
1357504243
1366471163
2000656450
359973004
1517852868
1067175096
193554328
913107232
752240728
1225607540
1946005221
780891139
1939960717
1815145739
1212529158
1689884579
278503015
1671442823
1768741102
402877367
827763352
1344094163
1254458604
1358841626
703856553
811135541
641125479
1942267396
73432035
1612635835
900925205
212900123
421800923
312502545
582537814
773700093
1871497910
431480181
937383379
1436265271
273812298
1310495242
2140065580
1394220503
1726130042
312545827
1579574858
347561800
1118517321
917786487
1559251503
100298882
46651209
1786699007
1181029495
1633788797
1941013935
152383816
1667200488
1733214562
1738038547
861401160
469838641
1702476161
389777329
272317977
1982478367
1446172454
1647313009
89004137
1719889121
517832649
312941415
1551546909
675099013
422345028
1508234770
303629249
1388550883
449362054
1337847646
1888219078
734578235
455849762
1484376039
750979891
1059487161
1737904676
1909197505
1763244074
356001010
153956358
141827369
1512569141
1936583888
425963312
493377188
1129153031
1778012145
1023302566
712442360
515232450
211474170
1578495575
1668228225
115907127
329065614
27513308
570560414
1575984950
1164003845
1027682891
2142156639
944796639
1874486051
1575064138
1512559715
1077030708
1672379137
1081207343
1002818316
388509682
1429649265
828722482
1656052771
859498061
868273649
1616386256
1723079908
1307026992
122863578
286435963
1179367272
972063190
424795656
861183366
1906111242
1458908116
789452334
1861325426
971736078
1609425231
1599243738
2045279136
1648075998
2076269668
324818787
977171829
1718777113
1162792518
246998653
1166418565
1804215002
1919213996
1756113819
1142723564
747297375
1463731421
887124167
373601742
488210072
1044396957
809520576
1433028228
1670195501
1774828140
570158195
1811240161
966554363
404588528
1071289461
37176889
869499853
124708678
1209630772
1729782773
1696852912
1112820416
708376777
1734144879
1291796949
1794477494
54049334
910217911
2072874474
1299134091
1625595777
515415911
1487959996
939770300
854759268
742090034
2141470653
1909715811
131260458
1451742021
707755791
653734365
775130119
2076179352
863154263
1122822080
324554127
409376827
1267236574
2021650062
965184412
887544357
172482590
542441554
1760411029
1819262872
681112313
628961889
1215828044
1091301734
1156425866
1770354598
1531400534
620702427
948909172
1604069966
1920738296
965879271
680608880
411410098
2050850028
1066800026
643563884
389594417
603612963
369662069
1625151295
136094832
1325928376
1734431661
412484931
1526748121
870128079
1311894904
1036580384
1241865671
1028340734
1172417734
1498374284
97952142
641213152
745379384
496054013
295964182
1635163995
1849037092
1046294669
1333554104
75569288
755177343
1936625911
1472081591
1693862493
1334307501
1385240643
1954042222
1406748665
1724863139
2071278637
2075408105
1622526178
991519676
1617217355
1237423223
1374272836
433310971
1277805060
1186817120
108341713
712355471
513245878
816636012
1087458397
539490251
373816648
1436910345
1768949583
306400679
1597877345
2140869366
715429696
499939499
54217026
227325053
1591119441
775445430
1103252411
334103527
620763214
1809871229
1120482001
1613314179
244877140
1387320166
140154086
1638354334
1026303994
1538836393
2020472821
1141585301
1828871562
1885788061
1365995929
1971655640
1431504466
240741787
1491799912
1700953998
1974216622
382532443
358680552
2106641724
1531503227
1020307669
1753723289
868639006
540716835
1636469152
1769489400
220989879
1634067075
1844730850
1786994585
293560922
661813534
1570360828
670719589
1892105257
1106389990
906054906
842689486
148050407
1528614189
310926157
1047160097
98468141
363064145
1016884837
645693902
198298839
1430175349
2086229349
35963717
733505406
1705991140
1706436319
1737829912
1663468978
186790687
1653192640
200329495
23508963
568905898
433035564
679896713
275287373
1387326545
414621263
990131136
1166622091
58243992
1243737047
1811223028
141515550
346132135
1432718509
536393167
1280478612
614577458
1831309790
1967624258
1244156912
66496938
1802417941
808681126
542035743
907576846
1342673459
1584808652
1986958199
1397735416
1384728900
1111409456
40666019
1517169949
962777181
1661866923
761574086
9195296
192524251
1939162400
499601077
1342957752
2047038300
283442753
365990341
1866520688
207740652
945806191
1672789482
843136579
669879943
788567859
318316063
712894351
28547880
1973746210
613617931
971244195
1616095696
1261343734
1300634474
1181293545
1346683192
644496008
433717784
100819336
216713351
2127516501
1407314890
2049454045
1694862728
742908638
904760516
354870678
1226986142
458384672
916281205
714997836
2128143661
200175231
775075714
934183074
599604207
249893513
626349150
1048155716
1057922357
1981683173
1407605397
1672516685
424496299
1909646720
815451902
873934166
1828700811
495998749
1882581026
1928919109
1141926112
1293431156
1968992655
296959033
2035081864
2052291764
2014983414
1939080255
1571805430
1252432526
374500584
1752136884
1832800865
991438480
208945043
1399625365
1331794203
534486629
132923340
1118434273
314996714
1156633055
1525414051
1333533884
753629706
581508014
1396735685
1982200376
1101402243
1107517671
336661286
789355393
386447490
435149365
343842076
1921467020
1580366305
1605149422
1262330947
1938601720
565245247
2039222926
425898894
1151263618
910031342
2090196055
884685549
1165343189
2059511065
1519646468
606816641
654991018
144836290
658263681
1453938810
113483347
763973942
541604515
2005998688
413444252
602639950
1835712634
1629904977
327095656
2142559883
1513527719
1883301739
290009344
682180349
488965588
37378020
1490653122
69129931
336486768
274148467
224979735
467390164
931497869
704884476
190530780
536915737
1671886989
22936292
1223775388
369640621
1980550075
1403389752
1688419042
1594233066
632841857
827111631
570785459
2070691557
1659043219
125500565
1899581450
314712625
2043010101
1326049764
1007228366
1238645893
613119324
1795484954
384975080
1510395026
767179603
183433347
461203754
680780839
1032470624
1394852010
476426647
1285424645
1773575906
533593300
321942414
119557312
544975247
1829482995
435565805
669325486
210953025
1224312081
2067653249
919356857
421380173
847123735
1558926701
2026498669
1234185620
1775132040
1247944407
203857384
718004624
2110005421
1696439375
1604994557
935162915
1262442784
1243567174
880438539
619462440
837530958
1169463852
714416472
596510341
1944262765
1043626542
200366664
1305438294
197535173
1366748743
577627993
321000797
1057215048
2011585129
1624761749
612487446
1344864030
455888855
124894850
230767152
1999707029
1838848598
813936216
1510955724
737202171
1922143325
1503580637
1460076590
1490268024
256164458
173784243
1119411187
977662404
643741914
696096738
1849781075
21182180
807749171
1703069799
530294787
1168330741
1943988559
1305222204
1115783326
1860047270
2119863390
1436778919
1095440348
2015309682
748325164
2055947670
735956517
1453530350
549713535
727636169
601624850
1333131300
982727375
1441668938
1516696455
869104713
867625390
752633358
1155698360
1230437255
1267853193
1202397447
189671770
368206198
2097534441
855380511
333523138
1551056247
201770980
1596946007
1958594838
1377883204
1339637350
397122864
2108333238
1926118293
2046520302
1295271563
2028197220
1535343307
953860426
31172708
859133051
969979446
2023146001
221642185
1353613939
671375620
724705342
999857278
1818292127
1016952700
1823678595
2068681664
2126167270
628277527
114575224
1589957239
120441570
1562909512
1258703968
854316210
2062857017
1672137598
1889818331
1156897622
65439702
1619908760
542867949
855025835
661281880
943681132
350660895
1189988423
2126222648
1664108414
1012890701
1674075162
1053819098
1076240039
210099207
2017817327
1733342979
689056413
1199472143
999352097
221692422
1139056374
1034541303
732218553
1455197768
1593194228
743725260
1570322109
1668621002
583059446
807459771
741080815
75112770
12573508
1563325778
820540198
1438748377
158486747
1847229359
947454901
2060215128
966133928
505404263
181094803
1979638466
1490458224
699708259
1808768160
1259584708
843577935
472332827
700265098
1513813223
1093035026
2145052742
1642316778
580227880
1651768653
971435812
1563671391
1608457284
908966694
1358361372
29748090
1077268833
418396477
443486273
1456196891
1007859971
17144595
1207183253
2087798143
1805807380
267745150
312045990
1096348953
164609204
1406126431
1209293949
729549991
779155743
25947013
1232580228
1515629760
640233901
1676974550
437711870
476695348
799938982
1354365851
1884500441
1782292901
1262732182
794998320
1362223914
891266013
845094912
2079655735
448740627
405732736
2055227191
827385456
6077082
2113575209
1467320422
760492151
1597829434
899657225
1717060195
1795283105
2020453668
1040700974
1672774701
1560617885
150033909
1044229424
745305181
1158277404
1737005539
903804365
1778942432
444784324
1122853579
1758808290
1346723007
1838606847
1382027821
1704872752
1523627365
823032437
1166542248
1166830488
122013033
2017061859
2143838915
1787373951
412786567
2078929199
776612855
100787048
105859142
598934880
253533124
549989446
1389336076
1591011193
1257032287
734964437
563665183
1245649717
301307959
1439399638
114576388
2001433644
1072227348
2045325353
792153176
552052715
565380630
2010064075
672815571
990308385
320443446
627744369
1020780487
173311190
156659379
1325482473
262390932
1480627837
1123030091
1647715414
1227670088
1637855419
1009794696
1825202705
1937278670
1278647340
851035522
134364327
1368103938
1101732099
1910426900
498581842
1183717411
1148364975
1417164795
742651554
608048637
1836605667
1612670195
1250399131
27325731
2136130879
415969985
763116871
134505085
503491085
720456731
1423396182
1971333053
5512603
1298971720
1281826803
1766442166
437935050
1133169473
468970155
1732955827
211797821
851386907
260905528
1569397067
482536428
245380755
1984706635
1461691993
72976816
820838535
1303796563
1836015114
781362761
1249703215
201661127
1908314005
1295034173
890981252
1539313458
907164012
915698908
1299089710
523228891
1302075643
582132652
1596806637
2052302206
302023524
657172357
1426167899
1847744859
870778308
1088425291
1218107833
1073748531
442944776
1266269410
1049686738
2087812902
1442830003
2105754682
1289224164
1546992961
1894901912
1506158824
564567189
789405073
1877102923
80298728
1540319413
799079225
1658941691
258481752
1689179178
1207929262
2013333646
228353499
2129539995
1450091467
365712095
984765814
75307958
1850433782
487777314
2051093439
1497499328
1625830372
244798313
929092880
1730363404
242241746
1918019940
2041914707
187242536
385457138
52271522
34126399
848978271
925421
1253081719
1582263669
34878556
1125517424
118175013
654966681
1069415217
2099982614
1668646528
2116272429
1557841683
553593425
1147774667
1904428624
1645800354
396154109
517554702
296165310
757130089
753827464
274622605
1590140328
1560575061
2031192199
789135035
622238270
2119125892
799053330
1285256597
2060864264
2123983338
1513964082
841124618
1361058826
714963048
63069724
637653547
1783927203
2029186088
1034401755
1604141847
256717518
648913592
826304498
1626739623
109673335
843300401
446474245
128587657
514840102
205179315
452473096
65464458
266051489
1681728948
1153311058
1157748362
223424506
1280883714
457927440
1350934632
458288276
55049239
2092485151
1638331256
451044299
298196855
202720065
472953859
2140171762
101692802
916072829
253300298
1227839473
2077259963
1451338747
940592499
635835870
1172269409
1112075734
846888108
248740986
2051683293
1195811542
962908001
1137214584
1347476094
580859513
623366442
1085313955
856861661
62880205
310861372
559992835
583892488
2141641279
1782670196
1722251736
2041590557
476716883
219965172
831802707
1751221542
1081585847
2040977497
1343417778
24910582
1497785718
1442326565
1611683489
1918952378
2033703196
1625598391
1552177035
316717984
2090289850
1798650205
433591489
1147033755
2042495702
445886098
222466712
740916494
1485193639
1560089373
886326955
737441273
1767224731
480944967
336245588
375709148
875067641
1904383758
2061830400
2095098194
2082838795
1044492577
865259752
383286205
476455777
1554946088
1022730046
703611598
1857535249
893908636
1716440242
92740533
1564721120
1543398042
1922185746
322928172
337895864
212537103
1610029482
826847706
876963
655639353
176144710
38439405
1666957071
326146897
508659012
435448210
1256454027
1165627490
819305005
1817219061
270093650
1698810167
1572601647
689745167
1579980072
2048242071
1863938127
864599359
1542393062
1290328985
1710842057
836578728
744602033
349153038
719125830
1068058979
1811566142
1631629955
1136670235
540732495
684103897
451646128
660459813
1715503117
263682541
1561744220
596346089
1620459657
696017443
1452457791
1319573969
996132723
91773139
1383886928
573412658
665772311
427395506
2115020880
649423708
51947703
1761369013
2047930550
128235831
1673128969
920850196
1128366875
1998358456
474732702
413852529
2125756759
11670803
1057615488
977782391
1001571766
1135552399
1565146767
2112850272
1177809837
196241242
1019800795
1664983055
838184800
1621672226
2059926969
1161324200
1466177200
1832439931
407136777
115404842
279171202
81350950
832666557
840326274
506392115
552311545
793473263
1555412758
932549303
1582506582
200436105
1543462064
1846764387
1529021361
1612618447
1718282654
734707804
1310364998
972999556
1077063780
1133954173
1338638755
1668421764
1862252591
847580505
257419601
393085175
893338057
1697139867
318836154
1258404378
1036703674
135569031
780862240
358075415
1823204025
603368493
134408990
1832318523
971229468
47616519
1430337103
1638095496
1329697972
490180879
1925934874
643887901
1517166929
317032122
248318932
1144540426
544723538
2086743456
1627408625
2013171167
1615253947
788276499
1249905489
1250017110
1971508664
1591067134
1050397309
781869829
1972596584
1594467948
2145813111
2042843187
746840349
427893408
182038270
1454953993
1874033658
888692013
2038779056
1623206354
811304691
1088963119
1105585228
1767381345
269724865
606485770
1788451870
20187437
1973285386
1948956529
801985157
948057829
1080243118
1208967851
341491820
698238665
1026108704
192300771
19964774
1148262263
1722484348
1252695064
1597894644
2011094524
1222470395
1785489890
104401766
1103399621
231155447
989327426
1824263881
1562735904
1324830316
1459214134
1011814533
961171502
1052896047
1145120548
1176074021
464676393
411841270
1428163108
1393775434
1238900187
126961016
1452036699
1823457743
1458161110
1470657397
674286546
18437685
884451592
1270221807
1891652575
809077999
1849191342
1636807524
972798478
484722116
2099555943
456999214
1559979888
1335903635
2068511548
429860418
1215156221
245743845
56424789
1822645132
1335601544
147582536
1813441084
2035406808
1512238499
1329504381
599944354
907644383
2038013996
1542776918
1362463283
1105654685
443113624
1224851343
42928719
44896003
1037353440
1727511177
420548475
69864854
1563912975
246989597
1285225216
1070621129
1550974708
1563089447
274962823
1256024497
731040933
2104156802
1437898518
533110049
7096363
1077310130
545798967
1413891079
1491749426
2103815988
487222675
225490021
1144461357
510537034
1679688224
1734023392
1105278290
923262140
1613188365
1308409567
1532164642
992803279
1249705810
1897131164
1963783453
802031754
83905217
217530322
842273455
632477148
578637480
912036798
639929749
1679917698
1133824894
792620774
1960486699
1661244722
84942717
120126121
1814177756
308876431
396397247
1767342029
211658423
1867360752
942324689
2133552712
1792449092
198953683
585081754
900065912
1168584934
2068048893
1115918676
11330451
678359162
2140519203
1214552023
1728361077
1822629594
1779261824
144783508
906444638
1869345444
1416547859
1770018945
876720153
1428130487
875038514
1807449321
104963807
1032564420
1175684564
1287409212
955963289
1495226288
1943246601
49177982
156147483
1613037462
434095856
1466327025
140345599
39762484
2138919415
658455499
678208915
2121602328
1610326054
1647246374
239579343
768196516
380487313
720606533
925378539
1918827536
1429869118
291053735
457924547
430233290
1173920132
884627963
1904210832
1880958723
439998419
956064312
403948159
1860654917
1181634057
1462160630
1806399014
493155678
340274768
1977152599
2091684247
1984432698
1024462142
486380745
537069026
1484536593
1820695699
1128116786
1210798610
1232843056
1589997027
1658045194
1737107557
264292880
1103936525
1988109816
1429904641
1898287009
492060070
1988090989
1234951176
706869486
1104871401
679907503
134703057
2147086811
567953439
350019721
792256248
554445671
2117828083
904131290
1913670485
1536341229
2034835054
2120176246
645396375
205937334
1903408519
503714763
676777290
58052493
2003034276
2063351838
43531322
4299928
1223841994
703957562
678602554
1187895669
1958675584
1172458162
1161124751
1062907002
675287869
1663550418
1225199274
2035585810
742530566
2038738529
1562240108
1586328170
972182286
48434557
1377434982
1475309203
481011505
880298690
1733004687
505056273
48238692
582261507
2043509176
1836979937
1922484286
1336060510
1048411657
1453249513
202937725
376999883
570088755
1750792209
528686941
507185848
1173656856
2065492378
404506320
2020869615
1395662372
1896728434
1650362686
1344103582
2077340057
1350089235
936864438
268506766
294590237
850398073
638642242
787444759
2140535595
451217202
870248957
1531765361
1208929851
1703125837
982117724
244826127
1497704806
566423582
1584349011
614963439
647937561
1278955488
215015183
1770431160
1839844265
175339702
44887973
736526565
1873550735
880098037
580281000
1095848260
742101459
714805945
1168613891
207093793
1367942951
719814475
1036534517
2082399296
589796244
307700825
1839120270
667526066
137781761
868135151
749156676
392650534
1174051116
786796802
604521330
2132813724
604891432
2007917847
1792980252
679786670
1399677597
104743372
1725530920
16875260
1909502940
1983101379
1478402956
1133896323
1725099999
740207703
2106717748
1997593685
546692372
1837751958
1756837996
20173239
1638451648
822565743
1720188476
1513928986
1645997183
1221630956
1421260112
2071496193
2043234441
1806399323
1358409451
1990122969
1643912605
82107282
1778987578
987239150
1488968921
491932960
1481872966
1735289416
272607240
476786681
1176134893
726378134
1488934734
296408894
1431798873
327408934
1540818862
730619226
1534683562
1380880970
196751600
2056340681
962417460
1928273099
426984564
467918955
1207863921
506286787
1495061160
1749451470
141799167
102727157
1933654610
1226864490
536020930
1193711508
514448828
1587135154
649518686
119393528
1577509226
785820068
1924849692
1524517751
1626895133
662963027
1298893189
2102940947
807573080
1342525329
1837144028
715299904
940866593
599103632
475759427
2088822994
384590126
684464747
543359448
1963131724
1153495723
2039853968
1542754438
1996286453
1190739587
450108680
178587388
1127828617
450635783
590604949
615067658
744968418
1673553724
1693078273
845114874
316972858
761663008
2074853587
1075012304
1554298316
992122872
1447831926
741647384
76973524
1755872954
209333928
945386499
134829934
290675134
237372976
394691725
1739716083
1191281572
2068130278
710197503
621880294
1503938930
935579718
867049609
471619612
1288675163
412429587
251298023
1412022399
1488085111
1408464939
1387628508
1648398369
2013270993
805355465
1350995349
974033321
1282751450
1075412768
236162968
1373897984
1337928591
1514798965
535308895
1228325563
1454400816
1266122696
1105828807
1347266737
1623883997
837690847
519097639
1658146354
105290241
1260696979
1933796892
2118058048
317015705
1789334043
331671016
1475020274
2079265792
1027114307
1708705469
910109777
1676578607
1818153110
2047780516
1927977692
1187827995
732366065
1171356523
1404563442
890869211
840246002
1718799224
1382982833
895998666
525304646
1779101843
459585982
1992820007
1295452003
1355244155
2105649857
2005438342
331157705
1398802578
1033087856
528892066
233325048
2039256141
972565292
225765728
2082014835
762504116
179872217
2057939800
1891558204
1059547987
1297916742
554682032
164597412
897099937
315767998
2064707733
309383483
1465818162
1894619067
89797045
90582266
193416219
136374068
1585859564
166940390
26824129
1630378915
953592087
704923158
317020412
1571807100
239325423
697074822
1717559532
293952066
1733191580
338536357
635156498
976240296
1226421114
1196885917
2023667895
746036562
125348801
1949241487
25786469
2007368036
1136037692
1303863871
1294664203
686249375
1359216879
1421654232
1849268121
140971837
194097200
1950587995
2097773681
1559208798
1736541639
1715657133
1220200550
971784833
418863748
563921499
1190609204
382590343
917648803
1600664883
825834700
1844736341
481759872
381316620
1152682960
1683856120
481701834
591568577
1142582300
41514108
905176219
606621334
680624664
1369880747
513671045
2109571849
1633344503
1089941441
1553378579
1236643808
398261114
117269354
64873640
1722970012
653125717
1300536003
1826775186
1092027183
1440041473
1328815885
1428363948
1546885908
1654622984
775866271
1621775342
335111902
372965870
778030637
1527456122
76049774
1610097781
595979137
1655342048
2114465280
1738916140
1370340114
1497171181
1750861753
