3100
1115237509
1895347326
367526979
1642354488
867630160
1943810892
855869211
1568182049
1662614869
1075720939
1357026762
1848542235
1886742684
160204690
2122219101
453648020
1998851314
267644106
1311581467
715619498
683618749
1158042311
2014366487
2027012562
1679753421
2108060202
501373860
59485883
2077423876
1794746379
1038042010
821756425
762243228
1656822443
1925435101
751280241
1025830544
228271461
316345998
480216368
1061520915
1693322490
407717895
1353742781
1398708201
22871027
2029382285
2114492003
1926403359
365446785
875171119
2112785140
1994430767
301594566
1626895934
2120396305
540447734
1262462106
1871456270
85579339
877034575
810715295
477788266
526580151
850889284
2031020726
1155903041
378050231
929855872
1906034884
1585260621
22995928
1404555986
1942211645
1317276252
282052648
58146613
1482720789
925332680
2119539736
1626268106
634975055
311247365
276148259
1549646302
2144618791
388255008
980131615
40111489
1600260433
1759461313
1901487345
1182063587
1643666953
119728330
1784168281
1420515054
147439269
928061996
305813021
545089071
286448562
1610157912
809839444
1004810422
555864805
1624660866
1260311530
2092150676
1559735351
1877434425
262141845
335169462
277159144
1678002870
649107604
2103536862
2091095275
427793175
408790327
313019106
1997247092
1165570630
259542735
426866982
1957248626
413984767
170928842
1337766809
1087393937
44411204
1094261397
1300602309
317733876
979246798
1345190870
136350914
1737073468
1769462522
1862344958
1577998838
2017858662
1934757840
1433112847
1344289844
1781730742
1365823031
778834002
1860479792
1212238181
1652935430
1392963633
158746933
592007746
1382788692
1486333923
1424348437
938893306
1808066804
1478833225
295183697
1176009366
910103271
826949751
638658890
1409214436
920375827
1818367358
1019540581
1805377292
10504088
1154175836
749195193
1985119449
2146174656
1295085729
1381389403
930099103
182490038
216925047
30314036
74577029
1164077105
1722994812
1590895948
1029143290
1331463006
231580825
875663568
778311847
1015535
1215755294
1346654512
1875850988
559230517
985416627
2133471739
117767630
836879327
1991727180
1900778602
3688664
766214276
333655869
921092553
1848042358
935454825
411025051
2004632921
957418699
1090355833
219512301
773082844
1694844035
1796283835
592033270
2037783654
2059492954
1873125433
1851037879
2039115143
92921539
1061772523
1149903393
1094843510
595107748
1545335345
2122760373
377028801
1961081704
675262390
1773192303
259045908
1251852929
2017035545
1759484031
395837764
1240479360
898135972
1729741567
58450976
1481723801
1037934966
1836756041
500778545
2146830175
1870509715
1584476371
2112392135
562130611
2071270426
229111905
18631769
775047321
577197600
621319879
1890323508
1359998698
1893955094
74085192
761528091
1555529518
1682272383
178158142
844288624
109727265
424571956
2074645462
1494122374
1864279116
1102878653
18343332
141108738
854835708
508237787
244243037
1485761939
1032465306
514072039
1168896334
1034285182
1545682511
283971121
1235507249
1948855886
343608257
1991663014
1275152891
945259890
254246619
624423119
2031171548
1143977377
1945618216
1256391026
1270724985
630352562
1784352280
1282575615
899106019
943934848
109408932
667110292
1896328994
1839341587
1197624822
719072471
1086092377
236248559
1752350426
1370513176
1350158203
1178331026
769228575
88333741
1621584810
472462505
2012544719
1123780309
1594381217
1458802031
1460193653
1661057459
204343848
1964953090
110571852
1221098909
1314447994
74592241
724321365
1087516406
1469444111
133536918
1685784574
722056834
1309394793
384763735
1087241643
1360217967
847709754
30986354
1575743332
1813947650
1383572329
275394133
112329519
1709437329
665847625
1441439853
1673795539
1284768853
559344730
657025368
1624533276
1101350871
1855784662
1871843632
925072381
1602625537
82277727
2029449040
553210616
710793376
1077934392
868924768
284748318
472193930
637269657
732049675
1666120587
1014951616
2125151315
368483913
1574767498
2027633378
763335972
1329766847
2007088322
428595462
1618878269
615633604
1186950321
1016408488
1844145142
1992064562
530716568
790835799
1887660442
321415189
1592100125
1387021325
1965953571
453481968
180141063
1927948671
1375855801
1668161949
1874575190
234020336
126166183
2109215307
402952566
265931325
1514070734
1985495175
2063106351
1734511559
600362277
1598635733
112115224
560874300
800245584
1700351188
730936240
1693215189
1370049163
2108313894
1570811721
959983695
1064275635
719248364
234965724
1961583777
442399019
1871524068
1922048484
189784259
2033800807
1035033026
140725685
716734650
743004649
284639304
422914453
1042981021
1657857411
1674956921
719052460
1759585009
1242012455
1435771636
588134646
2052194094
854602697
561098676
282510089
629102585
1165566069
1967818587
2016815680
1987909824
1148776991
1211143653
731245424
355736801
1731693122
127069559
835470993
1552670078
1381307088
1269569435
1855093600
692299540
1124056684
1108373500
1047416296
65296659
210325739
525698808
1982845410
1834199882
428699527
787188518
960790495
498203701
922335465
39959696
1631621285
1900783398
141075903
1332667852
1008706229
260498200
576729155
1043783473
903718112
198649892
1747273174
1063655598
355011601
1491017329
1878326713
2078026705
1242517161
1644827621
1502911052
230586007
1755621597
391913
810111209
1961606440
1221077295
1084682265
577296967
518640793
1732576430
584927545
231983804
1686525036
196227833
1938238085
432714320
226709976
1636913812
1745266267
1403979043
1019814101
575526252
1738891640
90229738
498474910
551384224
753845041
1091181434
1162184628
2128801147
71936678
1732859324
2011580731
240387139
1832561922
969617834
1727720547
1640223376
1205329003
1569033116
2132507689
1351768478
1512789
82050373
173176964
996302801
1421858115
1398226568
934137926
676762667
1743362377
1759005944
194831331
1572272958
990888869
1695571100
1387564863
1958716039
283380406
385257449
1787968593
1970904512
1797811768
1993636046
313982204
1738492528
2063185644
1975672639
2035527077
1672272900
1578335125
516707209
1579097934
308162769
1807134713
2064712928
1869564430
804973892
536590976
592142971
1945011881
334619003
1685656464
1717044096
1701171646
1818539016
155675225
1835489263
1463096592
1348786079
965497885
1269669761
1563589330
46319106
315916764
1887546250
633980687
980452718
1185316687
2147182091
475314696
77100003
1373042798
658711157
784694025
1470716997
1564968926
383956321
1004276214
901304777
1205407088
1720276538
1027586509
1203557566
695897091
1121142111
1928704779
708689512
1398640705
1724268059
734887420
927036984
1769545286
131313190
1081906302
1884351574
765733012
72463946
1967258771
1184423782
1957727629
1367077362
940239577
1581705321
34577983
1462568984
389114978
224644696
782838904
480379712
1460541805
1032594269
1269702910
1656254951
984993486
50866154
575642077
87576158
1717334392
719583346
1164152995
1037741897
938850061
885588008
572524738
685654066
214759948
611956377
1496696228
874152216
686625434
1374724706
1773373606
1856163599
1464940778
1581492037
456841230
2766020
1610084498
915183872
1563380917
1685652071
454097299
355997640
2091477077
1617243557
916409110
1027323227
588641284
48134845
906499493
970219490
59434665
1707043730
1227345283
1083054055
1962594944
1194588528
1386626322
1786112741
1938807820
2108101571
1398971959
1417099436
597112805
893905309
1928379837
1443184405
1954951423
1465383099
54535337
1615982181
1791080360
1888675576
665209751
1064502706
1659991702
1696670080
899994467
1643542257
1372025317
1034307175
2011482393
2055672668
390409607
1511805741
838856371
1113751437
1957124814
1548525113
500239978
1518432190
272699157
618108654
421811328
1148398681
850362931
1255951798
1556132378
722296249
217011314
124830709
1541621219
909189291
1593597106
591135972
1432735888
1812357883
1120206579
228787697
770256182
758023948
794430110
1645825486
1551684795
680480940
2086936631
1095132702
157050705
913774873
1174904953
147919544
2021408588
1643858680
226501050
499208810
2008943334
43132762
1390178006
713697100
1254518574
654889257
677645609
1659643544
1955377480
907452913
1750026972
352440543
1222470036
267306429
1100666000
132559531
1579761001
659627918
1088410894
1703562479
1243128252
2008774127
1312397782
778028142
159229088
1903945348
1365361334
2059098845
240959690
1803920050
1229715203
382643838
753251914
1711862774
615130356
1398063835
39153237
1743751128
216155778
907989172
1993991179
75367481
488550679
181591626
632362965
494658577
725740180
760029178
1155270988
1096981198
1487341676
1144332226
400472374
339018094
347575719
58175091
254161895
79694397
327155896
1937152723
1875747861
656784690
1988858473
585052977
1033595878
1756593235
108063617
372804657
590301286
1881444280
1603799945
962237068
981105466
1620179407
1558372027
203350489
1639644272
1550881800
1459704823
1018979838
928167371
287208143
2136603629
1600045738
1760805930
1117819185
831532704
1940554771
951763511
1112655420
248560039
1845434079
1961892391
1919156327
305010360
57116829
491348141
1932839544
225782224
72028082
312719020
1452676811
570656607
588143648
1951413201
944526532
1363690146
418819946
942364796
1646447617
750273508
884980948
416843808
756498873
2099193511
2071286199
664439829
540926791
1834328067
625067453
627186830
1629387965
1552313477
1694642949
1087075393
1617687230
2018166589
311523022
1961093609
1226246275
520578775
2094725417
112235077
383609753
1326646558
1508261290
93252405
1553336099
256863317
2898747
1017679104
698065416
1241386421
1302822021
835904899
685162887
45686724
1580206312
542374329
50845203
614089980
1943278395
1411723337
1091743648
1572321466
956199800
1684874172
1647065614
423692005
1297868321
168393899
350978244
698632650
1536169220
824300649
23002064
407171058
1189832528
1792843383
1432822620
1483541131
1433573715
242162553
1270303777
1195516965
329850209
652301070
821939343
1923522167
212812922
1023350398
2043963257
353409123
1382362333
588188254
1329201484
209673443
912489522
570997082
242654366
1322801430
2109398677
1176677910
342531389
2115279314
1183534932
179410425
1265259982
1120391884
1201940761
1265724040
1441192715
2074733750
125697479
728867969
1464148123
485235362
553596825
268268990
1197759739
1245870505
698122360
1610156852
1819587971
1252734379
1300624089
1850529750
165622731
1830566063
1001525616
1343743560
169869379
1365270714
79136862
1568813918
1687414767
1217215993
478590001
1042812982
1062872971
614095144
1077146379
674729123
1351319729
1455620557
371440848
1668868511
1227330889
679191622
2013889262
798692006
523865223
719562897
1934252318
1597841725
1540685496
750573498
762602725
1330505183
615262513
521226979
2140935999
1551530912
270560148
1288757519
1150299004
377807210
1842219820
701447531
49639314
863738944
213139320
1101745619
1299928464
720069134
725255756
2001295586
1752844933
1799605187
611598497
1370002494
2104285149
1237847840
421762505
50152014
1641319006
528793986
1109172404
723016130
943432619
2078515666
1288299408
239448736
1998885347
1872128758
431162458
367639835
718811140
816950681
1879494897
1883750233
337890754
988853054
944343891
150576128
389546118
356214751
325615135
1539449123
1123629825
262622246
714332295
1333976404
305344055
457994291
1600115389
1463713279
1698689124
1332180331
315496946
187741966
332656402
1164023987
218137904
1143254873
1539286388
796378320
645271793
2136143887
1519918667
1809427675
785589095
1898973865
760691427
1480191533
743840125
833900289
1109705779
1340619493
1916344893
1422305761
1570325127
145656783
862073632
227709635
1307287104
1892309773
568507740
733131493
1134200727
1115350471
1525090445
1429801605
1212327679
935163757
1373065260
1488822223
1366463993
586201728
613087020
1320989968
1986895448
792204395
1032785071
28149414
1559118610
764937847
1755387900
945459654
35229859
434411681
10431615
103047677
435434812
1824181259
625886889
821553169
1489657914
1574835360
1920462844
216094725
387673036
1819466769
16788065
1631883084
1639599119
1487866713
229942880
65274705
754173841
884579691
2025209186
1375680289
179009573
1351760231
1803400980
267500188
1887474240
117036271
1386009852
2077994858
1277916687
1467309595
2071766874
134011068
1499793150
1134783941
226109753
1032531960
1707658292
339608139
1088562293
955122815
1816320304
2084651275
627924470
73834683
851082731
114311539
2097023568
1313831141
1506459234
1452334676
645892551
339403170
393843738
2069336297
1340697703
1549421925
587134181
85742303
629587560
2058818340
684500107
22120495
2009242831
669367565
1931987944
970322463
1473974507
1526521259
1288002078
1524279519
1996174638
1756917573
2147101686
389422641
576561462
1574091137
909114605
2025662190
171449838
1656471489
1617960624
1146818198
408003136
855127911
989133343
935440397
1984141053
1385236014
1792235231
1756010833
42427061
807159871
636251162
868365393
1452359435
1242095146
1249491069
1937111654
660165583
972391533
1151574607
620670437
886316056
956067804
498327593
874486848
737874436
1140618590
294955307
1546905879
1378263885
2131277568
208514170
1732435770
127561012
1397218249
2068828787
301222930
709148895
44813356
1744880739
2103304554
550662096
285931867
1763130638
1573035910
1498931205
1782852423
79241339
2138916767
1307600898
422958893
1030511784
1232000554
752153447
863108354
495686150
376046755
277540582
1370984137
923763364
355783867
1206680724
89808360
847137729
1490624835
82505843
920818126
821126432
1629305337
1678545975
978101883
1917020551
622691400
499561463
695398938
1637263181
270542560
1442116148
1028240268
1602582579
1792785180
1691280372
1790355751
1517117863
1502217974
534574427
2012032547
40238473
1765785699
411932104
324526426
664054239
488789782
2032905188
758698830
380502267
104121881
538399308
1900625029
278272580
781479633
1413602096
1036106788
1194365596
52362021
1829641524
1498684721
445733664
1822050236
181798744
1908385264
652170164
1939297667
74874189
415821206
207202621
409552170
2036497391
92158511
940637939
2057918628
115246295
1406232550
1426415210
31522127
1915048829
1420842612
1920593893
1930616471
810997963
1021632326
1433369146
1023147974
271744980
556094532
1482074962
1191567116
1757264268
836666910
757803172
889364187
320328097
291525025
1263036203
1542207574
484182686
1798682462
1265191790
301971016
194183473
596736120
1902350916
380466823
953440824
165166583
609222887
83326103
1104786771
1903249049
451960037
485923832
1013180959
1881578739
189017300
794829346
1576242262
1098765865
962412606
402909490
24491847
1922193357
1386545167
2052909415
2057708426
35268050
400787134
1567401121
1837597085
207501745
1903788155
1379573564
1802706809
1796169664
643683252
40952598
1717621742
1694539319
261099832
1521388045
505951130
569385605
1188080623
2118733674
43781223
312981716
2022701644
1347889894
545335978
1574815973
774176042
536408714
243360907
643816804
377286996
1811875036
1918627538
657437076
143959620
1008794486
498333864
777766858
875339888
1008821531
1828622488
1870432138
843644759
391546774
36753443
2061427703
1747857248
154217143
669995099
1585809864
1957388628
830106091
555738565
306812384
681822933
2032242492
1675535705
1350816668
1491578515
915600474
1039609723
1623687692
680406157
1186000386
606291391
576168979
1075894886
2041036301
1953473992
1344263331
1057629051
16092409
1061695203
135898827
299331919
2115988706
969690395
338135629
956308384
1739350958
1328328135
1250835257
1895964957
874478801
1576221793
408270697
365274747
415884293
154559977
1744485673
140001318
745408446
618178079
452579573
1328611827
1674363424
655710796
886885467
508450513
676695407
817618761
580121502
1839112623
928169007
681178248
956535953
1095017949
168475764
364275925
433007719
1214821955
1030709803
1461521976
629872136
2087169857
1242839313
253556297
2124267675
1934669119
1531240147
318371583
1614376184
633519717
909403562
1865578096
821523727
2035999135
1751039598
328892095
1086200170
1980002270
1582639812
28121903
230283144
630969162
307148721
1653930925
1012090924
980760799
871743302
965566821
573212028
980942639
17527652
2052871006
1547770213
295694359
10121152
583473536
1687909429
399851441
1888572525
285344413
2076371456
1126978883
2008967038
809266902
2125543866
1891523564
340082641
931800353
1775147717
1667996057
1221031727
512421754
1439388632
1358467139
949576894
374439483
725473437
320267925
897310315
1143641387
504262768
1393235646
930350148
788889480
970548329
1270867899
1366954557
1197395061
1687205301
121154926
1943550489
749621939
1019632520
1232294162
791840314
1383693632
489163222
736829575
827376542
1783291848
1456832310
1108174872
1591964654
2129662574
1616534337
2014367974
1000130623
2021578306
1194622188
985697069
1142334221
1338147323
636479604
1475099813
1931387392
181581058
956380713
1817033228
1713451374
867456286
1755809793
483755768
1921819885
1426444677
1044318357
1181687177
2448096
668446705
1066201273
1080950753
576972457
15884417
313398804
1123323758
890651075
854219304
426836317
2076552530
782043022
92503645
1661242478
1494360762
1815983657
302302719
1728317653
317903223
1931672023
1195193813
1963584976
23112583
2059665014
253434209
538054250
1436251164
327928298
181831991
756308059
1527793453
1589223155
433075468
811669845
1961945651
311649879
1650817502
224906798
583853054
1881350725
1528478896
2024896718
1872584031
1574463393
1570574372
1811381768
1272236399
210166050
473702298
811601045
1948472600
1650120923
1704813547
990448229
734076975
1635568224
2039062492
338332669
976174394
1581055613
1289069497
1631179230
1233156577
448801591
2038913676
1855311552
1935339298
1145446362
997727586
1030108938
219568
1480816218
1087721536
645272868
333658514
631721417
1090536987
317909287
1159379780
1892027626
997092530
538529443
1406101407
914500575
1934279079
989342510
84450300
627836581
867798561
1569940442
1762314816
565294956
599747437
382671927
591561213
181926099
1877773991
1789688933
451952458
5574647
1393384915
1619066777
1357251735
205963000
239160078
1089554721
1875360174
1771847428
737737243
362316975
157242469
221070026
2021436258
1885686403
1421199693
794230900
1841033494
1490358061
633455410
1306018855
1732750027
2035751160
1084040093
2076543524
1316440668
1195376281
391269203
1468932354
232415120
1675013441
1920084659
623596560
2117561556
1562638024
2042894593
1420991851
645464857
1095608404
192968193
732160110
319432301
661006276
1302794529
1500294073
943913466
1689885441
1713527388
1975092098
1185330227
499226002
1267227072
1095644174
248765357
1040731812
694841614
4074392
237488778
577003570
1615127125
1719524591
2083945255
1695943807
977215801
1441147224
878156981
1131351077
51243777
383963886
497675879
13493618
1248339641
1126496039
1057875202
2060831151
899648880
1272090831
2075694685
1458305950
1712200340
1523319353
136310095
1227079009
522798087
1220585321
2116101912
1893845016
2882272
2146136315
308450852
664815675
1382576870
1701873037
1276227577
1650222309
510833443
1232399540
1128161163
1851149949
1869934255
1747533978
1362404164
1575801845
1696506822
874539118
1230336066
1786610031
1908376945
1953192789
1074781905
1683113713
1665083997
923986329
414948993
29730335
448955943
849907552
171291381
2061920304
535832910
1875332984
88110972
1594088805
165955926
1971164192
1724378033
1974182408
151359709
968432505
592136092
1153559831
839628843
1089333074
533518283
24995476
61400457
642857310
935928371
1110410771
2103891258
941724740
2127974767
987920497
2137573800
1771357903
531425758
653626944
266552345
371522853
1367000477
1040265803
205161587
1880480757
931223658
845899588
953733532
1982505426
505429164
1010159298
334334471
1923502745
1804404421
447624924
1147534214
1338959968
1100571159
1137356999
2005992431
2085392083
956855506
672804598
2097051882
735962366
1309969474
106081115
1900763351
1996113714
149295515
1101387139
1303101963
907747828
601670919
170215791
992195643
1938115543
1823228762
1721715906
360683495
1888184224
1550635265
1400706642
457019159
23220061
1709272918
843815716
1555598614
1824556272
1079261218
834135439
369506090
178368092
9044564
635958000
1008241867
262608455
544099716
2100894316
651450285
1219377040
691566485
361560761
1726833674
72765080
183187307
846065820
2138669310
105772033
1194287642
880022843
1749764171
576831173
1957361372
1987298251
1866838012
56946360
1125479269
1562290448
1140416689
741154312
258633823
836786195
838653771
1861876903
1119585479
1373595997
1267748079
1774326125
625111921
237773059
121530024
201164087
41197119
1380293897
407547471
1151857780
1912128192
1111395077
316592773
894585308
1417674484
32139079
973582105
691904595
312679487
983319141
649272559
362294741
1862608184
1025511302
1275038351
303379683
1142702211
1236761422
911105162
121175825
1361172069
402868543
1068111206
1104273322
1221262326
753023579
1429292454
825703765
663365534
1684962217
1314342164
1342678143
1849372023
1382194188
1072410998
356442672
960136183
995035837
570013761
1302144370
1258868544
1831410991
279979525
1668819481
79410835
635215350
1705197335
1697606301
1839005441
44622468
1608081154
144464600
1450766697
590506423
238248525
2079828451
1413285166
1062338883
820106477
181177553
1084740999
1724544402
1270344759
2008223773
652959101
2116929129
743261575
1772778099
2101508954
1281025554
872378364
1846314793
1268432452
270335804
1191459727
1446191139
1653832165
496321357
1457377776
570982445
221454873
1865957624
396465878
920376535
852750284
1715978704
211996619
1408416118
770231652
718418226
976360636
208716025
794528424
861964809
1866631135
139331590
1566922954
2023476609
1122359067
1815465881
2011336499
961741009
246415964
172367561
725792595
2003481507
1614015808
1674145211
1582686510
2120158889
283752347
237197004
777535354
1344367001
1827658752
994660952
2008877998
1161455830
238557690
2017490764
962179745
20555039
1389438117
708396782
1387415736
345757734
438180970
1828879787
357057980
1097897045
1038929415
866905779
1542228367
1479049725
159103811
1850893641
1513465936
102049208
1101065180
2116915009
425426590
927149914
643990552
1796796328
517541233
1501056868
796010225
468768882
72720163
1581094337
572267791
1161587890
1467364121
1308579852
5981555
1472048031
1800942065
376151814
904056261
1923121692
1553361483
2052595203
1359917754
992077060
1675187380
697872516
46925671
2108158941
840146860
189751422
296355532
576987764
1957430334
761197634
1634003824
1236823012
1190486583
399050207
693866342
1387826220
1098261607
1927323621
1904268562
541082272
111144147
56255828
1853478635
657955944
532187279
2002992584
1522131017
717112950
869608661
1543933429
1938631957
152496000
501807792
1380774892
1310945914
508265358
638045006
1067224817
1238052539
128181284
622740526
1023659149
2041496010
2099711113
562050027
1966587853
2038713783
75543252
2110666146
1898905167
1036082716
1925431906
584293851
123865052
285432106
144893529
538816152
970601361
360560583
1859656620
372052779
1264068296
1247741252
1989430149
1480762756
872076055
1111337113
1139797392
317225290
1643117675
1757246304
1853206932
1735930040
1524057986
1790901090
771764932
1409259666
1587597438
227129832
1480831337
1778683082
483411996
2122445942
1165808877
1170809982
1630378739
1713073266
685602439
1792091659
1426857842
1306122385
57701179
562676641
242306024
844112804
374179378
756326278
646182146
1731163657
454437619
794236933
1959597044
1150747975
265586654
1418648539
1425216546
1777708141
225796032
1724696163
146320108
1005472858
1849036069
886506547
1479029806
533722125
2071954325
1192459987
99916221
1481822455
1892112901
809210177
104382654
1282074291
1529863666
1589249140
568230031
1780584462
1002449994
783569629
1360404790
1149683444
1412257004
467678586
459759744
2095789130
743277558
1432778673
872743344
2092173512
678311063
489952120
1428939383
2117704945
1994812219
1195021764
225876465
1614928162
761132856
1547750108
1177460502
1086809732
610450949
1459925568
1103361571
1625204309
2047151390
697285449
766797740
1554608842
575927132
868108625
592133755
1332389713
246588563
320569255
381848974
216690833
991945514
928142924
1013907199
779904166
1520988765
1838478818
1472145891
1259889627
1784516713
544955351
938963070
1326923754
608729346
1492797124
1521706609
155463018
569634782
540240686
1146470191
672398236
2017776038
956296922
447726708
183702509
880455738
1127624024
1850299377
2025538426
1683059479
969655530
1657955826
2105690703
962396822
1611983369
258415497
1729246282
1641544255
427951061
2070893747
276592924
1597923885
1381797982
218287826
1784210513
1965912677
254038225
299551409
1851868670
1092705338
1800257085
1140472568
1916463773
634002681
1195558096
1196784150
375315324
1926256651
547801333
501385468
1529997089
335755601
251589468
1939526887
930967965
419979085
570410237
1813481004
1620708274
281464125
1709241189
1200707037
1304220937
31843714
490245493
1160571935
1559798408
1004104754
1325295375
480036622
1638133789
1377013909
444124485
1094821967
1223989109
1293287427
1509131134
1561496418
1791119796
2067464251
2017592886
297084011
159448820
1294962891
2083395798
307225993
1973663330
1345820256
806590713
280923701
1035575064
578096281
1930074788
1156726872
1303744396
730546056
740347251
90578839
1559328473
1981222779
121841558
2075227848
194939856
1016412631
379116224
2019583676
359876164
376417265
707825894
1163664360
143138473
806018420
721481542
374050189
2087982751
449589853
90006476
1517667093
1457129790
137520441
840972357
1003397769
1069007466
758708550
887812081
49760156
15196418
425702771
1895688779
1746591783
694648100
2127504770
88625251
212931799
1846581599
1060316448
1936804025
1917777123
1721391956
184840682
750482278
1053781645
1859127954
2132428093
985902709
2117880688
554687112
1853683525
423371315
1459665015
272792005
1821550736
2028246363
1292784255
480012807
903804065
186714431
1019067969
2006589809
1135520862
548380215
643024184
684192163
690526089
1428078539
926153801
637974802
1314668532
868522300
904524391
1461607022
940032744
974704879
307357283
630127996
1223535758
1450282393
1531577671
112334556
1270077590
21283377
1064644820
1063008372
442785239
1378795979
112741696
1968220667
1657372625
2032082042
507189265
2079836357
1425910091
1328333626
1624606134
652816540
2074635884
1102214122
972204141
1308273353
327259896
762605125
420617763
329574410
1909665860
1454403457
1748043428
1739521930
1741924471
102299378
1468236369
758232952
315682659
1910297049
1426569066
1545835844
793092604
2096885763
1855676872
1807660626
1326529460
2118811648
693954482
1278308228
1093423499
732124006
155252930
858437102
189911945
1961528002
400929883
2146651851
204887919
228690476
835475269
14993456
923167516
451753362
1027764864
1831811283
1459940897
1997501612
778283346
1929300113
1816294643
980746083
1606219635
1261568106
2022093351
1033400876
1329233757
1492247334
2107959693
236694037
992534638
1956433278
2090101255
1553492238
1798509995
513088981
1992691654
935936666
627432203
2007278907
1229967010
2093731591
1734450380
29744865
866600014
995961113
2013523173
1430516119
2042909390
1745989852
1173455278
591558210
1403306570
363403514
1267317703
266209783
1112140690
297777758
1491907805
590783704
1818847901
675164288
819778924
1238678268
1395251229
2080915026
1432679243
435823721
23366761
1384905035
894171093
1418710505
1308977555
1660043005
595529240
1568747618
1682025806
819032071
498817312
813076900
41864037
895710613
1742746224
603917508
1122127974
425725059
1702031284
509305358
1185139531
79452779
1660760450
876252984
1197064103
280021407
755939745
47788023
1603969207
864431375
1657522425
1947510256
1315623564
214642009
1712391603
2082670941
252753234
1270021148
592833047
1170268346
1493677814
8278209
664189524
717595011
2045472094
82816263
447677109
1143994454
2102638801
1189865569
950902358
1306187990
1018883684
596116710
1288389801
254563983
1000802868
669338480
2093785185
1932477589
577693943
2019340206
1673063851
2007539312
1007979339
1301970050
250486740
467253116
298671934
1785415803
1757122564
2092971014
418484871
605761861
2009871207
1438959918
1714122086
308830544
449403326
703186141
2061481054
992598663
197063353
1789550197
132649509
283872222
2129288508
115068655
1792576265
1658891312
482131137
1694576953
958985761
1739415597
1727649951
1772300780
1589346243
1537778993
1291616585
1264343162
727266320
1045923364
1263107819
460033676
618500360
302159836
1857685455
314364072
300556539
459717771
1940307567
1618615931
1931156479
2124558667
2107389951
1750401758
114693001
966713617
205654575
333048942
2112594815
1666908664
1581081039
322850185
895823188
1116797117
1660428555
658146475
469211408
1029670267
810911054
1319144566
1605640517
1454585728
696079852
2004907069
447751131
1699883593
537303628
483106818
1937571058
1804273898
954914873
109564230
141093172
1973967499
1120590203
868415061
44167104
677975835
1932393206
1251525452
1483986117
803177159
746914473
1136333356
335156105
171398002
2128182743
1678641856
1707008126
956570461
154314437
2013860763
1625306078
920190611
970511414
699238747
2020858826
638234384
666922565
855916490
872650423
144486524
1602579932
473090471
320484595
1887102096
41968126
626624779
1039844320
2051039161
2124283543
1904969631
1807400900
200049912
1908552331
22091498
1410878963
1007118939
2074068541
138819655
361070296
1960215792
1426948393
713412073
771856602
1516412284
2080495869
867340777
2138663471
825232429
528361168
1653528505
1451729684
2125086032
919758501
1899238247
210647110
1533246813
1405254848
320547613
608292149
1919552805
1194722321
927370655
702555608
1880325747
473670796
1979651054
778740151
767514531
1028190545
783591834
1734196613
926023795
1270861638
2075376519
1384029599
1497953853
1239573248
1182822940
930586636
1089030064
863930086
1892200439
2132604775
1277778323
28953060
855497469
441601158
248967981
1518794030
46623862
413821085
781881774
1416501938
144656646
419031010
572065145
1131424672
1695080833
1815475189
160716144
1945048658
1123293816
353895818
1185737743
212036753
1979514016
1159704301
738462474
147362254
676933126
296447618
346064811
1472754163
1701064885
1510050044
1846988701
802143860
450587718
960621220
1066742791
80983537
2080046459
1700401998
2065006426
1571975544
114052724
104073005
1830080515
1832303399
1159165846
1585007062
1783807481
1692953668
1065903896
291692567
1782105553
1806848975
2058932576
1731156565
262864388
2055644286
988801484
737666785
958599789
491449022
881386018
582839403
202803518
913607560
1007760234
145140695
248073780
1742654095
2052042220
1250454116
1187874875
730027931
495276469
1492165848
2039592060
1927177758
2052648561
1963837540
394136376
1407666765
201231316
1659565621
155331556
1587978344
1145805282
597314712
169087318
781384170
562620842
872823306
1891716622
654120074
150170713
1262671687
1150521473
167024736
1912388768
894978354
975794111
1026448843
2138861172
765406001
931430011
412433461
958605082
99090917
1169008853
105799579
815824397
1975956673
1634785129
203040676
2064426123
528158990
1808849997
169512277
138860126
772756239
234137345
321392972
119116178
1785051469
997114011
1056846471
773166944
1124998795
417337318
917007331
1848947683
81566664
1813440184
2142812973
1165315768
1750741656
1575703613
854634077
482329263
575176594
1027195654
1462106832
1434877578
1402041402
494722195
155949915
1756491147
119282108
447198534
1856533920
965289639
1646222014
1057046858
644123119
73950658
1168889248
2128744452
196454352
439765899
1581627263
2035634549
437562724
1722344873
8887501
733880625
688147832
277577473
937917913
163715969
2098355491
1482045535
383164154
1910126971
1474079482
847800363
630557604
1108014322
1090673785
2018951890
1060444522
1600435424
906679473
1784564490
1113419944
1443725878
1198203612
640485975
898900040
1320485573
1693644702
412192966
1557804743
1903410981
1007297522
1673674147
1083925865
1832299902
239575036
562909075
1275537941
1039664779
1326127069
1591917761
1930232066
1931895303
585237234
656986893
1045733475
582687345
195117601
1928110222
766196020
1688271210
540820879
1319052219
394183250
623651813
662879004
321930062
102779458
1417969378
1225639071
326668109
296112645
1946346276
1204139689
780322855
1466445518
1101216143
1569283520
1206268010
1982559272
1154180993
1470090603
1015194506
1614571301
1187558197
2143139334
51345239
1657436027
1283745638
763839377
1158554356
1946272337
1980809393
278364960
1574023363
796564587
1003430043
1530286544
1382806792
1656235231
1477479033
1912984217
2121371428
697228851
1194420141
621833393
1587917153
1550602713
659657634
985682441
331264421
2023274912
1676259423
1030327575
1821663524
883667569
10404530
137336678
2698469
562886116
30742013
3110908
488572421
175775148
1621321995
989292736
357110364
1017801852
719807064
192218665
824910718
2034868471
1734101910
178455592
1616378015
312660052
280303292
828337409
146752879
393496533
2044373439
2096326598
672957291
1971681093
814707587
1609926126
1339525496
