4900
2084121212
1706007914
1415597717
265553160
1776229306
555650584
814422075
1905526630
468774111
1559836104
1243450102
60076705
211548568
151400187
706218428
198322841
1519932832
1507873587
1774586754
1453054950
1952392956
2043166808
2144852380
798098537
930744165
1376396334
1830671802
1664353132
990146630
3723592
948848692
793801057
1721248510
1369381568
375305895
566755628
83741776
711489713
1712964033
36972307
874133154
220328967
1740278754
69372471
1773282258
173300691
536258346
615922707
1052555125
924368897
1610582852
1067432154
1360927123
1688745837
1160025303
343715831
1304631386
839379514
1222543966
651203636
456577724
873621366
569224081
401011644
652962417
1463763131
1129531118
1393596631
93240900
1235873478
907008091
567046504
1759784130
720960838
1588506392
2123186210
1673289123
1927708572
2009603121
1106056223
247731453
1984613521
650324184
255822134
1594035291
766149401
272618561
848547892
1627641393
1600706090
900913806
1935114081
297650032
316613022
769393162
871049935
947513882
951764297
1977610872
261735399
1930163946
1075989146
686723769
92521109
400054371
1598214048
1618931500
539956435
658519199
688307344
1464444916
1854723882
1076657964
550944416
625665864
208000291
1771115581
1483083111
188014448
1698615633
81844725
1118500448
1205588331
1306891584
1670114238
1246015984
1514445548
100125397
1136708404
1622113920
1595853971
735353565
1724488537
650642952
1754482763
713692862
92168915
2118060375
1131440004
711944207
493180277
1186878677
350005695
305973552
1798973228
1084226724
400091557
798115056
1706387010
171499703
33234210
721305442
764206306
1809283344
988453387
2092221972
767949928
699919038
440853814
742959048
294866566
1515086521
1271007272
1054299501
1125511323
1248377725
1230467083
1412991455
1484526805
1204316285
262689610
350403138
722832765
1039510155
1218879564
928337481
1310154303
1747782793
618099529
217686159
954685395
1986537163
2073433267
864798376
988330056
1654828063
249593783
960242082
887281392
1453112816
2002153479
920303106
507172281
1769703378
1228142751
477973544
173628323
667493610
1932566820
707876940
884299704
1198836501
743181708
1332390778
270322055
479477721
2108762927
1895819957
1878300076
1523029116
301524796
1587925046
541613539
1782589960
1932881194
234500949
597910801
378273275
1162800483
38787194
1405843518
543571413
1381689994
495716760
1284956537
1122903097
1790382249
1871115988
1446404617
130358373
718312153
1988091422
1986802828
1421160274
748753286
609614760
1716066095
1889580744
50989381
1633108598
1680367158
1419532973
425183336
781573134
935595427
2033472623
827649441
1993699649
1079639118
1862138950
1048014409
239155789
184221038
1958124608
1154491375
1446762125
960303902
1683000761
780526551
1941564880
1856612501
997170248
985996278
62429005
224449676
854963052
1026357765
981502761
1082827587
1281413507
1558387118
1602689450
760178968
1926972690
1586936359
551414787
556801085
1224683602
1155300726
1178766557
918009683
2070828422
913026406
1560196976
798925759
1937714124
568724289
183136544
765012864
207633080
49489171
1342236952
19526732
2016591500
2090349541
454631460
2012315809
1371379043
819298951
930306584
1779677957
1786343999
1437752246
1038898328
1080854412
1003969048
67141559
1573341316
1265393297
2109892508
473965393
2116006398
76934929
1132320730
1647146500
1781784574
984991765
589323820
396406717
1876512070
856493101
1393410324
1804183427
277594294
2009606846
1408220500
32502204
581448879
1580900957
751776621
771786259
25462858
1165544322
1913559785
793898587
808777528
671656628
1193721747
1604844515
468736391
1501743623
1176945750
1050674880
2015636729
723262654
924348700
751743794
2137613317
942794712
1149879767
1878540363
967507828
1175500299
1637668657
1177312857
1089432827
1884246161
1629418194
1571720303
1532342531
1295434322
1279789960
2075393952
569857613
1271947716
1524854242
1948258492
1367352750
1196614516
96648098
1351102996
1248634671
700937145
125579488
619212457
872442303
2044713319
1049964453
345075733
639964159
1444323334
1197085840
1912146990
864238400
693258786
1254380265
808868993
642123261
1399098143
1794103528
219306841
1058705780
299796982
1690352663
1857424006
1193026549
735259446
1903832319
1746870781
1249780748
1027629870
707245229
866403629
1524947304
2096664723
702134079
854704733
1165882541
2047139400
1792426369
671602606
973725547
328838594
1577000126
1659077257
1965479290
1490422220
47065761
194696514
424592322
195501991
1365838335
14013823
2132341232
877183597
393020131
1991041484
1718645098
150729897
2067020464
437625123
395335345
1739356898
812986522
2032629885
733395165
1029600756
71139732
1352698034
1654618551
2036139108
1164506339
590624038
452450044
272821839
836096103
659305117
958120328
488003057
2008511567
604314619
9305709
1557164829
92815409
1179619779
565972618
315249855
1379647047
1262411886
2126438119
1520937831
2054297839
346959263
1860780446
108567493
109958557
1501900571
303377694
1709938868
1756158446
587557102
297845989
898123029
1084602339
749269980
2133600890
2064408220
927613360
71027488
1388909604
1042526146
1230005798
1945674583
1785540180
1523845781
627201397
1351763904
1087914909
487999984
1341582439
959611355
2050960534
1798659212
313747933
798459426
1185712332
2125223691
1412917717
714664928
69746283
157060669
1347693203
1702701612
2008466095
655669555
1204820108
849911486
1700866598
562174921
569877172
5184398
1150746892
1455732873
559699521
166788764
1197140809
16747358
943932409
1636617794
1741360363
794676006
946056005
260989130
817248864
1998992642
213315453
10783321
2064576648
1033198990
1664799576
1422283378
1663898890
2035813278
665255302
1657844664
1173323501
1822333458
1865860388
1749409997
653149740
518152989
2026390922
1691816716
1980685455
1201025335
733067966
226615554
1139469750
1763359345
181282269
321526937
295372565
225452499
1617049865
750336202
160827545
1815970381
2056948735
1827420365
343301342
1005027500
662968410
1746478483
1704327458
227468725
981466366
240454789
1217537474
1441808574
1146325927
1652786504
703073935
725455235
1242930258
1593360490
167451345
1244330748
777660836
1685527969
1123421556
579304688
723334458
7424414
1192750556
2111485637
705557452
731505828
1042134877
1218490713
2080063925
1508487408
765055460
551334232
1732402882
1365592218
556421822
182194674
1077998332
1024154550
345965431
253896227
1038834247
1433696122
859845528
177611855
2143828297
1087198009
1418153921
606869227
1102207301
2012522422
2008695491
694278200
81906771
245730487
1559928185
84480808
81615307
817323964
997820053
435638065
571814532
2124165612
2040624115
89456847
50851053
795262542
891726328
711238988
133351856
2126571626
1443857433
1807410136
1278099217
1901838902
1491436837
469809285
1400360579
1652693557
1902129073
2054727200
680140727
429298201
536520168
2107633935
495215910
1449540818
1376063973
1080352802
230820127
1465435394
618845851
478873859
1944297635
1420237477
1783006920
1459003441
1575627022
1205971507
341616337
1085789437
1147505441
388962768
1039545257
1372533376
148334687
1607241910
333706162
147065686
1653288468
595100821
2043907744
1145432565
1212445383
143724563
1579118290
1513229492
1883544050
751751502
1294100385
1635116803
1330167718
1051021225
1975527277
2053614566
306245168
695331473
1978887909
1531830415
1705089247
482496310
1867714982
82769377
2018533795
387675906
278838887
1159850942
122495981
1623862824
1921289969
326695380
1649953334
191242653
1525702907
1581204312
1089956097
382760138
861271474
203591788
1784226999
1284956426
998693522
1224872119
565795821
918837983
1136990540
712713516
2080808271
1330135179
2112073798
1391276845
984212245
557650024
1046860446
2009955714
40998704
360163116
1403908202
306448420
1153491002
132646337
1785562949
120226073
1950627016
192192580
1269217913
1034302284
629946482
1847145290
431010443
1773535529
118480775
523379525
248497845
1110271552
725015487
234709400
554855480
1874166227
1915572245
1853479844
1413738228
1015884000
2019675451
250507547
1810231691
1793130698
1236178406
142700891
474068425
431268156
944712496
426353294
1254239473
1182121527
434315324
1600245715
1659359053
1131567926
1407137566
1965547253
1044856245
1770718252
200131771
636514066
455321709
1570378009
2145344869
2111307544
508952701
2015948527
2079115448
1987746653
1649536806
942437127
489373149
1526404136
507090629
664876253
154396699
1055046795
2098272982
989917157
52409105
123907969
1313009622
2057956996
1226333834
245342010
1304818643
795966441
1826609946
1422994050
1532382984
1505386131
1691283027
52280239
357702568
1820875236
1642864363
943451758
1827329507
472496559
182184225
788692585
1853658342
170910417
311114448
1261419781
570165860
915402458
1016412068
2026999848
344738687
1608797552
1082475983
248969234
1299013657
1659399903
540434895
225713600
630496273
862418626
1823521418
488761666
845135588
922154322
537302655
589438986
821288125
469150297
567377541
345049804
553192683
1030639399
1058059192
1764598836
42198149
1048733994
1430907466
723603128
1948103842
1180246982
736972506
556798774
989631451
661140167
1981665711
1960470293
278670807
1128578253
975092781
2115598985
1711823858
640568554
1657244589
176098918
642418034
598592941
176101157
94491488
1586153340
801213189
509540933
1558138700
328590733
1177500784
1262504544
1352420258
1905852903
1807030096
1033015936
558681140
1812209004
854780128
402528179
648842451
1352949807
822360408
603088077
1672546260
1109862735
1944351977
576856000
299762841
56027132
1456873309
1242375311
1791339799
1971501756
2133200097
1809443487
647834877
698472516
1573102986
1692348506
988731141
1692647396
1212624581
2027876213
1553126425
2122199375
371138132
1729337737
607606952
95022352
750613337
105946195
1960928245
736050296
129898996
1956064584
1743717709
8602252
270488793
1767923366
172239647
542577652
2143629117
16612191
577435732
337221277
480311253
1653582617
126919586
921512762
1224065710
1899486896
1164434746
506600482
1012069196
1279263989
1629076594
564582142
855494486
958301582
260978537
1270803322
2141394964
760547070
225779689
658625787
759803369
223050052
228108992
274893252
1168062756
1483238185
1512209682
1688261640
1507319210
1640474161
1369195311
635793800
444199880
1611666036
1486147287
1651113048
479120298
235529149
754105530
1948097092
1624340227
1219890417
1075684347
1868002977
1268030332
247987389
1497811786
1640497406
2050509943
8561070
1094346731
1337587132
1160310346
2115614427
490890075
785657606
1132470144
1171806038
1724099055
1923955817
1333832641
2054019855
425656575
413254533
1497794004
1155660565
1098802503
2105452463
1193527718
1422998864
156758245
682621629
960743229
1420994945
982469037
499496177
1078793153
2131215591
1723766689
775894428
1960551799
1551357624
156238559
850299586
1607201824
1375171604
2033236473
56918646
1232086197
155014420
1762033786
2113306998
1340619468
1692758048
11584687
1578050771
318133017
482565853
1258176122
756722054
1439163840
1308953044
1184896217
226499891
760025280
1038523662
1636011237
725112195
735504822
1155056779
31145863
615756152
2027280467
1394225145
4249598
1277141150
1706096862
1055219494
444094950
842855424
1456440855
259241682
1853747187
18347735
1108167595
1060559780
2041004441
1175670091
301146272
2060015621
1740722499
1742118411
1865181489
825722638
842261418
634520095
1204986123
1566689648
659778698
606551231
1715989987
1197015447
1848280588
803847315
125417978
397825957
2065952376
348545758
579097892
1980712532
773721725
239342635
2043715710
247918185
2056325000
334369032
400867250
1134408668
110119572
2027492690
138466236
1971331275
496022800
336871752
1858124999
1161171816
670840928
1756809595
370926859
1538470117
280758260
156987075
675025400
1105830443
503467599
1006288758
21249967
186652641
1119644983
808787424
1883275871
334239600
1379320390
1799197402
1050145103
1527877178
1201337976
1639343087
24745963
11054699
2131874542
284194003
110981473
1124799287
1316069598
1176399709
533883418
1613311240
1602358902
590132080
653421004
352908680
100572670
1443827647
1307928224
206498924
127966109
1618297300
754744960
1741839078
1822006151
989281788
38672836
811458809
1929871627
267010095
1046222178
1507674176
671812500
1060086746
1074591097
827957706
1967779250
1433306168
329326286
1967434102
566586242
508109895
413997522
129266122
1494122643
2050957361
700570785
491805070
1140887015
638411701
981212480
47203985
441159894
712829925
1590930335
235875025
1412882610
951144198
1352914011
248631478
1210414455
1210584154
1317390939
377679520
126137877
1622779092
422975858
893748263
988728855
336427838
1658724632
1440644476
225021065
1192328303
901420402
823566336
1791674900
220630972
767036072
1683341043
1835751117
2077413051
1522435833
240662154
1399943456
116032992
1065688135
1879028105
874234745
574684449
585534246
1851798755
1905650403
387057485
1339026599
1984590727
201295147
812997349
1778541839
682912638
107923239
458011224
738254118
1652640131
2128059149
322810840
883082699
558470597
1843414578
929604167
14999803
2045028297
1003263996
648860913
1219564761
1284793018
1942527936
1282144284
863389053
500447626
1593568054
333255863
998848358
2045541307
888032329
153117027
493320731
210430226
1457989633
1147460175
1511348568
482446824
940592173
1418764621
569366629
1760356287
608521713
1006446181
1869329465
1830965574
194539460
1928861676
794455173
1911010929
1354108991
1222253198
242112460
1477808372
1416601557
1705265699
1641462827
1910779030
416751343
456491421
585953831
1480930131
1517561079
642280116
470519587
248152372
1715170724
1955288891
784897887
1870348679
1058140167
2118312122
166443002
1125667410
1438940249
1057509524
932809123
426831978
712827435
1515507918
575462057
1753787607
652058398
2108318634
156696894
812623774
1544361026
457942175
1539323321
1557009676
270091750
630411256
310441150
1547962803
708648954
68981560
1764583830
1759415886
363873612
286074287
1045160031
1141046441
516580866
99756119
1924088005
860988203
509812122
1556139608
1364102982
1528869255
2071418988
1252773130
1597143140
642804992
591217497
530486398
1831985722
1113173150
334479517
2119126934
1666615052
1368890615
1991927605
234400785
2145556447
1424870667
156174398
2011982634
705717750
1896579694
1070448118
944748994
46470541
447567167
331907420
41046118
193943588
1616778380
1699432584
911301566
241905261
2002252475
653372846
636955828
1726198496
1682372984
1177754684
780710164
1733028800
265143861
1563330441
1911665397
1390912914
1372425828
996059608
1262543307
1207784720
2106747759
918538536
1759814327
2062156235
1009053581
2131756743
1293526951
1299199993
153223531
1492333779
1308381451
463143682
1905918137
920859791
198038775
162394117
1134047768
435543320
891170838
884676428
806581260
2090952906
1437326687
1637363504
2015967892
1170762866
1441421044
604743218
430166923
1651922164
1044405639
2049623370
233632549
685075915
1110378962
2114050586
296585216
252145389
213033875
431974558
310105971
212440023
1078870640
414934698
1259921776
770521266
441660980
30637351
1172180415
1934492071
706033436
1572164283
1880891109
286165056
299654618
1708121455
541880235
2110034520
1350951853
381992491
1813345941
2136854476
535079786
1129488829
1782813227
170271019
85102805
181513167
2146901450
1299735948
1157857645
8054955
526961975
904057185
147545226
1590937644
1774539043
2091371543
438803357
1421254430
1958822821
279205537
1107149319
1334915596
128343099
1019541964
2006947371
546457512
2059070411
1817328766
952508761
2023703152
2131009936
1300078949
257193809
2030748519
1938265817
1454911075
2064861091
2099598400
272802590
1534818780
716584339
1256266082
373946646
1766736032
681310118
115444925
1602292193
367887831
1557807383
443563744
395620899
1000552208
122056932
804233950
452374006
1492343905
424413948
75816728
1874547945
1692978622
545388532
198289497
123379339
1768583423
1074761061
1152852864
2004184794
421658850
135421627
607834256
450898458
1587370657
1331024881
633764822
324243730
242439391
214797286
1578907945
1866786247
1985289456
191070965
1618437535
1183209342
1997872683
868942828
1534308832
1936766583
801927018
220815363
225653963
628584750
2087176558
2122674083
240944334
1697109970
704972173
1208932867
1856625444
1085581492
1202332531
476980648
1373781465
995026106
1644091254
929992917
1958064404
1085074249
1154588918
1215476063
2098557668
1228988146
223439057
71621956
79772827
180310384
1812244228
854874934
81955997
62339022
1839665596
328227247
594475470
1746675429
2117522083
2024911061
1630178598
1875105635
429540927
233072959
1229136785
1190654584
1097285967
1193413924
161339650
1683825964
1467277081
279822398
1158642264
1318092230
1761663020
1858281502
2128150290
1727795101
1179738201
1504242769
820055196
511958593
1994165434
1138259616
1950580695
197923844
840843876
1560992741
502267775
838433766
23440551
1310524206
1328584265
1642940277
251869802
1457219350
1007769022
2132613656
1801463198
1743168762
1338113945
340286891
950567106
134338135
1630189696
191618796
969985432
222015551
1477231263
125088144
836770479
1870883819
1965571860
1297308760
1418177145
995784400
1711274179
1563446605
1093738725
1886644982
1727280815
1403164332
499923526
1630719800
1955435927
1709830684
1724188864
1964515209
1861282506
1263341004
1839971178
22125914
412429916
685580355
1211558818
1069180728
57961747
469746867
493450315
1170102812
1309721308
1262493504
1321520882
967915631
63331604
1946700139
1871772449
1716165487
168002745
1057228225
1415769144
823634642
1042264228
1007533295
1093304057
1641258187
1168809982
1101447524
1546713291
364379935
355236840
186375123
277941787
720750148
1466958493
1402412829
1926328044
1705518871
697284807
1400898854
107667300
145896821
236922025
1890243284
1931662436
437800442
199823242
553141214
1296276049
193348826
584831126
1915125659
198902589
80961414
467443338
1622431023
608738665
393548862
911927951
584564609
42234262
787583365
1486668337
1269346819
967264341
595791922
769472833
767634519
1348303264
1765599733
125164819
733189782
2030912078
1864596176
1684811132
802711097
1436131851
1590151275
886841302
1410599298
449495742
236450574
1155049863
1431706784
2139415871
439709061
880497022
1169351999
1612110139
1262615909
16501414
186128062
1577646572
238322477
1690867405
398319334
150320549
48663253
985247697
1821719069
1158978274
1370203165
446053095
1561628409
809562051
887325170
323371521
920884111
912576260
1612178473
959018777
1594325223
1515310992
794248774
892075223
693133171
1882206598
1318934744
458373790
636031862
583898447
1379549367
227849554
1544163576
489961794
105488411
302314196
1743835217
370393328
208299690
156525319
895244877
1118077435
872966497
1559647087
384836732
1657690902
1386791759
1245046764
1174287633
679219866
1053424968
565780013
1700368358
807681065
1896414906
1762252647
1962011081
414230271
878429554
98429655
991536596
84759737
928179736
2029469572
58136642
1908930269
1030935659
815066972
851580022
1296627055
550892424
546205779
294567751
693042591
1231580715
408012765
1468443946
678827880
942593741
1025360876
1804682483
2058568620
1109954502
552681068
2089577637
1338876785
394198093
617113231
156663313
519972095
953317232
786502535
638222947
2130623116
93722029
1004478095
1198503693
166861133
462105658
1942603157
482171239
1823276624
1351459269
838538422
49527644
1225391483
620889744
1496996116
1680580429
2131810241
643200174
1532664656
1616698683
1088051601
1445410819
232136954
1815956822
154779790
1270366007
989853509
637074994
626305631
1788105504
1501857187
1990504323
2104658474
843257780
1913792389
845911901
694986787
1478939605
2099433093
1218014551
558343839
229835129
1761586456
935444528
44011563
172795557
37218443
1634046188
1873768282
692417788
652432128
60307399
2094885671
696431080
2133470904
239374342
1976856252
1568729001
1806366413
1020488802
2069124684
1602575508
1953968767
1410618182
385984155
653153361
1098928005
527008513
1654508155
682825494
124617617
1196965494
1144052054
2118435497
1509144306
1589534780
147711288
1663099526
2129164036
185481303
1404752193
847695810
728297627
1997647647
1743040498
1809897908
109965569
1322627817
1168746749
630338984
1665528374
1451158239
1864460315
989509615
1561209642
1156101029
1630343881
1805734770
1633921959
1712284823
1874315079
244736574
837123462
677829306
934322650
1849603462
289460021
459165050
1097288580
1440247363
387982879
208825172
974393523
1395301711
360093886
1531886955
1534361270
737192785
195039463
1285510205
746949242
129141113
1508873874
374586221
1048854204
1406839118
1113890980
389297899
1702752816
1895480678
1096839425
650790390
735643074
1162887524
1800697273
700280906
1683958557
1639565886
1115861727
434461207
1181889105
2070814254
1644770912
2020745276
1815371954
367400379
1771147442
732691565
1519210149
1435124494
1193105320
418066861
1863601732
349528817
1384689925
1586053276
671701313
2059179176
679207977
1756128000
916817797
2051955289
1352987901
921588000
741084431
1352229060
2100446500
134171994
1447346243
1191973069
396836732
1132886070
122235070
899540569
1497631059
1637903615
323818575
2033422612
1532575106
981280365
986429163
1338957065
1577102905
398338518
268586890
1295737491
2043948751
341179424
471947019
1611202147
190539515
1321852448
631060052
667226647
1695132747
752275612
2030535738
713264246
918873352
1855643655
2046413975
1223211364
537817508
310622703
163241378
621075097
201793544
308512805
2103942861
158500704
1151804600
1294800291
1837657803
994628983
480452004
2146974368
488376706
43141200
630660333
68128897
239138617
437881446
573618647
518549176
382108027
545058071
1110518866
201731643
1728983660
295284852
943746655
132757093
2043075334
1082135588
1605002986
105795932
1261052050
1061236590
1916738457
1695860580
42308417
453480718
1018096356
1482540082
1761103165
1342941243
1373359948
2071233081
476976982
1511322669
1941481614
1699397536
1711347844
1264123126
1114607157
1449589322
1997212690
1554584402
1084762664
289797150
273612504
1996478745
1575426711
760250020
985962206
1201639767
2115984464
933662896
1101914197
85080282
1605287139
1008771328
163620064
612132333
1327388041
1544047617
827083095
1540616582
1243614263
1730756279
426062841
1856726653
157425351
2130406306
272546438
1751333415
1660007691
583501724
1358731587
263310589
352680661
516344941
1835331736
210973250
1260995180
928974577
2046544630
1792131291
367242918
213641713
2100374580
1484286680
386852218
438741824
778741420
950001234
1396525496
1604118373
30505566
1613196724
1789082976
860343843
1374567015
319471411
1914629334
1804900055
809171991
505759233
1058480026
164576301
32836725
844399147
923407260
1212186959
244788924
1930037331
365256529
1844460846
159736488
2071876298
593484678
223145854
1754477374
1926584738
2100205095
1511627775
86871005
547746387
1661848646
237170799
370218845
1349843075
1819733014
1667018444
60171817
869613191
519872426
2099798813
1891310706
1476216056
434495171
832986801
255223891
751024893
1757481331
2131885323
1962475590
135513899
283642430
407515074
766142781
34215832
336494537
1455903512
717702282
2064365947
1813180508
123685310
19621749
373799399
1919681211
1918427456
317749099
1882492574
933937531
779058887
1487540735
1505379489
95085714
1099436731
1965587107
1708817072
556409829
1224234233
453693522
549920628
1570738612
1583434135
193580175
1417214780
944503850
759041213
436472158
1341587204
1973180565
812115741
670355304
1000300066
639055064
1441835545
2032037015
501443951
103690745
1389646830
265359790
1359432578
1584170609
1059257388
1968650622
1268142509
1604028561
644089768
1789957613
1113410435
1888894979
252945695
2045020001
1406892010
27590953
389779686
1079319222
440094765
995757706
591929882
245075601
839129455
1158169343
1062903228
580346586
2027240521
1762444522
981062540
1282993782
10249411
189054773
773980833
1068531019
1893166012
942154863
332727557
617281320
1351812492
153254095
1030472767
962923829
2029468616
887268432
2081027417
1736306884
961719388
1618660681
2092244322
1033015728
45453953
675887699
1622138391
353002417
1112381178
1573076042
1524271297
2090773998
1725130624
559620528
578419772
679829556
1719343179
1306144630
1457899399
977826149
2012760926
480748631
2126419872
642958991
306651296
9814630
544074359
1432068054
738914134
1861083618
147852255
1543081901
477349105
747932444
805919029
1120270509
1824239175
926849166
1269288612
1570378792
1517078408
147874196
5364414
411992011
1069618265
1025502297
1281587683
1837520091
277684228
275982331
804953260
1697563961
390489676
1060319070
1175704079
444351145
517374704
91067020
1970814080
802041049
990653015
1457302005
392023683
16910054
1788537295
1716514723
1824181834
501167855
1522184123
896361104
2054005320
1013205710
630725522
736423916
1736041821
1520355252
2045155004
525264322
1069269813
869695388
855979037
1125019078
143825971
2096459685
105339132
699469464
1680077379
271918789
185740445
1466185304
318217329
1211806553
144691451
1597623626
2060338089
1189747170
492397336
588566568
1957897926
1146770279
14205592
272036180
57288389
1181930228
1388520180
411583599
914037507
1239127214
499999399
852619143
1698393589
1896395660
1868246162
1514464824
408354881
1045071840
558489404
1472572195
1736005277
837504449
882392505
362158806
1138232434
1568887406
1622927194
1477852534
528454011
432843704
1150654668
1953833376
476261603
207582555
1930769232
4898312
1834044010
249534389
1723764185
2066996263
1443696108
1363482066
1012927592
497617509
1055797286
1023927255
1852572061
1181324808
461906665
790119753
663082367
1911787053
1928953091
313307899
603190860
1034014004
732212922
1057900896
2127008151
841550683
1395850720
917290843
816517945
1867315521
1994574507
98755535
1936223731
1422287319
1061296933
66364399
777530448
1785943166
1704357855
552573500
84559922
336222086
1079173209
926360492
446286682
178889424
253591141
128253614
423376783
683368688
1577386966
457666902
247314138
1254619792
1252508972
1038481184
867898359
1643079711
757919530
546666502
1015708233
1390578747
571542125
1942291966
1608777360
1582667172
820430702
1816929064
1350233767
369388077
1330451295
790860051
2077813254
1266817072
1182495818
194094590
2045493738
1949061462
216378577
1001597780
903291310
800844894
1956096249
392807443
2042298137
1963683863
571126273
1037621994
742380106
1657578742
374664061
901388492
937006659
1342582681
850662885
1693606611
1087541609
2052207336
2056559901
66084950
5170427
368507577
2086005318
1501399429
1335485975
236105056
808256091
399162886
674119017
1899169446
1202087986
597779015
436850742
1490164120
1466452636
1656882764
2063495018
273750746
2012608405
1721340917
1456492793
1512714957
1901435047
1687553264
1897090923
1882347628
1083783101
1837343119
1993863822
1038365337
1164708431
964413036
1331248983
1506607899
686098157
638464675
1341935686
1834260551
369082470
812506862
1897051648
137971789
658279079
1166695089
2112921322
1329132004
2080958190
907981570
470271961
192940002
1001469865
1960763678
1775776738
1519887134
1656536382
17612642
1604824466
481008608
313842063
2145225080
152112636
1092726231
997760326
188276923
530337241
932880455
1482529588
611998632
61889810
362183194
578749637
100572103
172999628
1863629568
79433375
1046801374
321980972
1923718740
1292278811
344876477
1541662822
262235283
163787957
730046890
164904817
1189783218
958086885
965340007
1847318789
1168158513
1799521738
1708196200
322170884
170843528
936444959
71457391
901218437
455479170
1769077083
1864037288
1585930339
1090327516
172574102
706258881
1841372923
1108681774
110103987
1260653697
52014610
1383819247
1779017773
1484773678
1363988827
1056996820
1343344795
1688655010
259151750
1432293055
1965368374
740379693
1680480719
692742002
1944381039
1505431759
1404028094
408820561
381095140
1503854202
1795647440
1426566657
1245942652
1276971432
395562578
1252214427
607131856
881841651
1401397129
1529112782
479904369
1909904423
214058645
1220786150
133523769
1625417895
1825153733
340443359
302124407
1120639331
1840349290
850840699
1909560061
464438429
1893849143
990624178
1237697951
1067769495
1506596901
256892867
632792527
662026247
2143662989
164231368
1283652527
1856097495
524892990
1639584659
559428793
143661409
1277771182
1223069157
475367115
1254652369
1126936568
896931661
1896373613
1581485856
1523490034
1638906550
1285033362
33107663
939646501
1163522287
746246515
1156995070
1422367792
714193684
699796901
2120462797
1405916787
34784360
868932849
1308988017
220804066
1091144987
428860472
1474202719
899439296
1554553841
1700360013
968721782
2058424707
1708767434
2096157927
1772115054
1801447004
1501835134
620503801
1072949256
98377632
1879120011
2056721125
1759179811
1214559445
276213109
754861504
1405364572
737480168
183738566
1011730559
2025386425
2097777609
1581482583
1098113119
1861072999
394647846
345319407
1184440087
1480374087
539165117
741089450
2120138431
290737404
1859080999
259403410
863258345
1719786350
2056390051
1375586601
421885922
1092759096
950250313
1037215678
950108101
1507879043
93087934
924930777
232551952
2014084055
1480127883
433242079
34349137
645014907
739730535
1999434363
1356922447
171537811
1080865609
2139989606
146579023
813292757
3416986
1853358866
1028012375
860406590
519658194
2102285380
786339561
120366506
876497519
858836450
412367479
368950513
1612570597
1587172598
156816940
73214750
1224506837
527716943
609814592
453751452
188168994
645565844
1601658683
1300821003
14871613
820514288
1443603695
998519982
416019071
1300628919
153580635
1388817412
1225250023
576046109
1841370360
1667717977
42573959
942583586
1950719794
136079999
1749684334
1137264283
1144219778
953552674
1840545187
2043686290
964540470
900266719
1697224792
900742461
1218101953
879120577
1888020223
419471040
1228730148
1531126990
852627312
1266413048
1188586035
387547387
319743704
698573558
1496699657
1139536947
1440172423
2051343592
779331546
1786030188
1272953980
826139683
1526094222
94961873
1361302488
1475435597
854138982
1463468087
1499292858
1779326640
1678764037
1245689582
1268350026
1331414115
1036749757
1061747060
2010915091
426027203
273767066
1565695617
2128861731
1308478389
1261888578
655689058
356384893
1304230730
110300293
476095532
536663491
1335592650
1763010586
458055059
1115711165
2031925381
1754587240
86401010
300101856
1282496576
834052188
1595640588
1136366840
2083599728
376326082
1054957200
1392709118
778287417
976775393
1334341570
1058287977
1454407872
1309690733
452290749
902854792
296812578
222427472
142773604
723439478
1367092167
1331270425
695454524
353627587
900016816
1787882468
2013679083
1026914140
386273640
1295805906
503619314
1416160160
567255997
601376295
736643854
943664858
1316429542
343333296
1639059662
493768997
607849629
259096790
1187092213
476676201
1847073744
1885113285
1310042712
1781085878
1831273660
694128534
679347201
1481901080
427585944
1983051986
778541177
219751826
751038936
455338326
1997302914
1009641099
2146366403
2141150163
1123022041
125749320
930137962
48599102
1404107547
256209457
1335928913
1017560998
593104109
508848736
1425723305
1919555931
695824913
1216976355
1914277609
1707083239
2087299668
1048084686
2136961587
1046525156
559117405
175992412
1718315458
913829804
1167219485
1619669324
1972370720
1451177587
1749339301
589155480
765887735
2032608413
720419014
1022876362
649555182
2129730672
340112985
1882767180
1578139326
205143025
136688071
1086299560
444740533
1670944945
339551259
683088458
295505761
1770767354
1888735248
1398924031
451412450
497129385
933169495
727187032
69783970
1481656801
1635680767
512091406
66555448
1676069247
2049745278
324952411
1442187758
303325775
1519084057
667957121
1042570557
1051240741
1616295905
1940952648
116092718
1129099446
958758570
762007276
127306162
924222718
1354887243
954848645
1595208265
1878519778
1396875946
1438779708
1358728392
455706091
2003635805
1390265422
417760801
1691548079
1846189221
1659647215
308217234
240236702
1593392631
1712192767
1103161340
2107559699
1289783204
978131567
477528359
1064637538
211049220
1704040266
1698195173
687382537
894309065
820249221
184763105
1019249740
184891842
367964122
933080223
843305971
1683015965
751746996
480709719
2110451112
1901719125
426111057
340296830
2049315095
294214113
1283339558
1421927630
1552562652
297276713
1177556928
1143251995
1712669912
1020059843
1679613835
1808458296
1436179560
483334862
657293922
553677606
1870113761
580398346
1101487212
851046465
139877570
644645801
663204153
1243468729
1523964438
1407519380
1211560621
769628477
256073026
397554844
163893887
1048897973
1067368968
232884506
318642678
1271778526
1766695716
997112424
1791838663
1368974157
687717856
235488380
1886847833
1018997081
1280810759
823628340
828585908
242139344
943888061
1059105985
641999096
250757939
1503327400
853897500
1787560399
1046879332
1364954292
999444028
239250967
1420586175
1281065634
999459844
862706431
1736700698
2044813077
1101928763
1028601660
940342999
1533831954
943382727
1897089844
923757296
859133053
1447733703
71049607
25501628
637999784
316570762
918468427
1827708164
942752359
1917358326
997864454
894045334
611602938
33932565
1527245250
2085706785
652842410
930585407
1777540657
205643833
889662494
705150978
1552521670
905969037
1057053206
1230903626
2006319375
754572234
2112497498
1014127449
1450505196
1897144336
2098217601
107096067
1008072329
689679978
2084449646
1645524222
1704534418
1180005661
2073735461
2111109323
1515887046
1675967901
957061845
1546347238
2120012116
316966904
572243804
526391435
2032307984
639790237
1015367564
1764670362
1412022087
379946564
1252082947
1079294085
156765121
1143530759
2015202895
432217402
315243602
585959335
645521956
861730377
1788305010
1515577001
2146260280
1649096293
1245230679
1844368865
1249183002
1326392179
1583838869
1150150467
200086880
1436306875
224477331
1064219902
1798632323
1608715645
1520725235
356428527
1501553457
357861855
1683299172
1261644437
1913836137
571033128
1805388646
1885518726
634418679
609433987
1383087174
767182594
856993212
2141481904
1985762597
1325881749
427831377
1741888511
1357960659
531655875
745898073
1877241834
1270091320
1339308799
505948099
1134995582
1048633188
346626076
1480539309
1938022682
476398513
1494570128
908864817
1578522031
1680973394
429500268
947311641
1260859711
2131350577
1892065463
257938591
937485193
1349069874
1737892719
1717190397
605945686
1479145228
1327622159
687701204
1692246323
1749155868
1062209227
221283577
403070327
352634088
1345227189
91183106
1371584070
802977355
1104610981
1496040660
2077366852
1233829804
148062791
6976447
595684002
1780635704
454810083
48053288
447613178
1644845571
1676277051
31178786
1558343200
1350329328
1924465048
1069240384
424364078
957251621
1272279952
1713838302
379330732
1123669348
929403145
3773756
1577749273
32448283
85542014
339233897
917035636
1902767398
2045113802
66246139
2055823524
412331239
2121493919
1508254914
858993588
501709031
728678187
1818565904
856783946
1726460245
2063088261
1193766605
229002373
961960907
881157880
381664206
1617558939
813780105
447743207
1620705949
1382028794
978523602
2022381769
625169168
143308795
888782943
1714879642
568052495
159750158
789859386
2056092296
1085528649
716274425
964163496
568258431
1748356767
628702153
717115651
2010739829
979150976
1532582543
703401442
1288901029
2115581657
460526094
1319676923
1825568873
1462139801
1821636239
579000452
1354614132
535713806
1924864967
1343594899
410831608
742359210
2135212838
1371303288
108028692
1924512247
923111942
2061220683
862931490
366304283
2042515555
1137224642
1410138361
83566402
1517366853
1367429196
777336519
1885417709
4297405
1200014393
1228028887
312118844
866611599
189402222
1826061136
1560652253
736045655
1035780115
1034485310
1675057018
1688137096
1354135689
288945316
2038366287
1547348977
1124076007
387205377
1078271811
377457615
922059540
221723042
337970481
548399148
1154479522
2049112913
235070744
388552253
449316638
1286431578
75442259
1431974871
845301784
1271110142
1439173387
81411671
458642740
1853412529
1894416510
813543397
430030628
114956383
71524075
1417504348
360168199
538968886
1775358952
483561793
551459384
184000433
1632379170
521300077
535563053
1354448421
1660395499
1563584833
1840324940
680810366
1432686030
1119755905
688334178
262108954
861020337
371682643
697183694
1330326852
907109259
66743163
1984855742
189467056
1677285826
2044575345
1955443272
1654103293
1903946870
2070446414
1720232239
1158972291
916921812
1928770174
920863321
1502967810
300942806
1019554525
1992219635
773549263
1816729197
1253972745
1636342492
1849863866
832874462
1132401342
716208960
33230678
1948568672
1732349431
1318725993
1086527236
391736793
1366232045
423141593
1405042515
1275965436
1573498131
300258631
1931883798
1413848670
204626283
2099618529
1637556976
2049777645
909471380
707413659
1647248192
1540961072
1168569912
1258462566
1675754176
685535911
1538745458
596373066
1067301438
768598291
2081021371
1817377024
734128434
219217281
1467286829
1538723621
1920702521
1259741159
1043813143
1623192534
104905432
1608129777
294122224
943162488
1105766918
1308635826
1082993133
632826025
2012917402
1399929970
1960920201
1065421524
1860932262
508768135
250547648
1694570486
102972701
207347428
1921961106
623495169
29577981
1503659980
1751960194
180006579
1632100772
1193256472
14836188
2044121866
792400379
678465540
1896518654
55889853
1716838721
1929927422
1392191269
1331346349
1518331094
1489405821
103501284
32954969
173806402
713029010
623956951
1099305814
1475909391
913088740
572314813
1339634517
1704831249
293119308
450951849
1948906516
899641865
966363730
1531331700
1158728821
844297724
1114167383
1243501405
919374126
1834878300
1147466840
729301390
726445247
867907549
307840007
834797801
512726909
99282592
1200528116
1272922257
1795520524
434789993
344255848
1985927985
113837117
1185522119
1192709513
303549948
60749817
383374218
1712009153
1654044109
147676769
1124872391
1462498920
1524946561
1861984851
2033926948
1781777954
1196533903
460088796
569840532
1239589570
789049130
822223614
1099785123
1069863558
2018989892
715101077
631697546
1716095832
1857789179
1939137075
1173536017
1475012090
1103772167
401252756
412640237
558373774
1884265649
796626357
424309193
926091437
1392829702
871240535
1676789797
1892809299
510077933
46047391
168494726
152486382
995709115
1638645007
871300561
1911296426
1113149424
1962207854
761211336
1318723701
892477790
872238172
785331127
973313651
1194532354
167975010
184843331
276545893
471199588
1975308184
1657056916
1276580083
1641808945
600653044
510417164
494328304
168595360
757022410
795251033
1244750934
719065042
1398429458
27172118
2098675151
954620657
1254163174
254059824
464967429
1447311060
1508498249
912158581
1604282284
1675982378
1424260530
1161634104
1627658918
1446551388
981154634
571541854
1937801734
105454170
2137166445
347370198
752833493
1419568990
1548185020
1894153811
686059005
1933237429
1087188269
1154418019
473637455
274885946
1588360744
885294051
197774254
1671296609
356764555
1468861087
80455966
1257805585
1594551781
879966591
2100429491
910200072
1064960993
1990738470
317560320
308222908
286624448
2139877714
870402524
1055848978
2020609549
999539135
1331636841
1415203182
705865755
2074736341
221294239
552145726
509430382
385727878
625689216
1195986742
1066389001
1063082016
1450319299
1362719272
323799865
1012092775
556162504
1428063194
1510423091
794799509
1466330008
2104409369
468441904
365313959
1088267953
1425649215
469198561
1921704223
105208542
859237807
789218987
1700056245
1306000101
2145668498
2112656440
1897002874
1842849275
1163696765
1179525792
1465086677
1497953085
758112541
1073499820
863753973
1847789146
178666875
1620432341
1794684089
324397941
49688633
1362294827
367005767
539507754
857177396
110174111
896197400
1435306711
1731957282
225660936
1675994685
1160976204
269775942
1107845242
600827064
1496206155
506672866
1380448822
302241179
1245478480
1273428325
408379956
14614141
835093063
572878329
187107390
1753537916
132020004
757458778
949608357
578067340
1151100988
1635249964
1973911606
348833537
123350725
578708687
772410636
1135088960
359637092
794305184
2116609541
894840173
892338524
1935617294
118562685
803437227
1628029375
1401383033
896320079
353306157
164200898
302372694
25810116
58546560
505503204
1170825429
2141334187
1783589065
1354072798
728637112
1823800564
1716815163
487524862
1098134554
1029917261
238048968
1458970043
832776919
291504101
1156439917
517236144
2107824820
1327819042
1083737102
1759558418
1022547733
280848314
747905045
1542792292
1988715891
1939338339
764223125
672144008
1082325805
1248814847
251239693
329389134
1416316125
561841788
138712595
1642617635
784904987
2051301757
1373377170
1538664184
481530333
493481616
813393151
791478993
1247913592
1579512915
791308981
168130744
2041533839
738277771
1988810562
1160316543
2144293266
1421278619
170690001
796809537
90820819
1629206738
851563392
15258258
1150569563
86713487
2116878933
1033655198
606782776
744754028
75473510
1426477658
406033227
1086742973
186975481
246232418
454474693
1675896119
764458582
1653012566
1670500062
1855325762
1693057058
694687647
795954725
755291965
508392468
625722863
322476918
1910031641
157121819
945186513
989949429
1149196207
1727724168
1016288281
1761333694
463026631
1646191209
1301211591
1108847861
1170262516
1659759333
2014173842
562089642
1476030831
1446985042
725797702
934708471
843040348
300888097
1912813647
707246858
1740009982
1349978374
1771872446
1012703182
423879272
878888836
520813427
1138152422
374260292
1583216379
1920037557
1139875812
1621047561
1588627610
1540778271
254259848
2104423135
757380706
1799603504
793896769
1322906072
1483664555
562857422
511087668
100738352
1213250809
1176018642
100917342
391105014
1003476885
691543266
1246994985
2004128610
519704181
1369346545
478496172
1220516648
1775197927
1724369180
618019385
95820156
1946879133
1093059445
331475388
516744437
128225996
1679817710
139605481
1851440117
2114066286
1156576161
1042906968
1458787225
1509180660
616498760
1575957249
1434202277
448111854
1799587368
384295256
1231833141
1917178316
1517494350
1487002516
851928816
463059303
585402709
398416570
646341077
1127868260
1403154717
17247601
1060966034
1325913896
1464909536
1510272653
1492059042
1342393905
732239489
245482213
1948524787
185122446
1062445968
255762447
762175224
1268887766
1706110539
720968282
1269721172
505427522
376141653
2112076501
9599343
475947995
987290793
1528487451
332335208
714789639
427836716
1321146909
1389606448
1477127670
60446067
1811819673
1136854448
282967976
1064102721
393441650
1134648664
1837305863
1166140187
1581834418
1691078147
758678793
1171923701
782341333
333947993
1340935518
224260016
1844893995
1050394685
1303958103
1256949905
1982906396
1887745420
406909660
1585777670
1919107316
401912883
1686127777
1279173514
1748557544
1697659013
831397800
531494992
1932777205
2079884067
454831994
62648014
1393481120
2018826742
1149521269
232369084
1856386687
346787687
190800864
985260019
1358088367
274453426
918443949
1573870781
1841241763
1260997721
37616155
1274146768
669017110
1659532450
844039127
1420462214
584825652
2114635337
1361778468
751280804
1577133181
1318168802
1242548674
1073413116
1864690578
1048521494
1383642943
1986105188
1866505837
527401382
1865522050
1442241160
1264880439
613830999
1698264181
118778003
813876905
1598209343
210742507
641640313
817674779
1799176426
1160007316
1956643689
217856542
1903185678
1011104804
1672694858
1036067887
611105522
1123709917
666787983
1781302716
1534781353
738154895
1876828751
1953646944
1980350830
32442528
428127097
519728789
980188359
1688186705
812317135
228247040
1878532015
2123427719
1259760444
175258107
95539493
1233996345
1463034361
2114886242
736031246
1136038161
808073594
1990587679
1609039044
1146511575
1700819316
1783395010
119483923
1374397385
1692474179
338673112
1444672671
823008197
1376996796
1694560246
1736190548
1575023753
661610744
2060847430
234623792
1072520703
1563341695
1961619026
452339390
710815373
773305770
1003613619
58433392
548768974
916930178
2124926683
56021971
1647682179
301475807
842492031
375936504
1817532155
1122644495
1322434146
1576000508
1991905284
657010949
1577035765
1215426631
1632599507
1691713538
555351582
403401219
657878079
984530402
909464062
740535572
660839634
1438765473
547826431
1083093627
1978116734
1320891976
2126695655
625989703
1861808536
874417993
2121238131
1196325474
1861780574
230982884
1315079994
997020346
1623925645
287303802
1508195831
1519755449
1174356422
1290477594
288440081
1583815265
1918438587
1711201155
1485484771
1398645945
1853718639
372445354
1952598887
509465257
1402306759
2034974360
1760019227
1085878061
1944190020
1393490718
1201005262
1994083264
1247417804
1557120548
1298206796
1123064328
1972131682
1337796305
5334056
1844972342
1880878080
1283985022
728844443
114325598
1263723014
1878427206
739876491
1743967065
1717728689
1462280802
2076470705
1370103331
1997169296
225427252
1034885374
800730112
914374413
1488520272
1471487479
780544206
663739726
413938268
1106008734
1424484864
822982327
1874834843
1085004714
1829308067
836001006
883098503
684077802
531543930
1101395280
897597043
501241153
1116307205
74103332
632693228
1861091710
2067372819
1264944549
566965971
1291627893
2111388406
974611398
209407885
345374086
1459454240
1118514314
585125129
1109574297
1581206461
266479282
81209841
1842839389
528270173
1486532925
300044101
1406367661
1042592870
589952531
1642737951
2033927767
251441031
752985239
1281176190
1865939848
1643311385
2084221726
1599066393
149144254
917311948
440281583
1532893826
290263368
1537507015
165999885
1076848692
718888092
1086437994
1380433602
815620858
24139807
327640028
1385681300
1956597805
1559804941
201197453
486146717
574268876
1775211340
649181078
1065133054
2111432212
956502406
1630694374
813792999
1837810852
171569719
1806183009
102028811
1774490106
1699765689
590083987
902459275
695726100
1641240703
230067774
1423550385
1581829828
916699385
2039865283
777095818
821276653
1277797810
1333419367
123598550
1291793195
262249449
390924030
263636953
771418876
774634941
622806036
1181878172
128743477
711469019
1554351184
160573815
229371650
1870925941
1993189166
415845403
235963031
415853901
908209338
168461275
1173256543
483484140
2076912884
144845996
226978289
1739044281
941496684
900613409
1965932109
793154168
1053639784
586141643
721191160
1911802401
401093043
655244847
77885685
371762691
2080222773
881189418
1336892860
265108491
1120973098
1788504393
364563397
1051741561
691078051
1237737029
1363861779
1849994485
1940435206
1262531463
586586300
1993157916
416235360
357651751
1842233204
2084574794
1194569592
609076151
1560098839
659236203
1206797600
37139900
868747216
2030113229
1879775177
219136690
1814538726
31038343
136210938
1445598419
258157749
1355620765
1249102432
1387996073
1596495157
1601486936
1432943534
1748530684
1422265276
339212142
816162025
1427205142
793006062
733010082
1224788380
276828748
1078162794
1989131652
268765719
2051668785
1654318964
1499956712
958704547
359276906
81638816
1609260567
1607362917
247255666
1963206681
2101808434
917769106
2061934796
563845953
1062914932
968083542
80698789
1342022951
1254334494
955607968
942283783
1445953660
1773750292
1961642081
698563203
975880544
1340777480
1745809286
2020439382
795890215
1906421419
1144369464
50790623
1189525149
1821899474
380691513
724544544
1143249093
84195831
2001204940
724110018
1852349811
562907707
460474150
1215932130
1520402346
2095140003
540721868
512506963
385447403
1944798220
1516195739
1302591938
1336925558
1805564444
2103245734
280939515
2008821540
1099755121
1866069433
387886871
929119139
378080499
670977292
2085816787
1569173346
46459791
149715589
1538985771
1343151911
1726959795
682274814
1117399188
2052250644
368886189
648933547
771188900
4771809
2137249963
827847200
1335952612
129147280
1370891047
123257745
130865233
940237029
1100908637
1577402044
1458498917
619314046
963524275
997408726
92213488
767932450
830544720
2085398000
1569090344
2030828642
1373822714
1785338679
334373752
263837476
1102933326
2053547292
1705511181
1102042701
825885347
2071788640
1995065062
1646567987
916308541
1042263654
819403895
381084199
126538915
1927087047
738828425
1656711374
1802440213
1145024968
748719162
1269082156
2085166117
1937592878
1317014473
1779461581
1728920816
149136290
1050909192
1997072192
1561492565
1981125129
1081664022
1661857463
1276214004
1497957915
1146923376
1216060964
979221575
1708555918
2121450201
294857858
1361214627
1334538203
993134580
1974145558
780931005
1934650439
555572213
2585454
233227886
1490294005
625128816
654038923
735862260
235655428
842608899
228008590
152630524
1182486205
1601645471
1815796360
1304464044
357813081
418997329
853455841
339608791
178004850
1028925094
1642161574
1242873302
1890757393
40336828
971490635
561879833
1620692580
1594846426
1332423437
1052289884
1621129584
1246311250
1033379575
1612467335
1108822082
1449563653
658394058
940235514
2011398238
151531954
1806875796
202892920
685821691
1320670454
1889886234
1824911660
1310905108
186377020
554358032
2103817739
1044868348
215793171
1146847031
1270871633
472569395
376780868
411624005
592629894
946766426
994512870
606750591
403414683
308528884
40660991
92383542
948329361
1175145482
383744838
370796287
1878758018
1509573689
1185996487
299844102
472241340
152464520
824601397
196289051
998749952
1362744714
1169864667
1486626878
1553684890
1089434338
471256210
1037261965
513045713
865694713
926864415
353376734
545124446
1685218230
1951061643
1167237519
731644087
2113540443
925137642
1603235994
974900872
209666122
1575146103
1522248494
859415508
2140610766
494741916
1876678958
1378263717
796102567
682484620
1079372430
756482902
673783492
1677613923
2112324432
906091213
1310057824
1880412028
130125850
1455122567
1136269431
2105365038
2036998634
1983049040
1383295626
726058453
1927648061
1153239243
1957442680
602725747
1892152107
561225912
19883319
1109928021
1575991941
1121209798
1550989902
1096622884
533383139
149312411
2110046305
1535333095
958833627
2136022316
58333926
947742509
1051528376
434914439
37328036
955999152
994954194
510795910
818509837
1897911187
1240912112
2048776923
180662051
356582056
354129562
1914572301
30157974
759120010
464309990
837086477
1441077969
420031024
239163199
847179703
852808959
1258749073
1313961092
1379469935
963356409
457567912
344283126
872377221
684676630
945591274
37218921
570278473
1828090018
18957963
1701765604
925502473
1822779008
2087426396
1034493092
2139286468
173959598
842650224
453264871
250251162
1758795217
1538485627
1079689784
1118236328
613867825
899786070
68870982
2041645201
1505318020
991364881
1119380747
203098741
1971260259
740232134
1354313967
704083394
17071218
107920134
964586156
239705820
1126533509
2083476765
990561429
447265333
1290590293
2132542629
1445403500
2086564769
1023275529
608934460
1969642301
1810500706
1133194314
1998540033
480881399
1810956540
831019139
1206879873
1172693225
616970136
585842029
489665408
118177699
365999830
485152207
736239484
1477474579
1446699786
1179539938
508876204
1329724291
41108863
821890933
1983941755
1830192580
1009244654
18866514
25335505
401212260
1317332317
390447260
650829591
857714877
413160360
1075563526
1102506181
1280083786
1411030741
1298809128
1542642483
741012052
639515636
1629959081
1259967355
809028222
621187728
479202892
422362839
755014252
488077881
1381686015
530447542
942615309
1657684292
1278235277
1661077946
481712088
1769290338
683652553
128381109
1650338450
549639124
1356688696
627459632
1027948641
1282225307
2134733128
1395419544
1760654730
482042692
1467644641
2026754160
1706154347
1195177107
238746475
1340299168
1177742213
988889279
761584932
2055642834
910565124
1262953102
208735127
954689925
587048821
1367227730
638567167
215157266
1868401839
1276300057
158247407
73847693
1745028898
1878848133
1049735199
