2000
1013029474
950228319
1269537724
632529313
1302912688
446397404
1017458545
237777220
118464424
2108709469
1378600519
484388376
485473751
60232493
1843962472
776207534
194605699
1582122500
249844564
1555030149
1624005416
86295527
543040652
419476414
485460701
494504869
541791096
1112434310
1910613163
923995650
1206209925
1001670925
660209277
458340777
1691694893
1885543006
317966936
1365889030
2040330558
726458596
1545357717
554467661
135239555
551258919
842860107
1207980066
415010676
105076721
765138506
1179238154
643366295
320996858
1233413312
396706682
206523504
1329319029
1082393864
1748206240
1941858894
390536172
292981802
1297667560
2052163586
1356342697
376927272
1257314007
1920556793
1453141074
1556120865
1880666932
615513849
993827832
1454655574
502008206
1703945463
440789699
258769454
364776861
615061853
1271283926
960869408
996619232
1276646841
1882318981
1191225352
191735493
1628451749
1869842170
959643837
468173280
1369039602
789715892
1742722492
437901172
1005774565
1887357418
1378964641
368065306
1075306045
2042324908
1684827143
261527387
337661874
1605031632
777485599
579701093
540426635
41690313
846009965
1421837725
1460819687
163672939
1213445517
2134246126
1409644231
1860413605
53711329
2033184819
2142828971
1774446347
648245019
628781043
418275380
1551617512
1929737748
1024253047
2124910886
676168160
1951209758
822678592
2101387260
653556888
71760969
1096879751
673454782
1487414604
1536944457
1820505826
1977802866
809578816
1525139523
663425587
1687715724
1142082522
660448070
1570875888
1621433346
187205235
1284616135
138232282
2145770873
867832064
1327653136
1228067450
1605690721
147176165
2048492210
1250938651
337235434
1239595468
855530133
1197519045
447983484
1232878374
1186059025
61131535
738569952
449199042
1800252861
550529080
300881095
299706551
559922401
660483474
1513613888
1436632668
821700270
1292945262
1346052207
1140777420
892448440
1923472827
550977052
1853114672
46336021
182145003
1743689131
2110163594
884486279
398965160
652215414
1492516264
1275515445
715603585
1199650720
2091094934
356560214
1432198883
1464040369
87551601
1905200004
1141805900
306975165
121455274
777140598
1078817233
644419129
1853685466
1222510825
780474657
1240186701
1032993576
1374444434
693708271
1519491769
750908245
511620367
903966273
885306388
1342833982
302503153
650167861
1402780587
427293146
265705736
590875642
237601751
1039701460
131688519
1786149934
1857032188
938553662
486040543
1384664675
748890698
1544804310
290890444
761567507
1111523997
838807917
1996239594
767262110
1792758704
56308365
427598798
407215314
251499129
1497600953
794089765
91607985
1068016585
1760629420
534308010
848182984
1646172878
1035106859
212527224
1614382790
297598733
1063678509
1406402845
2146006325
93461245
164042840
1773680650
2019282847
1937101266
1643667440
943619648
348552558
2056191552
1961507469
581283279
1095496330
323901580
1782548472
1671402605
175694974
1527243896
1015729774
896206253
1823229505
1299441634
819051377
298186039
1533709714
511731986
879258345
1504745822
129842553
1794913411
1498773692
1528468640
1340062664
1589930944
512743391
1957898503
1771728188
993893213
713519908
104165646
1137514794
1493260449
462001672
1839833824
1254725204
1405708632
313662338
137648770
775929517
130117574
591030225
120384364
2124131420
1669866344
1494689648
1750317922
1926708383
1380519241
385210414
35759356
1725947367
628608823
483072405
1531535485
634495571
1842737564
490914777
1856239592
1516805407
529283530
1635961307
182534201
187270746
759204050
399630394
796220230
1457694458
2050048210
181595538
509362996
960892412
461321153
606487465
1416387515
1987972015
1559173542
1180802735
940641440
1740437060
1569427209
930082356
275145814
1105802825
1555077728
92923069
1020182883
312908540
2016000864
102256783
792430066
387839390
673939610
1190214639
1501679781
990117605
907126218
125883641
271859695
2105574068
1055570514
277814810
1536867248
750179396
184176455
108226142
1233209271
1607502473
528133568
447121819
280419831
1384875133
1879512330
1321531629
959795327
1147942132
2033680655
1278315103
34288804
1087715206
1444345971
682234411
1749079092
1013263495
238903995
1228849570
1124313
1058790708
1786111647
1916620952
1139792437
1642571655
301650194
1942023447
318066947
962343880
175112583
1203237834
1382662258
1584623414
1894048432
1599107087
71844912
559534413
1648813752
1255957633
649265896
291956643
231575136
1482611429
1450268516
1753426530
1409873856
974306471
2024866745
257693780
559674170
1063023386
509831865
1525127974
1657447108
666324777
1706021627
1389867967
136749024
407878396
1410576502
1136619167
2126621142
1109078107
2112485137
382345121
1810881461
1331624560
1311929589
1678108423
784493280
1018608954
1670526065
1935834309
1417932218
1389086255
1034282670
1671775677
866068638
185476159
1608471989
1974710046
1287218495
1122011181
491183715
95736595
1642680594
1036512492
1922691962
179004791
1746100779
407897984
710911709
138995414
244631294
1920303097
11287732
903553541
361094074
1099362435
443335920
945090471
184363285
1720561397
1714667057
747848281
1272703425
1466915932
1654636462
1646230369
1288509930
1578712298
1351953213
231737002
1010830385
707156305
94627865
1724399372
2118617277
781280733
1695687893
259562142
1466331885
102986590
2082808219
1600134786
1400043609
1584424661
1482752637
426777731
299451922
844249778
1821944214
1444099429
547801069
1777600024
1002871158
1727571591
1944514017
1201524089
113762167
1038409174
1325038311
1569856257
1680999785
1726502241
565336801
577658514
2006781125
1904064785
1796669639
379524640
1876586547
858804560
669338948
1318632977
162672044
562804764
719977714
447121664
249485680
406181180
2038734330
1849680154
656521178
993272410
1723535093
368422551
1399316278
1149056876
728139082
1009281493
286876425
1863818961
572725986
836235909
1842054529
1495724438
432727198
1778266095
1101984195
560479075
1634046049
319126001
1496514209
868132815
1150651495
990627844
209123410
730953052
665564116
1891871431
490894050
1776038457
1319798332
1541671836
844997829
2012364972
446817571
1429714073
1765984427
253141800
753687310
394109312
1027704817
539562186
1744234656
929765268
1833790600
2110345453
828136529
708871596
399531043
1450303519
691875577
1065495846
1979324768
2066406469
1054665594
327520606
1982189193
43399300
581835861
631549987
1863229386
792082842
303415840
1711800987
1135363514
451885664
1498370477
1008223307
296791786
149272562
737819153
935920784
1790946009
1643750833
486142875
1426914886
580492219
1195379146
175215904
1910847477
1787965676
1358684525
1120138020
1419504690
1154230646
2142719186
2074166635
1625045535
1339235705
406717361
1816876412
1601674587
88887659
442110340
2019112133
97136097
1150783393
1028905392
1482914712
919513530
1683557134
1549165504
304221655
1225999151
201672983
2147020764
1503947446
1910520525
1084757002
961466993
560824956
1325481632
1581217138
1308531049
794563710
1707250452
690206698
1140946817
6854043
1322451587
957706820
785119537
492936793
735811142
967481538
918618151
1055908193
1824396804
1509136341
787482837
1061857787
1468748048
1196521036
742372549
1545986332
929181044
899022795
1950720270
864197933
193495363
1084683949
1093435613
841692976
154055209
1643990657
1126793751
1522788801
1064246758
1182363174
1998715515
1618540228
775572169
119896622
1564629703
141776407
637591361
564045584
1365732255
559737606
1326211814
184455972
1113248171
542983195
1150797411
1513990560
1141102887
387440444
1087943579
1294437381
2077068201
1045756384
1816831444
1427801290
765659895
1025369728
2074921589
1726677352
990066088
607513209
1698932959
2070156549
885822422
1241031832
386896581
66978337
864193265
1254554566
1019796543
293850450
15522340
1850447090
1301470372
142661388
957505127
301977825
1182184957
24084087
1739595538
2105168722
668394897
1489095442
1248698867
758124649
19700873
2096963445
1194297143
745595791
260038576
927069040
1359572572
126397771
808153114
2092471748
1701847510
856553943
714963678
1299969889
2121075639
2106011299
417730993
1069251768
1303638458
1018118637
289636
334288969
1335621968
1740830628
1979968478
285666669
1142748315
878684280
85586846
1843313097
1595012527
329027485
1343584667
920602608
136457074
422027620
1435593235
1836427641
1305544209
1716447696
209375131
279574941
1045865033
654274971
1973142250
1417570018
738295562
115518924
586949502
130893399
2046982230
1088648573
520689529
108997700
1772358752
193167254
177492986
403836960
2131617732
680159665
970730970
1082815891
2010495285
1186416270
233664744
1409785614
1958628867
809349953
1087373715
190040230
1663432473
1895266012
1477395338
1776904552
1640313787
861120288
1917799230
2080800264
1333700409
187455606
700437925
1300683619
1780569181
1103876729
1314785439
2019461134
1579033075
1988775794
1209399996
1269636970
1733404366
193806935
32834640
1384332096
639843997
1582376034
1421727487
1804789326
324691214
935775268
5201534
824448577
137059197
804080512
1617913873
583413358
521933823
1961973147
715789308
1482131920
1166173766
2113613174
672599169
1838328
746359766
770972689
116754191
129745096
1667556308
1252814530
221252611
304247963
1155661777
1894448477
637077279
1113155653
47445953
1443838015
2043748260
1838415502
75499129
873381696
2036881586
1959294810
1971023193
750223161
15399260
1481486835
1391894871
1161779231
2053848331
236386142
2016001643
1397378058
725142552
1028049959
566445274
1353725290
555154216
1072810911
458890331
191562874
23254092
772442276
1224990966
188122601
1297737387
982481309
38827840
1317712276
64151336
1446242543
990636185
750354386
1641605267
1490874596
1095206649
991512752
1622856551
1701543126
1732991402
121940373
1899955935
1366053815
1127272926
1352201096
1489844373
342305321
1158137240
658252252
2122247385
547732846
1065792909
1997756332
1663549249
158069924
510089287
154330913
1887859409
12192825
1756393223
1852890902
1089456571
13747929
1414390118
300097743
2044995081
1675077717
460857920
1647443830
1361113720
1040791668
1938545533
348677461
1423888735
86068196
2014503526
2114618075
353211907
1772312604
333411350
1440482328
1417610327
1155976079
1832565128
2145308570
1980848504
551252479
424121334
317934681
1795857317
614456719
1574613262
1671639033
2096476989
455268626
271116082
1094702401
1718765961
1462297242
701290899
1704794701
1267233460
1781444017
2093278391
1265747575
1127292118
2042735986
36328045
931559720
1222920340
2030544620
377673344
1023156126
371067317
709774081
296571543
1695740754
283856555
245094784
126542395
1727725653
766472601
1331284603
564473770
72823677
1467191259
944931031
1764954085
725348496
724609736
106628301
66873047
1855074456
262508555
555861456
1438536526
971515956
1953073424
1287349549
718316550
1574466997
1208800374
2040956926
133010203
777049930
2117592330
404730157
1981598343
1814129140
1272605479
901653659
551727342
391999073
278602858
846385220
1609891032
272013489
970552268
69353304
1289064916
404481410
1152500299
1311937549
1339335717
1426389335
1637197472
75925989
521872826
1827865955
489215641
1736343629
2105440594
667957086
1463016833
1622707233
503214023
1106685599
966631040
644387583
1810795472
969407135
1316789051
222391299
384536179
1725833603
1165034614
386403296
618547882
293547707
1838715715
369735077
1936507618
219957148
1653417969
734934416
2103086044
147147652
1744777952
2071929634
1736014284
1553594739
1889330505
513616864
1273730136
325164397
1377249373
1153197298
1905742527
1267877926
825581121
1696638331
416227452
1261472833
1040771733
187885915
1162684581
1175504162
1769046492
216578737
1891920755
1579345028
1380139581
1683399903
1483217255
1368508849
1098879955
1942400610
585775077
446635707
707907745
768334526
1804766682
2034548568
1117828438
1894495530
1378801486
1992599296
1906677891
1620501277
113066574
1869637506
1947888760
592035299
1657942679
252782204
1265599927
802026839
31084053
1886987310
932850846
968243645
1819922769
954714547
866972927
1464659538
1382689641
336150291
629857849
693035947
2035737233
1702529425
776354849
518723942
1985658849
1490760234
1239181003
1721796893
2061386858
831877971
840905396
917698540
1958241369
1470492553
1102917912
1443877243
2089978925
516681698
1635367057
815532327
212921469
699083187
1522906354
1208223220
1029705252
310906084
1074413429
2084999923
1265151754
795318961
1947598635
1968429726
2013980111
1467728741
926831001
1765370076
1629589024
65359151
31799789
276051177
1127153086
2113159502
1496652421
1411495066
775159561
154133407
872625277
535360774
290592656
395259914
1927933794
1133821472
542773779
443212017
1607199478
1987558586
2038944804
1792146803
504419780
1490269131
416053878
269086678
1846349532
1033680940
287816641
1529029477
589630671
420573625
867276464
1655384927
761106115
650208706
1058358579
1638232104
472487049
867846676
1767798949
1494443679
157752939
2008374770
286908086
326454715
1755035198
171822423
568978708
1305244924
1201782449
1189681918
1003550129
1372064368
588745811
1574605353
1938916255
954560924
167855433
1542111656
228982454
1617764535
1764657714
669777237
1685100453
1247086567
2014635403
1218767046
1029995829
1060208387
1710228624
1094322583
671700779
25017295
253278052
1876910377
484051929
1118097458
799258913
483069919
1897909114
1314140363
964247635
1300364784
1477076141
146850540
691427054
2058850105
275177727
1755804407
1850276551
1964596262
158689429
99766855
936904130
394261727
947875616
705379869
958914096
1528670990
200222627
117771543
1028452058
2086954023
1607024824
1457800785
723314540
494629901
311027979
611344035
1735378024
893288112
1485183901
1662418886
1424072713
534667951
789721928
1132910171
90589671
1348283337
1473169499
1591043900
186623816
1883114673
261936042
1644654431
856153018
753033557
1138367322
1477855399
1428175116
137148840
1537664709
143710570
1257633676
1008921405
1108736916
488933642
107853435
526920598
961011862
1618395137
803652627
2055746327
496135004
1826090239
602353138
1680631403
586519430
158929728
497129823
74713420
1044287457
1089266037
1422254825
231241849
1448753660
1809665773
1378715654
1269197802
158841386
2130625324
1075107351
1576354253
1153203408
1667875586
2142364335
296046437
610954634
2091132768
1461341382
1164852420
226065486
1069734845
394839115
1806067247
818243815
1663902613
758340151
4998692
722524117
917137748
520329561
880470192
1010740754
528716990
497116682
513959065
457356717
77654088
1583458049
1895652812
996837915
716007560
533312883
232558716
1790954411
409520436
1517851768
1266770501
140811550
393274518
1248260741
1465941253
753624732
1173076150
697233683
1791324441
2110448254
1905978975
640464090
1760583479
137327082
486664033
1407761911
149334840
1720367248
459756583
274532501
1531950612
526549245
547050141
277214425
1322688542
452978917
1972048838
231733064
1269437173
1086313891
986385152
1318261016
416486603
1139126304
1046520664
250417108
2084299073
1659988314
1781825001
470521510
1751108813
1536804394
884357370
1159130620
280833654
413922342
1163574465
437164893
1749176824
640771490
717099780
1242088085
1527673425
1130165723
273794257
1332039001
117423021
2027967733
1436598316
2040912839
1286035009
1835711710
1095878544
1237023853
1281128446
1228008681
1177642721
2126195896
1095204518
1418096348
1890349784
503980368
777917088
479470088
390336007
858969560
2003390751
1284509855
1352939617
2025055670
1246690788
280267684
2116412537
339323999
720813630
1133285020
1772459545
231976164
105142806
1429171284
163023079
718717685
1723860908
1328399171
2002935306
1513953993
1067826433
252754306
2091471522
1769271649
1093962311
1282179375
1666121342
1169104063
1261894561
1051141205
1331271943
517889150
1490912356
968137148
2030160243
1454928179
723775612
1613308002
97844033
1059716589
85647043
337831193
284442023
1221472108
2140029969
531361054
645441786
1662725399
1336013868
542460731
237391226
1964265556
1444754769
418159628
1035381138
2121475575
1799248253
659343990
723756976
509097326
487547159
996875019
2071733484
1840550393
2085922165
1340178695
854261509
1354576343
508463753
190265950
381266658
467210106
665270677
1565045681
1647792791
630919515
117793511
399488342
1133345637
544782867
2078083315
992794246
1303065877
1544462620
540496282
519256765
680513185
1457762952
1783259378
1607963901
1230902779
1455175519
2094676935
2017686651
1606491366
246261378
595308852
753785114
1850443900
793000903
32656733
2111442735
798647880
371939601
1275220821
389928032
2049215470
803843711
1294974916
1290781493
1220508551
2137139756
503534345
2115962800
1711461363
602583370
512664325
1446337433
1960002909
535404336
738735665
988039777
813568056
252382913
158901509
1451146872
1122896924
1816062540
428983541
283104167
2007184542
2094056235
1374214648
1883239776
1580581070
1862955762
1038930264
1182351725
525189335
938640156
2047968199
1046230249
1528317065
1020747155
1170800550
1339400344
1617103141
1517831397
621009691
1489429656
1739042908
1690113068
135368258
328299894
1030716859
1192085453
316265992
1668720449
1805163886
2121977164
1653087673
1913439052
2032530080
1007098889
451015043
1613390586
1147301187
377820442
312572082
1472795853
1262545030
1352084300
676132868
461392024
1778487640
1485132881
522476515
1129939791
809882617
1287143479
1574816357
769580085
1759236864
2026592665
118111785
1197785050
1353344372
1816563271
622536652
682622243
1028037701
2100355033
170006698
825825783
467390940
1036827322
226719039
678293012
1026506467
636426126
2146774668
477268137
1403525652
1837261605
4359575
604134437
1550138654
1457925765
1366152418
1546826287
1686721347
1828497209
1827234431
1912039487
939954333
30857047
1237334839
1114305493
122875536
135311019
866653081
469413418
1972237240
839766492
320156441
1840802206
1220608303
392704782
831088107
959597745
570632458
2046915287
1400305641
1716647723
862555312
558368515
1932572068
669249005
1573733100
593570919
2122315689
1921535826
2022688373
1493736975
848933991
518901534
1101458414
571938256
273390166
727186290
341401638
230724848
1683632719
798083158
154447573
1790669667
103352757
2039309460
166055875
950090107
954590510
1880249657
800931463
1828339364
160430592
1140513431
1942460224
2072318683
374616411
664902684
1266925030
308981230
1641509256
926981298
1163889778
3172580
791146813
1948415662
340002881
1113111830
1630441667
799465712
966402447
1220791603
2056863011
37452257
558954675
184595686
559372818
1837751515
193899768
568369643
1927361476
272366992
198488724
817673036
77822486
1557646532
897626383
117416576
503824858
340993170
1102244217
61092679
263393174
1478556785
314778744
1769565166
95644139
2123949401
1972185287
2082313555
1349874581
1874447989
1627240864
1791034250
1652231513
795414780
946412680
1054975555
653000944
1567540355
1028925343
978346104
1597616892
1519410131
1769527422
1223764194
1680792812
1833601033
1508864340
1741091517
2028228618
801858991
1216684149
603741386
1412677319
1139667114
1214852483
431631141
526487531
1092075745
393851052
599557753
1725347811
184159717
1436078031
968361047
1541643244
1062665100
1469285750
1287616436
1285880795
738995721
323153691
1174112626
1631839223
1170449995
1320231695
623187883
2078910468
1657529959
1277857525
424894223
182510937
213409094
558161435
1338960478
847023210
243997610
1057253128
431639251
1853748229
2085146562
1835606771
1921095841
684913400
1274546594
483142337
1579268942
1168441919
925681648
1939259012
125335875
1255303063
2137082662
1727779421
2079215780
319448975
1451045652
2038244767
1525356416
1793425474
403431939
1780801858
1285972937
141732532
784542169
863812929
352631782
64136607
1964720013
829140938
475172565
1369065382
383318011
558047906
1355674700
1037359530
1955285952
1868870168
1360016635
144668947
1226646549
1779004128
1619532580
192315730
1421635113
2027143266
1012271791
946732874
393705503
1693750100
2147147988
1387145978
823235870
231563072
1718263107
1907157341
1253050714
437746062
1429459468
918378305
35667533
1304037181
1150081921
380525479
630734741
681014032
1077403957
928072035
703757902
1388014782
1783536979
585193895
612752936
510815656
438758784
2036704837
886769959
284412093
1721838396
1380289560
832572365
1852260162
609307493
778669289
391854501
909058100
487835507
761334332
645814715
1350561205
129977505
774246079
1369119243
1718520851
197408024
506995062
328846524
2042492761
1705691064
2011635492
15952756
1372946873
243351634
1388780861
1712317560
929602078
426418272
1868977046
134852173
1081678392
1335838374
1367215882
607626267
444406908
1817202609
1240968115
368978420
1351703268
922664571
1144952498
428382556
2143360286
469199835
1081628969
1965815053
1133280718
1204076407
509323766
1783883164
1626780231
864497571
981436444
704314708
1451505699
2101709392
1645960396
667895008
2075329281
1483080674
1196500546
172232577
1117062115
1470173410
1782229316
485627670
2052472381
1256129982
1494395910
365354999
563570420
1754365540
1005795239
748971562
1806043791
2067369890
1455547288
2016547164
331037530
1357627071
100869712
968880167
1971963759
868401566
963490110
1027423737
579139419
1062340443
288805270
828583376
1332270060
2018052156
154196885
1599405887
2108486935
546856529
116694027
1880513263
816502644
1535747445
779014989
2035873218
1314962189
1381704565
