4300
211642743
1651335638
273899107
422286418
2021580453
1963853334
717580977
605377596
53672231
1974518249
1113267454
311786745
1813450172
1371791932
370709533
1221038834
969407665
1878674782
48452315
182360457
1714898107
1873182521
632173955
281776796
116923393
190893534
1750462878
1100728081
1841140684
840561999
464984604
448780105
1663222108
1289415760
698789693
1015845717
1744171249
1318256639
899036240
241605300
1465901131
376780998
852250040
1781122350
1449132152
1552287175
188409694
1065177886
859226035
1394225701
1780212442
619046148
829873308
1596465277
429739548
1434860640
1033289605
1147948777
587604237
664781818
620420512
1635918955
81560579
419684161
898769536
456262703
1521917541
600245313
306012835
1565895149
1048505451
648452596
391828839
584306311
2064981389
1236443544
1559140322
1163138044
1549040344
1760306974
973158076
1751923079
11064557
866744476
653082717
724015253
209386175
1488004890
2054479740
1709828068
2145236770
1142738663
1066958107
432949515
855922686
624207710
1212639919
1505991566
640400174
664066912
723752169
1556552164
1572791881
68004381
145833343
331234638
1939874782
1255099937
1181465917
210823834
1520413147
160608008
1683509020
524608869
155764793
898619473
735043910
1492880803
1565433498
171129537
878244077
1406329624
151083843
1520612399
495610558
701157677
1079312633
625172303
1662031482
1945093261
589477034
227618018
1510803676
1311475170
242062593
968442708
891985294
591224666
244586375
1854416688
1591638429
326797256
544665467
626830094
258938287
471324679
1203665808
1022404745
1048203421
1004389941
1015528682
1323859882
1842579686
759671394
316789877
557473745
1303560190
1831815968
1118112279
463361890
1615709020
675655995
1582062069
509095116
219439011
1354384432
328895406
281804232
32021188
143732354
1089720292
2070849665
1389098484
1011485170
2121590483
29555573
2124068852
1016583034
1911606886
372550961
1502494501
1561012174
555612321
1254235587
1549753558
414173215
895224276
780525046
2030155208
2092852467
1218125431
961609707
1544629810
480490446
1527618084
1537683269
1814714976
431868638
2104327532
1653445043
1720122008
1414579502
197018618
2076012162
710376375
710127304
143936296
1206624286
443712163
1003927994
1091223510
234211974
1997766238
65255700
1571886387
1256611149
797000081
802809406
1691943536
132143814
1838523800
2120608907
1993214301
270788801
54473780
307707482
882869372
1451010170
1815468599
213102594
1313226105
311088851
1144758717
1821007172
621710052
1534604626
1684173745
572970186
1129314170
1187625253
1341121327
1986366721
580611788
1461650590
865599288
1577754557
1437136244
1339074138
2011704406
203149021
728622450
1333666430
1239091235
358535267
1155839396
1690092080
44978843
977068828
1596934123
624438389
36954176
1936501183
1071431333
683001271
1559663966
685986065
1094441937
646699222
833382180
162396703
1891821268
1430095613
260990633
1316253599
162929301
286031719
290443937
1199972922
1381342356
930185441
781005384
1920101415
33290725
311206135
1202484931
1917656690
1521888982
549346387
373761613
685790178
150877142
2042261329
1985449400
1445760609
677450848
193295910
1786903240
246946434
2079952319
1726895433
1341325126
139377773
2110272595
1412720961
1818999323
804430684
1611801182
1839955806
1530210857
853517905
2014260644
122590573
1540589698
530696291
1230022445
928146054
661826230
56624349
225025969
1692968743
941911218
1788633887
461485828
1468351788
1462379379
1942639558
2140893657
1511399558
1436686103
758928385
1635194888
582928122
85067055
1191828060
253434718
1355341984
1533520560
883853983
388695287
2006607997
673732262
826520207
1532357643
1453501369
1588102203
877989281
1665496100
189731636
994344147
1148309933
2090226572
993571581
1874002606
935002860
1552113875
1776001629
212533970
1506807887
67905989
1716067533
221597545
429569950
394269107
2053466575
975397322
1352348070
779548355
1180863741
306455911
1752541024
1499488695
2018033316
2114963770
446819550
905067162
1484631064
1403230802
1094616570
1809844258
1901821746
302442106
791147310
1331934576
1762176990
1087497607
1217742150
792780893
2044828378
191868131
479918558
765857
1323623218
2102667454
185933595
647770533
1723046393
916397715
295289029
397885950
14036585
113588136
758422497
1528166327
2115446355
351802133
1439505184
1007983756
98868861
472277054
1933024109
309471777
801739393
1116536987
1259534168
296308872
1630531017
988951120
1236491360
1972110517
79454887
667140815
796616366
787125905
968166360
644958277
388269280
1664044876
386126720
2071684186
2023204271
636983206
512075027
231804485
1058482730
1272161831
41378665
976479557
1083909112
292926737
1743891245
92048073
1600182321
314163545
1585731986
1454900310
1573817469
823054312
1445125387
674702910
1877777011
283819266
1907510845
147391912
1557449932
1108447635
766135978
1417245500
228131650
1989763523
1868149442
1045199980
910302818
1622389600
847245593
445642405
1487418484
1734700050
806115880
1400639780
939855156
1584809816
32774724
268169041
1866589822
1308677305
1966080028
1452755700
992051297
439090874
1813188039
1553342018
747073856
62330952
1749733716
999773857
1581105812
102855591
217744405
1978896052
1958335487
139886593
646050783
73715655
495028512
686256163
111227488
495738288
1995553981
654010538
1221201575
34572161
1078394081
88028717
1536185323
1445233364
1827246158
71142289
2034881142
1938312557
891142519
1973995527
185544709
620140436
22639468
843007472
1181646908
1717352148
346029537
672346170
792765434
320905094
627397014
119464243
70415003
1576331186
597255183
103729399
2108860823
64147627
1033692443
306830074
739616043
1708349879
1291860303
1994491153
719314994
331373188
789430270
758263029
1279802548
1398187262
742415822
89995068
1361253381
1448226676
1961317076
1139119310
914820872
461195077
1616401652
441965112
463259281
1696320348
120649140
302439582
1059728220
1093365036
4738386
333830406
361412195
1444019346
2064773086
816390718
2095407518
7518410
693315728
678844141
512845626
1292086168
1697349462
1905074170
431672049
2069629625
1066500987
561084158
611821987
2094310087
646242658
608203787
1704940007
1286818134
425115133
435725482
1658070029
217732804
1820941016
27191560
2068920865
89467238
1843921669
239655792
153934090
2008723114
1285046011
439729517
1742776320
947844586
348362
675213042
1208529175
363645691
61274240
1141435347
1701456227
1537234857
482640050
1434309342
1702035795
721145555
41226625
607810304
1501773082
1580146115
658394861
1404494583
426841201
1793828731
248658684
286498276
1742265132
2113734019
160260918
2140416843
317305269
102749160
1651922103
686836697
159382732
2089779748
60774407
1388621855
629057007
2015636940
1340831260
445396878
964174866
2046395704
1884799847
497726859
1087916825
1756868796
369751399
993149075
1725949078
1505183261
965033479
690751477
1910706114
358171129
713453627
659403344
2103143050
906758799
1395158025
220480458
1316946031
1469479308
1678889735
1239256171
1949107188
107081396
915211416
670637532
1277251082
2090625399
210461099
1196018246
1954522933
1026272283
1974786516
1137748610
568841977
1116366199
63225572
1746578460
1197702228
1103651611
529850738
367634196
1990110864
1879493577
995620017
1074920789
1543267434
1256808897
1302608800
1687535649
993502573
446024901
1947171882
1848008314
1449296227
1039789185
1396522071
1079368475
842256708
1345467081
1163937199
1910541144
934592196
1476986317
659583529
1553489145
1149179157
2024286811
393592914
848995447
1339906241
78984706
1089056528
882471713
1681762451
1664223749
1481630385
1965127179
1233675515
1738167334
1057427511
1222990664
1577820353
349641364
1416835666
473415916
1087134143
1019301096
1413612951
1643948787
422475783
202137368
1001049096
813400450
1963235101
1418849070
248142433
1687852967
1731761591
1310153792
2052877232
1278032090
1180560885
264675365
892550464
1679638406
597612001
850583969
804156466
660157328
1335175183
1608665882
278022098
1066397809
62919319
41275453
717223833
551736067
208113847
1890058468
477136469
903311472
400468564
477881158
1915928326
1089590332
490044458
1058330023
890077382
2105558513
495716540
2010151071
122114864
1363253359
1482084319
39559781
2087993896
212795195
1678126821
1964726253
608895800
1204972858
2040629768
1801637722
1323458703
1571977900
587676433
353335970
1679289812
1618793454
1621248639
1598298565
1057031387
481832724
1149693962
1209783517
1499924689
1642515061
1845942836
1900961308
846197620
1260548841
1106132614
735976578
1051994357
710611555
817541799
17391127
1461883845
83936590
1430047650
718770624
120850958
1090681280
859146002
12290606
1242495111
891950395
1587575348
316917505
962353047
1207902888
1501285227
150063243
1739515649
611912095
2130637244
1458661506
461222734
1273613147
1615936826
2106146211
1590878315
1890208171
133244676
1350370550
1525661426
221320652
773679749
683349049
1044850758
391955725
28369972
1968035004
1984897730
2145046713
1174551317
1353336015
1439354344
1639185154
662196286
368345790
1397593756
1579630196
1302624119
1811111469
1658368861
488391488
1523808046
1502344119
143911128
1251368446
908480855
968772995
566400454
766580078
778293901
1262227174
70649735
500117926
953412510
567420361
2073957836
650465694
1217777827
1845396848
1463355314
485034231
2013389381
1630201889
696499943
906856298
2127060279
1797626478
246099252
1956038252
882758326
663833610
1168117687
1307328299
694577334
270855016
583922548
1974741362
686875327
1790215926
1654030841
459292971
1366454549
1880897476
617747674
800396653
957630946
1397101607
1639355029
1947524563
2013530431
497297739
1940230798
628545940
1234688233
1217887658
1619184018
152319296
1480024412
291314616
1616100733
2029222291
752517417
1060774710
906609191
1251704987
604950123
1908401341
1249328472
173471006
932502913
253821637
412168892
160520255
1556501186
280009872
1564350643
653692874
756398553
902070366
605221998
52296986
119088669
324232523
897564122
78256606
1404082962
147336786
436997101
585474056
469318818
1487090508
1499793799
1711748912
568215389
2107806940
1394454777
1751427701
909693013
1397396691
170020982
1677633484
344935920
1254554190
2063619668
2079196523
497412039
725514862
407070052
2036043864
1597017912
1188113300
1330164135
533422675
1880612664
463142596
50963271
212123894
1172423861
171131668
964609103
1241481904
1223618378
557985456
1264317337
1423965740
308152597
2011525574
1023861310
1395294237
1736816270
784126175
46716646
364333294
873881582
1905772210
1365031633
1192236092
1964294187
970796674
1058696523
1333798343
1006517850
468055717
1629511804
54517986
713559216
396614332
989625721
530900426
76157463
923608365
1182093494
1885321266
918985119
988183217
204766625
770698727
1985989235
816032611
1026784285
1117250634
1709959523
171478518
2011929387
590937944
2050580399
852680950
1667911306
1302425469
703827002
563492311
227197495
1173651311
1215912737
361947938
11908826
418802635
1163306705
1951464998
1353229880
2032451462
1727094605
912809435
1826959157
10763250
2015066960
1673438392
1518979567
2049787230
1163571158
1529107167
242533525
1329584775
802615487
2133451041
2075297554
1510478453
151042418
1680204334
156770149
1568416337
1528830932
1099247014
101389904
1314712699
941464037
849220093
1452772110
1675761168
552977794
1096781419
135632839
385525144
359180418
1196791324
490667506
1261119728
1553331395
1738234253
1639324307
1412588464
475462964
1047828774
1159668220
1740473819
1581741312
1634140090
990684346
1251272985
781056299
1825342398
1541430182
751458326
295001909
569889550
98646992
814865405
587714244
52675608
82301704
59642636
1232904481
1753665650
1377954877
1115229912
124389828
1006868254
1284406053
322091554
319522367
1594844860
1576194408
2036189210
68032129
948424576
1462377013
1708403001
250822196
105922184
1775246948
1633421981
1933298423
1353752177
73945417
1999002539
1921738384
1133380365
2034377949
733994234
1544941053
1001806590
1065067791
1497216428
1892127194
77080959
1218665905
965644889
565755731
350177771
1419412714
1006193383
1805569896
244300009
1618505986
2062684552
1460305984
1633117955
1146114972
1133455316
1852126297
737153773
1322925624
537271782
1203632949
1535781795
757100220
985307239
295133670
240761578
795992944
931634868
1728514902
1753110343
66795351
1292661003
144183167
1486823046
1250346534
2011555648
1954620680
1001633740
1946491215
366827130
970952936
1704156580
866032422
255196992
1204280922
1308815561
1580176396
1885471972
1646092177
1774105
1882156571
1988618826
1396798880
1811891311
287588781
358717774
1657512340
1627330521
1323542973
1696460840
245062403
1079663294
1912725416
856545434
2092216896
1728140542
938483715
537257195
427341682
1590299047
1852528275
1266513808
1458219691
498303439
1593578030
43282529
114488572
1945116139
812171743
1179149163
1387325453
1200615647
1595619427
1010980593
1636583106
1589912009
748320915
1103497618
1289196890
1070880438
1767492074
1617674400
448016760
402597362
1128141954
1349361437
218706591
681480613
1314555213
74547791
838734407
1812564204
1283816102
1859676575
1133124768
2043376317
1267120172
1220305925
149530653
736804774
146793277
518391461
367662573
622298272
609240866
1226992328
1897765532
431693084
215277931
880981029
1529335191
604099775
805680686
288235340
645137003
1964481105
1670474707
9410517
1204185141
1676720603
616050709
1355273839
87618035
739745386
1011278808
644679564
1783957287
622370125
129208098
767621457
1830485005
1430570728
524033551
145150397
2028491075
10797707
1275618406
784420105
1632484615
924102446
1081109108
1497531486
268827232
1789005588
1202192495
1544960793
375284305
1097119946
691051465
2049947075
595741552
606851743
1200781981
1390680218
1044001344
2105004899
285085706
2052738235
30386779
844795577
731298129
658075483
48698576
418792715
1581758627
467584914
1782587970
242532215
304380569
293881064
1080957549
1349480819
1735729559
1876985150
1454959596
1675731659
1018190581
65626884
779617543
501064372
751008352
880938052
962065490
1348337908
1965678265
1677565950
1243336652
799789370
1668586919
1098863640
244016693
989000764
1560508609
1163994448
1885288116
1287482087
1255151883
1877609370
1142632749
1982771383
776770411
566016358
971587318
1777867970
1668691256
159900109
363106878
35605792
392009721
715196090
1214693099
1439668509
1099234844
1817366116
520592152
1653574227
2039871171
1908925310
1444996680
2119393396
1376733874
781932751
88521412
503683767
1940664230
1144494644
2017838469
1983810017
207996236
810344599
911754710
436464487
1074780453
885535152
610457211
2106165879
665973548
634643839
1617558848
688646988
266185030
1921692860
697402357
1912470763
224607369
1227247435
1628870568
1055052700
719682795
663910971
1842721304
743205555
1626207521
2104342021
218974340
1603825540
1027760146
1017146664
1613645232
1847857941
358376373
1372826086
1353402495
2110776452
1527027236
2117096673
802663770
634172312
691128758
1877998383
1241996695
483031605
1651351897
1063787670
2034264150
1807896468
1092578375
576258529
485450352
716464631
87968570
929635214
959418118
1054013675
2047581024
1070982886
1633144640
666075050
1637264427
1971543427
1990024028
591304554
1793768026
1739778726
750600557
1312305521
854078523
1758128690
868069307
1767420191
1860847379
465022450
1459094263
286267119
1132048915
395250983
1455202311
2896399
1886249817
1681881477
989959036
1673190042
1727880117
1127456362
1521285521
1486959689
224287587
1257473674
1412181885
1635842145
1723389486
1424771624
958974545
2107951180
222998334
413615584
944527505
130844421
1740586428
265934988
488892789
634567807
1104877864
1658235162
257187234
1480851157
1941777832
621376942
259030909
589391230
169219971
356936010
1222763173
1462174327
1826015380
1708522020
1836420527
890201565
1358394186
1145458705
1883072714
2053973721
1427619830
1898656364
446134005
1641248413
2144946295
873823982
525063694
1042725521
1911905421
1479223075
2094171876
453914260
2100235896
568899491
821165514
849317609
1952613981
1454728518
1963424379
310233804
1880268641
2064819254
1936337022
2026094324
1844825096
1548764581
595199886
1127478958
555958579
1322131067
990616508
1095137225
2074176492
1106523487
1761699135
1405981556
1899408466
1730836607
1443111448
51036461
779967234
691600704
896193597
372015250
2119963812
362398942
25400167
1028539470
1529040398
560270113
1401824548
154362765
800141567
1604394356
551115983
974525667
404537358
1323218976
60048162
1627615282
8995653
1479208212
386140173
1700624585
1407384547
1904185820
1408219538
977023034
57024737
301676078
1127400607
1837543363
183575387
1179230697
1233599826
1019038645
893598227
935713681
1085861538
26065951
1181234937
1627305549
127022105
308957319
1504879163
1986455584
720607183
561850769
734338784
974760115
1202142428
913341238
944510897
96261886
1168182858
363124400
103330385
1302964042
310163445
1099857349
871238730
1017436874
170550791
1091746770
1370603348
1200585817
1239109242
2011056373
1414573280
1016670007
979304415
600683387
1902711634
1503450600
876772047
2090914562
2053826894
1634809708
958534035
22168108
1480557239
2014678674
1522471046
814473445
405372021
1103369986
160050755
1070685917
228454719
1494414552
695452763
1595526496
1677194417
745318795
1962069567
884030025
369580376
860427129
1666429855
2136691045
547076915
800060102
2021644023
852494214
1749865731
1487796497
428797390
1825262598
836836448
1451581050
982721144
1325974461
936617330
1770193079
1999698564
480545438
1452953539
1753286842
1756629090
1870265897
2087533173
2084575598
1366385398
1949929524
7372818
417334661
2120803753
1510907955
1078016882
920718952
221657439
80633439
1644614401
825665862
360883185
382252396
1548324490
1981075177
172532016
292830419
1810854327
1681969230
5915199
441332554
1809867073
1053734489
1689999048
1667727628
284331994
357836557
243293330
1295499743
1608528021
1455019098
2097362925
292509472
1244099763
16019977
2086581252
614564557
970313661
930918
1463929665
2126481642
1935639217
1393153576
776714029
545118762
398750123
1967662746
37865677
1977370195
946028333
1463361568
2005928264
606746163
1492889727
1631684237
1453695360
1677716942
1803639453
266210587
1306397414
1036375831
1149211995
808256654
2127038327
1501746065
1039120569
539464203
1773887935
281712442
964862020
905145511
1473148363
331680284
1920890924
366355494
1952219338
946320137
309448865
1181937447
1550694701
1964648935
1125972767
1058799897
57814948
371102056
51555597
2082498704
1776318167
1865882077
1370549819
1495234042
1130959786
555846372
1513310976
160082240
1334818181
77715059
482300425
60762295
1352349433
1794421353
795629400
306167350
971859208
631454480
275218840
104357552
1609797804
768646451
628432316
664025087
687924776
1295698017
1815100279
332351025
2005110165
1497836058
160010554
634155897
1126535929
1653894659
1445374197
1486437618
394958560
833243746
945968117
1311236536
1954236017
58741008
332359394
1061755137
1416600478
917817794
1363066603
441339921
1804133639
2087490802
23694607
2044555483
36476708
636818843
1602284231
1704931293
596698081
1382097732
243316
2056315522
833362678
226100544
1130084083
685956650
1293406656
1669166034
853739733
694967551
1620628639
54633200
1108529649
618523874
85777972
1115182189
79445404
1123771981
1545541562
904524335
1179435346
2017880474
1803837913
295809265
222210289
1822582143
1998611558
723761481
2029447728
1033577971
1228170931
1105615728
259080758
722921882
1415114769
543639635
2067503224
1834811419
375599016
978703406
1768008682
125432127
620178752
577454410
705300279
1630153189
1368899811
212472200
1839545353
1335112622
1545950153
266166559
1940940941
1950052785
937191390
2068924426
1059848940
2108975121
2013587539
1541227949
1745350115
1573095857
245580395
897167888
1743115486
1957662223
547112170
79247366
1270009818
28332095
1339869325
1302288462
45699208
1552102604
2100699306
1399649019
384587230
340662251
683692765
253483482
1900865640
203015197
1085478836
409103140
1751834271
223145861
1539744463
2000171897
908192150
212910997
223163182
972330972
349431869
111667651
911633273
910198837
729908333
1667310384
1884123599
154417622
457316160
1139697069
1789057231
1025108316
1874580662
1833534197
1446203156
1903076547
1734164511
1047483941
1044125679
2077892130
2134436055
987396811
2010008466
922125791
1770286563
851872353
500293406
367094865
349948589
1992614696
1623815476
430877875
764013337
1280046536
1185412537
1878417174
154634029
84548678
1344859855
1339478729
947996888
719648680
1446820928
484675651
152450658
648959657
1396275330
1838834680
371157011
532128648
815903862
1293381571
466748271
244112103
460453787
1843480112
506232912
490735960
1309018322
96865201
302003355
1942901185
801570355
820158821
445130905
2001173633
536024445
67950556
351155008
1317080136
972051452
1694083034
373251759
792583470
1589309273
1352169084
795907096
181619516
1344306509
1849449887
1043632072
695525242
798551157
676102135
1216618092
527402909
1001276404
22307155
1540988963
1203589973
872688659
2121091771
675337545
326810349
1563442815
1176089421
310113051
98987324
850665150
2093724525
1067384510
548709953
1854560623
1987018334
664957674
1419709840
718736852
108192949
193866604
1043995493
57498972
232972057
1056807289
255396034
1106944994
1633165178
199114715
6898672
1221097615
1049341052
308901719
147746751
489059577
1267499671
1719302936
1516759387
598525539
2142191469
1317125234
1296619236
1437107641
1618006830
1870036886
1842068902
1881331548
715471648
1548206001
1389010875
1511248915
1382761570
1852660447
887399130
1081227508
981357839
5932848
2012888744
737206098
496975797
431132107
1948840679
492502480
1659706477
1480642611
1269794165
178270118
2015833168
1607799802
2135148622
1740719557
1391510223
1581586162
981657839
1005510257
1682978844
938765365
2118468939
474662344
398582717
1013161754
1589562062
1121787442
1767382655
1365745818
2138365009
1500401669
880889105
1456110344
1328726128
1964425872
388821396
456543858
1111857143
678779797
589874875
376149179
1768479652
2141046820
430891311
1004776958
1206674198
703564996
322820755
471905493
868020788
187096377
1072956248
839621236
1444434037
1712864521
1522965740
618761028
332785157
1353181263
2081299533
1985059455
944562932
565052139
771781644
126596938
906030351
244879837
2144495204
388098026
744379873
935082540
1381556272
1421659918
569301427
1868876502
992172584
1724151616
110093458
416713616
556286947
1094608882
424894949
294737384
540833308
1950482619
970199568
809923854
1320070155
595861072
2095474803
34754167
847251136
664471288
279900688
262853028
164796190
1824234994
340214704
424915220
71757656
2043732036
54161416
1636393394
690077195
636397890
893519429
1265886110
1748136033
1631632957
919377911
1129468499
965991439
431432347
1727448865
472923348
981463372
718320860
1405083003
1196803598
1670346261
1929712234
1029892419
117673180
1189005101
409912278
2111661241
2133548136
984654714
964079881
1238131580
1274455199
1866988881
1029823964
1542015368
252426801
751949195
868380087
479136027
832757437
1482169653
820834486
986769511
1788612894
1691787248
1488123615
1959514420
1827055126
2141910592
1338240314
2029725101
2074847233
364412960
389366203
1517952898
2127298443
1085892240
1691537232
104510926
325280593
1112909354
1576571632
2136673138
2032210088
1824072092
836150933
1692558676
644303823
914471870
1797293663
1666099364
977446930
972978532
1883806931
947609863
1953110016
98086072
210310873
1485524765
1352189394
1868572201
52101025
245202415
1538437956
80965507
421307959
607576684
1447371458
1344081413
835209145
778666144
957597272
1352584266
196871567
400693951
897825051
1824787786
1697914976
1529177788
1423261346
439625090
1211661636
543542414
1715293187
496877162
2128507098
377138432
2098190145
154419135
853529728
1721905116
1431040011
186139135
48784060
248944944
234528758
721684805
1662671363
1050683657
1173459587
1219823286
1835756257
107774098
1219134933
44786484
1503324974
1100255453
503349801
653824373
732058090
525996195
2026101516
1844832348
1117846719
256211875
758511278
14435613
1365523164
426612588
161341163
878032296
1825350250
1397850763
541497569
1765943999
1131523092
772688559
1264076273
872952438
1023711096
1255737958
1880951557
1022015954
789813031
1455853649
1214431666
1107089352
133055958
654937155
1036677150
1030528844
1200382189
1794131565
737577151
1895692593
1501023916
1225448753
732492802
2041480920
1641736446
553847651
1510072117
345738270
1391727209
1942910649
1680889005
1751310828
659526177
537167235
2030411137
1951920164
1749596273
809549293
519858296
956674114
930302629
1838852922
1315224106
1133950767
1689139097
1079790740
344303280
2145142732
834704310
624954154
1839583303
315452716
1065475412
496973908
1896591486
24583271
1068403034
85595162
1529260031
242638820
1772738206
526539510
1999755125
37062742
1468918545
2096192721
1656864483
4548526
1544238917
93493857
583902910
508269425
280503155
197913673
48615292
656322229
1334968993
1145843933
1013410405
1321843806
26234913
1487503827
1822382433
441416058
659239634
215479306
1844230047
1613152092
1071008242
316791905
957622694
210300487
890290474
814391003
152368439
1053515561
1003203755
1185219494
351330825
1662836197
558345730
436606761
1341645319
505424981
1319821185
1914539723
1112048018
905743183
1580206381
962377717
810950452
513625556
1961893003
1203039650
1902505107
1828287248
793180486
1603704752
34846252
928794775
1291090180
704229325
286225461
1321735260
1832567847
639160615
2036638215
1202440077
307948906
229100893
1455185679
1984215116
1324406480
510577476
489379511
1428513793
1859083566
240315842
1597796517
1115306546
538824010
653623624
839469399
449146207
412589833
573747652
1750167989
1978322776
1844411090
1625868810
715225069
763670817
1467385040
2039544138
1136310215
1503317796
1380512215
1683136824
1301082707
452215458
677438281
911879334
1144172080
1482521522
638618539
1851551228
1635868848
106644422
1485085329
1213170788
81681624
652462150
51376386
1719815115
1344900259
1758899264
270638529
1515934042
196014295
755835705
501621148
925389452
1345317172
955978307
1706359638
1569145847
1731544232
83508247
546012197
370269721
1190861293
1584951720
838198388
1578415390
140994443
73518426
1307035340
2033899020
849116171
1983902892
2099557817
1865870799
953689667
1688691462
1459238534
345175765
208711043
195804071
2116812499
435121990
769692249
1043604440
1779660722
1562056783
888280512
187213086
1142131342
1535916740
1497074350
730961911
614577534
769947366
423456061
1390548374
1111844578
1615337866
932397887
147223076
806265456
1265761027
1657292048
1710210984
405073076
1183638808
2105593096
1668634478
1915715603
570130755
566857762
1720020084
209176647
1465372431
595435079
1346217564
1506223913
991109678
47458862
463782565
1428226298
1077913917
1900485181
2044608527
1872367535
120355534
1076060188
1724977037
1672347894
2073898297
1228151148
1587171242
1955879035
931525594
521762752
776277545
255172049
861226319
335311182
1348473441
1971441536
83102273
1785739385
1613410284
336142428
180704134
1299348667
1815191536
1557658187
1611569035
2040230483
1398072359
28789832
1548843548
1387176793
1565503863
722607370
658512074
1977452249
1778081982
1340172393
387244882
841802267
1621519037
505365290
523696009
764276831
2063100177
1919043355
154405280
1583108920
486285677
811747159
171495743
1712441991
638097188
1699171597
55640029
1126217129
73541025
2009324319
1524088703
1023826495
1468834496
1226537718
1637988484
1590031863
325552415
223776684
512335942
1226675554
1615669838
1208251352
656952995
518370663
1653467238
1175248035
1554079081
1261218504
633371008
473007765
2005749026
1639895742
511717728
620833113
1177171178
1609337549
257053479
807187605
1545336655
478081397
462122155
265278454
858063111
1122791010
1965930378
1897773768
1616941024
1191051873
1490650273
1837316536
161972273
1396072502
1963502893
214898946
854106819
1298910114
1743654393
2022817560
1264426110
707117933
829556984
1908742775
379931440
1752133685
1290080152
745396163
636269744
888134938
539047255
202824983
292519126
1547237420
200526341
1462242966
45671271
1633573504
734526374
1446599258
1680755534
1057282294
950763681
2007174417
848054160
238803716
233196235
1991011911
2032087696
126975176
2071871625
819569775
1906330596
267548249
1696595988
1123672319
348151456
1141296012
570796242
985060573
545845128
970737042
747941563
545680569
903672731
2043654602
1854649096
1493161275
780275115
2093345543
1488545815
1538574143
825972145
1323673949
2069199504
13638689
1369351586
1260591656
2117370905
769305043
896364834
1024344336
640681258
1965516553
1230643917
326442847
121333761
1250416642
54723247
797615404
415173277
1124713082
134980775
1097033837
468865074
1822370144
1197334235
196683430
571325601
632394296
1069238041
1443236851
38671932
2076282892
560478760
1160299543
903974776
2069076219
1859742114
1206014427
1509423671
42672494
91025877
1033810067
105840911
318046404
693631069
2065251117
951282242
1310858727
1137824393
1368251622
1276142016
1003709166
2057679705
1112017394
1271253781
798488950
611574155
293633731
1914608647
517918590
1561032350
2023410037
1121992385
2006737574
560309270
1223923967
2030828621
180737410
1659601560
1703990788
1762356799
1694649203
1842308969
321160017
111212895
2064878603
1315095443
989029709
1880444892
1586950349
359762214
1582330625
909835168
1121949789
1942755913
494800383
318828697
1892344563
558415595
1575354960
1584211529
1670395666
1671799632
1220104036
1408777024
665652536
1305763394
203995215
543366769
942556242
2019032942
2122783473
977256769
2109193719
2139006282
2076610943
897962732
1036731084
73374653
316758594
346849675
938454709
1101463999
1507821494
266487088
1635345613
2102917346
71989428
1696313754
668273690
1020156441
553589067
30560426
1549112168
543749268
829418072
963413161
1806073331
811947061
495440430
1097298638
1176729363
748031922
1551807647
1450964102
1702244113
482123415
68211525
1008177964
654016312
1869592493
1286207005
966953204
1100010931
1771517883
2050317008
1328270249
1888152183
10915434
2120445521
355737461
79084238
1977529880
307645417
426848314
1734725218
687911201
1925580294
209826863
984007382
486117543
1523431078
984323722
619388957
288424471
1320310591
333261142
2105242854
1581475380
1091854548
1967808290
2050669379
1964011262
438121678
2032078548
777651181
1931953594
693718232
1189035050
482175823
934885816
269497073
959343393
1475564927
1079768625
990593614
735508980
616493628
1426342051
266088145
1728742080
1398213119
784482056
47470084
1660176154
110760302
1290290697
1610471148
148283465
1738048968
409284458
713519675
621575181
1324781889
1161508950
322187937
1869077605
1019606972
370960135
662691205
1703306177
177818024
1045789210
4795054
752150008
447832563
441474405
1609745545
1343947543
1648765214
1461135820
1561071824
1854392773
202088863
1700833866
1739767897
1482187033
322190665
1020226178
754853831
525449987
508655511
2903400
350576489
1332104923
211008358
59091741
1412508580
1442896625
386567931
154924795
1294642553
344797084
447088515
1126493821
1054333364
888668352
383420059
1091456738
196524758
352239833
669498619
1980306399
772306930
2135458346
1122236443
1644576143
1088234926
1868620275
1020048858
896409255
1513184758
1204681332
754810983
1887122223
1267638479
798645418
109974461
272727635
1002404884
1053561711
1396230098
1332441185
1833466974
929148126
1300907823
1490376224
1786176537
1116622052
792430933
105926092
955657544
135120947
1672943593
1710605849
603803798
2005517578
1844091668
1150583813
491050548
1109976782
866495742
1675637169
706129299
1283522464
132576949
1328313353
1256771164
1329941197
949523480
1906084112
1226022896
1865002757
324845696
617639586
1465199221
1251215489
1210829442
1731760210
1995574777
1439988622
1201950827
1163459895
476398564
1555943005
906937462
1097148231
464496348
580307848
1261779191
683485383
1970815460
1602071738
2052093212
1324716730
860777150
1148619729
74141759
305316575
444506151
1031659100
582833908
1556136623
436941689
1528297204
1167963948
200322270
2038020037
586584033
2010084291
1013226447
1933982589
23944592
1292362213
2014519361
250431252
864987251
1571843126
577453797
1000187533
1139338991
822386641
1126299398
1573058859
436113622
432898051
2018660532
918161812
649101330
1897603907
1689842399
1193275032
1710554150
1165858427
1593066011
156037778
1079202826
73271745
2060584420
581715158
1287499750
1446593852
1037277198
1874948265
226616394
1570530303
1815190054
399285938
19549050
1139071421
1539847165
572431388
1111992407
2112142801
510974429
1481485260
2000490541
1974231110
495885035
362552920
2101796234
1306142192
1816262475
2097262955
135637462
1039248498
649674349
1818802578
1635143613
375076502
672822561
1691357519
178255331
1305239729
964936724
69390808
987832520
284892354
407858657
381080272
361024693
681309889
1376275836
864220033
1927843991
684499186
2023218247
1195256384
1054656519
1076610994
425115747
1740135642
948421966
603926126
768140071
1105068296
1311050766
32052019
1827540710
1912046745
1629066002
248372146
2016417152
383090088
1962282733
1034619011
1461157614
1975165683
639648826
1614836331
286244527
234130382
1123836193
1854721477
1956901565
137640200
76505403
1899919202
1069361542
2128045168
699626871
240748668
1686843503
829659499
571963532
2121544378
316729784
1326716268
73558020
1007314154
2112694973
532377511
1022617347
227129127
173613680
1994000853
953862160
500604628
687163348
2106214432
1253744538
774630141
507367301
209949108
628710964
123046095
1461693102
2060785849
179172095
795316070
797379750
2006543001
820573567
204641473
929069576
972277847
1880119363
30820623
248864199
197674716
1881613097
1207131065
1655515310
1891612389
1761228019
522037029
1708914385
1816679907
2001407602
1129293212
1567079890
778323342
640787482
1866476686
1877803971
943115447
160315560
2140893659
1781275790
1449221819
679755581
1145067277
237498611
543255744
2098677099
1354956455
1249856579
20970858
2015552973
613787492
1674162893
654576952
1191625301
1314443658
702595154
326678166
176129486
1022601702
1193217450
1777869367
1145433879
1144373020
264085564
2064400229
2066539222
1910701423
1939398233
2010530981
1939310029
724235015
1422266241
609089294
1547722489
699161725
159539570
1351203583
1969914409
1380317263
941913666
1449159959
45466173
118858789
131693513
1372979424
1173285537
19316901
1360447584
1206119042
1398080196
1836113235
214499944
1884180125
1173133141
2078780774
963235274
1549203923
882511128
1182614406
1229259369
1027547642
1188821670
1897371313
1834379963
447278549
1780386680
580537734
877201698
1510589869
1858136369
2051396546
2101405529
226388785
1040559765
1808577865
708340690
426891738
1749508477
2006991657
1306146902
1571286876
2095707389
68517853
1155567612
794614646
1940018214
790844062
1126385143
390748357
1758262195
1201341732
1486697270
1870900406
212626534
937166519
1389507848
708407145
1737039294
186906800
589214536
999693532
2060113705
1505493813
446279280
1443130399
1363512291
1331982585
1481790985
1632661598
1058147205
713003868
919742185
1379172514
1668007304
27062063
1508675993
1224927407
1965855445
1344647406
906307536
591224958
2090829852
1108043862
102060997
1963674829
1535365214
1903824198
635082214
748668850
1714982617
1219382245
699812635
1925214281
1462421893
2100369607
1441266356
817759141
264133500
551128335
1122708922
2102377558
1745546843
269880048
216124351
249723629
1088814482
337488320
1611924022
856471212
567468118
1657465407
212775491
804795660
1720834870
1023456005
134833966
1571981988
1579629390
1201312900
1641862232
846553829
1062434827
1510561136
938662757
1847038101
2090163574
1625081520
452533066
100132395
1273970249
429645840
591332787
1808979448
617098965
1483482237
608730478
1192483327
140658257
925453741
37616925
961783114
528411074
11419928
610485468
1272191653
300555826
1647332312
1541247155
753602097
2059788927
1739433687
1446139738
1902955790
2123272804
126894899
1460113342
524774815
1307660254
80076504
2093907829
1537206223
1252881845
900620260
1075974464
803337581
299504160
1231124932
767669125
1985198700
1627941032
1944885471
254917984
534656212
568097864
2102007588
1311399461
702248274
1641325107
99792966
1528697669
1138466736
437853000
1862954456
1061201437
1383182948
1833744164
860447638
1184346843
758716300
1735884265
551703436
1455273492
728038567
1447322282
1271341781
320906158
1263170278
2112552289
986498350
1604650238
2121684980
1094602210
1095723444
649502265
1694500155
1232700726
706211562
2146409942
132761946
1417926722
1331928839
1889489440
1803560745
243554929
1997485069
2140760008
533258047
1035919197
1225139312
970371067
1177730739
231924950
2033661645
227569243
1490499802
1905624656
1164926682
228536311
1488897646
1625257453
849076415
1057368278
1706626740
700972837
68468275
112466573
595187421
585503092
984640091
631423650
885766809
1179668922
8504790
1839059049
2127146175
456471884
1094804332
2031772556
1395670837
1443111906
1317213193
883429957
301445848
1027645884
1375255253
1889826680
1200083027
725123541
1998809608
2113554709
1173784625
1928732819
552846985
148174381
887249693
15181210
788182118
2018627002
345606535
1171541537
1223379869
307735507
912199012
1423490951
1582240528
2128490807
884889791
457400590
57509414
101548181
67034830
994688580
327671915
146769127
1139303488
1487925640
61485514
990625932
287905647
278599200
410172075
346464834
768503900
1676132964
1011912879
989684845
1969346794
226331192
47876772
1561817777
844766668
339249283
2030007467
291920014
263366089
1646392049
955288745
1103968164
177828603
1221636749
1405568630
306759105
1967450632
485164909
34035702
1925239581
1294099236
2028089777
792595873
883710132
1538163257
1092691114
1545594568
156307154
1382569684
839336176
2107996519
1032292959
1332757648
304616981
1858641649
1544348845
2038674273
426323373
1034086346
394979325
656836610
934730948
332290267
2040514301
1307272148
606674738
889810467
1414421102
1139518747
2140239974
239036516
1465903053
782262162
1535827743
305520830
1935699730
1332520145
558149246
675325064
1610514824
927675368
560046304
1014815437
733454178
1211070943
140759683
271871808
786046684
1271630521
155110047
1009436447
335911172
1284233226
1237880453
1840496037
1685250574
1186575140
2061679584
1117120442
644646277
886412274
139766411
1188634671
545312276
1801071021
1919915767
2059558111
1008095954
758723440
766891109
1851640324
1311509959
1535319989
1390282685
1796746994
1026423432
533362016
2074830993
1393072637
250035213
1911817138
1597246592
1353405651
1639631637
1598347808
441334066
686760310
812362784
27199853
251510267
2090188026
2145234534
587082487
1742362330
84454720
978825516
442806662
310908497
1541624952
66089714
76218879
1853544434
596856167
1072621227
331436622
2069740097
1922043877
1325863653
1335186155
77046106
835378401
1115453380
1038917257
495304878
840430326
1481833756
342159943
1009069509
326240786
282552427
971714170
1577351805
874059823
233331730
228204006
1702254173
1017994693
814275677
420611937
1126054512
25672069
291856000
161088722
168827394
1487946950
2098487086
75244487
987504073
787757038
217808827
674057907
1677682164
364648083
1239559451
1290926926
743625733
912466836
2103103010
1557177563
1982913953
250682795
1934326287
1673726594
137061966
389497759
1828664706
1178024255
172663368
1819385843
1799928419
1561418564
753795147
1689099861
1029686517
192892873
2022185941
1918297680
1849813655
1007619185
328120213
191594789
981465041
261670060
1041743758
1459111133
746641123
1773001292
1488737247
916359403
1432550818
1801295237
108714411
1493443200
1422222356
1447077331
1467029224
1563339028
31523360
1054632242
1818711019
770376174
209442513
1720646993
692421939
528626872
1415476542
173348702
1454079584
18647103
34937834
1826268253
17116268
1045685668
468013724
1600598309
1972623185
1553368558
1711345780
240589683
1946512654
320529678
1428187748
1525844186
89314049
1933967043
919259537
361965606
1723744637
310694667
1924704496
2016000380
434807822
1706701233
1826020426
1381260703
1898251792
25284363
395599434
1834397555
1494811382
967417932
843294273
1197777788
793330096
627212169
2138605342
1657876546
650442319
1556682707
1936430309
114409184
313748714
1468537352
1921782690
1957126820
1752079106
729069665
881421752
1025432089
1761983155
86403930
1077752058
259544674
606137381
329973074
956208758
199756864
1818157108
1134026589
1577619357
1493208117
1600490120
215598326
683367671
1954013717
1375657038
1103333622
1721937022
1960345122
1119520175
1023236299
4800327
852419813
1806549147
2132093492
1443043502
367339374
638198432
1133606330
938947477
161293178
275019791
1351040085
2127675744
1828359200
1252304131
1121211189
782757895
531478960
548900998
1547630513
1438005236
623919573
658249312
1608232009
79835887
793008219
461635968
1413110759
1325988315
1047000780
1247940207
301713174
868420295
1743572354
1465775350
1485846383
728152136
914750203
2013756171
973110404
1324490344
54299785
356617861
163721198
799383927
299615956
1182689284
431505723
2042098780
755381646
1090892904
1939917416
1689036457
1933870167
528336785
1683041362
1075198824
2139037226
1410389648
423719589
464307761
343119460
698825191
1074266224
499258020
1943460048
1859106685
176587771
322720248
250945897
1057936728
833172297
543183182
1203813715
1567503194
196694138
970209300
106992254
893709859
174323088
828624482
2020569171
1548880082
2008426871
707742435
1681729515
1533140767
275725109
873310585
327314424
282566760
623535938
504072446
1981315365
848548109
989905753
1141871039
1046841111
1255200002
929329639
869098638
1582235411
95322783
2048270324
22023985
1956806123
1128643486
1664468937
59051148
1745263449
607981755
579845728
1968228723
497318402
754412265
1348929252
534098856
1859854525
630570595
924708654
1052168246
980261271
186958921
1614672898
1061083382
717019949
946846992
1719659964
1333060474
197031969
1662073597
1100317537
1783074609
1350637571
595260397
932505776
706198431
825210544
2093849688
1527242818
722191864
396668270
997836939
2076117464
716460153
1639809703
130209733
866809097
1521192962
1438679713
861726276
1075347006
133702328
2118459225
394184487
584839917
1226599804
3151970
1256261394
368737699
1490780861
1584688225
222492194
799300268
467439922
74059847
3062455
727077786
192272684
1487630198
584411836
673645568
1611148096
126530806
150744814
1264608786
1500769977
625990271
1796435132
430351810
1817227108
1032880696
2008086530
867995
1722823765
1578276141
1019629138
1906007578
1331043708
684371242
285988901
752914836
1449986756
2041005053
473576416
811252128
652364191
838446097
1992984500
462309067
1135676247
1148047517
1477893087
902937885
1552294869
698465765
1809022212
317554968
692408155
1989013926
771384986
1355869056
1679360150
1661956934
375501996
817735207
1708505051
671396706
1800806080
1500139423
949608542
965621130
1152547229
1589471060
682833591
52690625
520962379
1054966455
1945286509
1884344159
1488268365
1536411785
867702075
906240521
274056416
296596906
2115876518
2106324121
524094432
1879779593
2127445330
1130846279
1331372727
839759942
1881969389
1900202509
1999961454
152980343
1771536559
1938772538
1411587528
1806565764
1739705581
1212509578
1297437730
257383697
1203233154
1166327086
1077185388
1726003128
655096293
467762823
282827165
1946222295
876730821
1632685066
2004884235
2011674529
2131954410
1053074710
1707365540
212421683
952411091
732479078
1695227393
1959829007
514299243
2005998223
2030490465
1970725971
1954316767
998992230
1608274012
1516424768
77863574
698626462
2069033318
1389359381
270861955
307281711
1152032630
681540306
1890603050
1552866703
1724964970
1792225206
1793940567
380327591
2026763092
2136190352
1333159883
851458911
1415770262
790820981
219057668
1931211859
720500197
591154999
1052399396
2145523991
1156143048
1870808788
209964689
408359294
1175116690
876359593
1708335173
1332182335
1661467185
230932808
811909294
1142711503
722217549
2099514971
2131106115
1271738510
1643000395
730513766
1063370699
218130958
1709277894
1703715103
239350876
386679754
1033934999
1784568888
98707206
329771475
841574209
776117650
1640580972
1153341840
1095027589
1989044562
1078237600
435520081
1144128688
1086636052
421352787
1182100808
1475295169
896175080
901860171
1621700188
1790441828
2052314172
251122803
985783217
1282596929
256588344
1886275463
1274138198
1038556848
2064956576
579139473
795830856
1018373629
1844233538
518371870
1869655892
807227239
566524775
2089612625
124817500
620203991
664560075
1275999907
1110381580
1961832613
2088647033
217927852
1425882489
130126634
800534303
965017967
1527102452
1391393241
387141310
492052681
409166602
1453611849
83574755
1227511411
905341854
347421735
796215919
1953323179
1946778402
1621004705
1982505491
38777347
586642671
1839967067
2024930068
674369497
102961498
712386002
1971349066
1594366066
514932443
1192879331
889288167
1504299380
949438949
899028357
1400350959
773479971
1974324589
167000197
258351041
938327374
2006543045
1508783254
1499764957
1981116374
846875131
434925660
1029616720
1182670560
1601397370
2002056426
1549762671
1711708730
2000325291
1447335971
287985217
58287649
302141646
1659580081
16895295
5362208
53385956
350471754
1159622578
708155105
73731813
352446491
141891475
1277951120
1152009025
741139162
1754204577
1857784102
895268589
1006771525
525609768
2050438821
2013172141
1075277912
1992852634
782512463
1558129713
2027325670
1188957902
146873787
1943363757
654988054
1083950951
869787512
1163633367
693595009
284888173
337843955
1669259342
1526241808
1895579899
1169141763
523315351
