5600
33730525
155316133
1297452222
1403742272
1768789354
1409520196
1730671695
284773570
1502698152
1313576996
1943192180
187959692
303138172
737988418
1458441647
1452563454
125730444
331343896
1826020254
1244601593
1250315256
826694228
1024016140
68823516
1143624414
1491964122
264764985
799937538
798171676
495148485
540721471
431331751
1413170325
806139700
1078708338
1736172933
1095375674
479181515
1135487425
315266945
756531030
1979841228
1804965960
503878971
569568451
1184633257
1422438829
1221239070
1264710801
552828572
366400621
1715911688
87537314
2036058589
1264221802
1413172359
1073062976
2117071035
1146172187
1912279057
1679018620
2026183190
1488054667
1550766530
401073179
1474794069
814416620
486403199
704934926
1608716281
1645267139
1718522202
1678305259
456605598
1361408757
1810815359
805028228
171546700
587445736
1402445118
1147652597
923105261
1691670937
1054479548
2039827210
1044088626
874206934
1617510493
2086163033
204563961
1274740265
407902399
1225587422
22192006
1384621485
335906548
863682428
1737746210
493051809
2037327107
1048040781
502897619
1695889558
820233766
675646899
508728506
44137793
1935591048
1455341804
73938260
1527548341
1463100527
949043109
84199957
143728226
784162633
1054559828
1313942601
561201035
695935279
1151739436
439004779
813210269
1233104426
265715794
1311920258
187659470
1674583337
290203621
1551252481
776806770
197285764
671716334
850823336
680329186
1986126356
1834781127
1701201962
1620640384
336424087
1981859808
1722407604
715439098
1402874559
2136323858
11766589
780400125
998896600
710944154
1979675494
254136235
1116810032
1064372418
420456576
410870670
313094348
1655326768
1617538834
1895888406
636885152
1119522406
1924544282
1745398652
1992256520
97068297
1644437690
2054538851
1215934788
464180579
1280297063
187395568
1628240816
578343867
1519360715
352451560
1588511844
885174581
514257274
1207817027
801000063
1186223599
465581769
330481197
255113918
698942351
1403998796
350016535
1230643314
1673813839
119364937
878176389
1905270168
1128957007
1834917430
29262052
455305923
1938824641
66309624
1947816656
339025864
1534822759
886547283
1059605093
317506547
867172730
1977198515
1408112840
977544581
211537683
711414528
1866942888
1423833919
1791132775
2084860024
1232462406
561531767
834420554
248760812
229279590
229350705
1283650282
1672551754
951331685
1086844921
1539750536
2122143648
1511998703
1640004541
824324963
1356733032
1932364915
272054762
2613049
919701271
1395606359
433665392
1952550482
1318540115
1491534211
173842986
1165677040
1049634297
1824590864
1301397069
1894741570
110377585
1472672556
941062648
1924597058
1231179133
1331312778
1818552172
746999840
233296178
635026902
922252275
627049049
1329818008
209959555
631105309
1766669032
1300410464
854882884
1255943104
322383835
1882997199
1422926724
1337712727
1895487310
793186333
1849607517
725069462
1005558475
1559232581
1543761334
264727491
238686372
1479462652
471517129
1553400320
258195117
477838069
937411260
555360058
1221649485
1476623137
418430703
114142609
751652023
673511939
638371053
1041765596
420030845
1462262295
89932717
1482244423
2139026490
1969340817
1168823907
1247507651
1725651374
1794535378
2017170291
662036146
497036028
648583272
1895883193
2127690771
1230723247
1495959564
1931532180
560250910
1835725952
999952524
63906076
2018280573
451361853
853884251
1973775802
2019868974
896248534
955862829
2059626287
687902017
379065367
1337786704
740241273
551347934
1547879899
1626805426
2022663903
1299956460
1400156793
1365386447
1446492833
1312351949
1013490556
877577271
1562442510
629769937
300315472
2018828262
568703313
2146938883
275992602
347434142
998010527
1368029045
1878000906
841832897
1464346955
258732760
475942379
18534189
448316546
1421736073
950415370
1777709152
1373873414
1320069201
1481923950
71067923
245235804
1560132330
594189996
1125515614
1673636496
1766038266
24855900
235567603
1415933211
275465359
2003346887
122843339
1592910935
1458564614
356620840
274664679
1075570283
1099921481
668208141
811283106
569209118
1363322513
1538164460
1468465197
1730551809
174857899
493474419
359567714
593242948
1548693997
1161008242
924650746
342289782
1862233302
28507096
1703737145
431747565
320466722
8417749
1136054154
847743709
1203342611
9000260
918484149
2070540199
137803328
1289272410
1910755288
2028069839
1415849770
341720644
317540865
864936935
723083361
762038051
318670892
1200413901
2012997587
298020952
181071503
140994970
1117278167
1110336473
1213165140
1057659357
1039927486
1186317961
2001803431
1333608424
757135304
716614162
620886884
1075365711
1771821266
573179642
843924910
741249664
924738814
2006564674
1466676036
539156940
1870545966
2019272975
780223029
891699430
2014430413
1321967518
1378168140
2127986173
1515412506
408788672
2010460642
2100307660
1188884010
125887707
225778586
1230606414
988536533
124591183
1142659056
468739037
1975445753
571641622
428692365
396539333
1681833896
1451646897
1558666750
1929159710
646084119
543411314
1511642556
812874653
1407233917
649820467
1257495817
198666110
660510648
1665778030
1671550404
544515732
1198367631
281875245
1268704678
189614653
1762203909
1366642791
322618014
1895070734
526671668
1149581874
955565801
1454656702
1048254110
744415755
420302326
717687136
1341389287
1414800591
751720339
663558954
921142692
397683945
1311536372
1908960308
1077635300
1101986812
1199635711
1778800244
40090914
2009595342
1312720838
629217766
410715799
2125505148
580957121
1658968827
1908538519
1803812841
1836593544
325855321
532158944
964459823
408164375
960235917
1109259504
1180468253
1130987762
1734317400
1767006082
1709390701
666528958
548736802
77287435
247876008
589098831
647401173
856396044
432643698
1591976903
8137959
316029248
632178125
2030594392
568179446
1946217714
1892762036
1390044819
331153428
545645790
1534290989
659576499
1801551888
1024900918
1271095965
1312824656
535742905
449910787
1457682013
417112705
2090749027
727050441
1614653622
2130376583
2105915189
634696005
1387506632
1673511597
1492311703
1287350203
757132781
192279507
1334192722
685518959
1443539620
1936703600
424971507
2012864263
138544657
401795066
1719271605
2043428351
746073776
1397833743
1839566488
934092580
433882969
1684965548
1799871493
1480537099
33413606
1377077471
1076707852
159362469
977768848
1268150785
241986122
148088219
664009895
1449430384
1202878075
1371688195
1181521754
189869880
404073876
19719794
615603541
1567093625
1958195937
66421974
528491713
1599619639
1436566536
891655226
1515520051
999562171
1180270297
549792260
712812695
375663762
16166907
900996406
470937583
1481779714
860793131
1240852066
1138703173
1785362059
1582473147
1912686811
1134363975
1022758295
1938461143
1287962962
1009149918
74299417
1826633162
187744188
1667018512
1871153250
385970217
590915218
294843113
878681959
650334509
1264292751
1551546882
836581330
1980668897
216395682
1001038755
93649625
1828639831
1883031422
1022892426
1569299543
670881037
2141448992
2096958237
2018230036
1539173972
437245764
1782754986
890904907
1278249885
1353999462
1336560779
1220743252
1669292606
1327579163
1020072156
589833585
309602188
383593548
556524942
1281706455
597872444
613484610
1361597812
2143027858
249975076
1710465131
836728162
226756046
584579190
1019692819
1931466750
344069551
101333211
609891306
215188990
1847993802
569380227
1813687562
660013610
944883383
2105138970
1525675737
743854806
979884637
1703997946
1948847089
2011763698
2055639204
2109365353
2146573879
2143719874
854371147
1934263639
1717689940
1217063742
1990920704
296888711
1565494373
656816928
937656188
1586359148
1581436962
380554259
150334539
809592722
1391352050
1492078824
1562158255
1644614744
1673938550
707406012
1008278493
1551640392
1432574020
111847285
1337055293
567722976
1719920436
1524459895
1759686706
1762046403
698065988
1959308521
364924453
322067071
1644372463
803058855
540015736
1796460619
2113414057
440152577
1354021348
635477057
1539290794
1017165602
397579869
159716445
559616576
1012347252
1252611580
1813789142
190857050
1084910457
1913085632
1957502784
950503761
1533646762
928377852
492230509
496940596
775742049
1520405053
1932782284
1932723922
614599662
823254140
1885230597
576913177
1552550666
234596259
278728852
1588131402
1034991361
443033464
1768168029
1452240663
1239906897
112765379
435163735
450902045
1588333657
750613443
1483101466
436163577
1921266585
669969898
889365085
1310894519
1320653012
478681006
1685801894
37190854
1612738562
1566786724
2128931459
1516678594
2011997174
1536827472
545169123
440975911
927426367
1242167831
1039127865
1945810021
1728399221
570251805
1168151660
6589730
646649522
1029430516
1408586936
1512227403
726197941
98654301
1347902841
832790614
1010960933
1207781152
1024633754
304609726
725295012
186351023
1546805129
1954373474
1195844454
1748444639
128234545
626663827
579635763
850985972
990870643
1920259843
121332355
1723990435
1373514111
42151508
500006973
857932798
1681021414
829605181
281652586
476251599
2038427274
1129105768
1751311855
559185285
2008918464
1029005476
1785501822
2027620514
1244878310
907532611
20771230
1940021217
856584777
1915789822
104213957
1135055885
386296558
751176160
1255142292
1721078097
1383683476
2009123316
1561966102
789966007
1267349726
821384174
1255087756
1817638680
2095700439
512682795
272072617
1982339734
554898149
1580041524
1848200935
1865252274
1977856412
1866953002
346728299
1573646472
1150999736
1115670767
1707594628
1334714552
1919288108
1556261013
240705550
300160276
1506103766
1175990106
1351562614
641594079
221295007
692012815
507787959
1990396190
1736855010
977352044
119668628
1929782750
1995154270
793703316
148827771
649605457
1525290251
1348029952
2112194283
8000193
514853771
1593101791
954277925
1993268500
1820302060
1497000080
1372107490
1699693028
796111166
1601566613
1126214549
1994346243
1424280572
1301510536
877446369
734491191
1591097195
1717312108
803924461
164742436
1559548966
1068761879
189800540
1202496056
701523334
1948905994
1851816653
1274249265
1981310944
2001312742
958075669
593434430
1002794770
1195496192
1985154074
549309503
657984456
395278392
556702858
745891282
1551252315
1971204824
1025843526
1617889352
986733677
1349513497
508901088
1752070624
1633070656
1023160365
1110170804
1039511281
984110697
991431902
1047895605
972398131
1053093772
1016601368
387106330
497900876
1705615061
578619148
950507600
523797695
1973596932
1687944348
1757516780
896392216
1817889387
408147978
839564720
1372540546
969965808
270540419
759427682
1852581624
1618716277
1459273170
98517214
1354142706
1309343043
1469944963
993217557
560821380
1682145327
282378997
1700836844
2094754865
833237106
1295172269
790794580
1707884232
1170304198
1838630759
1138940907
280589732
1556270821
1931077306
596377883
1271876328
1390318050
369723466
598762391
1535827514
1730773273
1557241577
1606479877
2060628220
1384279345
1320560622
2016130943
1217030762
383265723
192377696
1113297190
1271063554
794369102
1108260215
1907475716
1523023372
1916090260
903109886
1270005155
409582318
12297500
981546321
666813194
1712071734
314366365
1285246326
1288682652
403535581
1044004199
754952473
903150365
1834292975
344742609
727300129
1600523090
1105316999
172528549
343512961
2141556823
794543973
525295725
110762288
1800217936
1305144283
546051580
1053267067
1895516252
162686485
621753287
1203273222
503073828
200443778
340540061
1267255481
770134724
2062674526
325323310
652807475
1485328273
1806622169
730122243
1030912630
1202721142
746199745
1401441629
1945144884
950228300
708558800
1125784857
512857281
721543217
205755682
365814451
504295895
18784608
1103468975
1219459146
1476276226
467787037
524539457
83194971
731634193
1181638164
1363573473
1990148250
2105612748
870494256
1424179766
501725176
1909793229
1672438573
1437933108
513101024
1839946853
1998279656
1141189624
139507632
2103403814
1554972493
755364061
1867197546
1189070815
878697579
1512168909
1822235047
1006143842
1903476442
2071862269
1105620583
1372485786
87834729
619880671
1675192400
400311566
1204696159
735611701
460909075
568484053
1647386761
2133837320
1039358434
1432004472
794607744
1656550877
790824733
1277218664
1605537659
148941971
2061310212
589341011
614816306
1577641452
1297614063
888862911
1214831134
1941818193
1930595429
1840417870
1470256766
1483391166
1287930730
361856515
1764970362
1277474838
1275109067
647541581
441921593
701419159
425036399
2028598704
57477327
119418840
1959692071
1337842276
1004949674
2099135234
904221131
295072592
2046013727
1039539886
134811791
998229667
1957222239
332416237
486869463
1750011836
1836076580
535144437
246407696
301057641
667443563
801961469
225206943
66941050
476186442
1112485317
1092929298
1272002814
1591399106
1545763575
1854510226
1270501541
2070605338
403462602
41744146
1940657832
67116277
1829504009
431204402
54331461
442418799
2018387078
1924422986
498694499
2130839455
801821782
1954463236
1648170169
177458700
1032773078
339927513
652485610
2046163213
1657883141
1756518118
1732616210
452298007
622212178
563327030
1804012000
836812077
784328371
1717672875
645597635
1582921130
932134404
1323204731
1180424317
1474055735
2025084583
1017488673
1959947917
278264838
590381108
1424154264
1209761183
658480251
107641334
897172698
1882927116
249237166
267777788
1090876092
944812261
1967674972
212822770
20564884
87719158
936183264
376249790
659507518
266107504
516337808
1621526440
507663057
846780746
669082766
563279524
1926175382
1034730450
1481321892
610302279
154338339
1791075874
1719508815
608441295
819761982
639940493
89548479
1732525045
575856935
368355778
945284406
717135238
1404935126
1840748946
1527435888
1388979933
1419152278
1365874498
1805248249
1890999267
153985346
1060437669
853577215
470348892
717786409
809867098
306552800
1148894664
1632033948
1581743319
299574423
311740912
525574170
1547882311
1063001461
531554665
575511155
1990535992
146888582
1160790166
321844829
392817150
2068203179
2115214277
1172145262
947005966
836167280
1422879658
2020377134
1061003039
1140827478
451117430
1006167941
1918184117
815290031
778887807
1558789612
299383758
226700542
1564536255
813301099
2042492843
939047926
70305502
564098089
360393197
1459225430
1547045694
795227026
1373502650
1000439894
2120863175
1260062580
588282056
153897054
46586789
614691740
567463540
280243071
1020807143
2005908067
874407089
1924390418
2090156051
1401908002
713208480
1653484442
1623926884
655456258
883744536
1450258578
865534013
49861790
212543629
957678
2022641148
577674110
966596217
549584424
1197331291
972733813
1335980090
635310550
1152338419
1831614320
468909664
2012880709
108095337
171561028
960828107
171465395
1871243642
1327783816
428922902
2090749542
305883670
67345236
665086653
246959639
1873787990
575041271
1004845322
769716260
1980075962
282056926
1020472214
480612518
1839553895
821645577
1695028412
115399518
428448734
279164792
1299376594
1346657652
627194631
295684530
64045814
153755812
395536686
920068592
577610584
933711156
1546690143
197049475
257362254
150524774
557117872
1119618797
1046628092
159588106
593081372
860190019
174465544
800968873
906778168
1353163120
2000895146
1485078600
1076138872
108523579
1869137129
1231390619
438036175
534626463
1420225952
1739052089
833046314
2063278379
88092278
283165068
297020153
1239289685
1128942642
1678965763
1827263747
109264031
1032857734
1349479007
200272083
127098172
1313168230
1760632781
131810845
1336147637
1560056380
1244485413
71445972
1088742795
779204663
1372615881
731426359
1396896744
1306060630
2103513127
60184211
1126799344
545464315
132885
1183200381
1798029601
499763500
2097977142
1233262304
452812797
307362119
1467711627
381295467
1111911109
1188595218
742404109
1175028153
771255660
1473764456
1471869273
1161414745
1659870691
75014525
1420765461
745869495
1355316316
945691188
1428985728
1787349914
737343354
352279530
738632307
129609007
908860553
1147028626
2006099838
1963583803
413617302
1745697565
2089178779
1492301650
860879488
76855043
1106187190
162668420
1756164708
1516868037
1163616743
1752043130
1980638838
851779046
141513937
395161822
1406010955
1070598155
1195182901
298457338
1771003051
1286667958
1490694520
1989618182
377533921
456139465
298552124
1940245679
634277315
1908424691
2046789245
174091053
1133217459
98487393
1177605331
191018509
1719461534
467382625
1185549995
17674174
1733008976
1715067902
1669553406
1702428972
634099639
1677300788
1217604416
1730319848
689769205
910007821
292217565
719159497
395484690
584851964
400075681
1755391868
929368629
982277204
2106013632
1945745208
1633503933
1585583645
594842867
939188439
1790857862
711451941
1640195
1773526382
198658789
348730533
657910426
861125093
751262204
1763513520
1550622276
1561652193
1243344877
331535167
868316730
9907633
1326620377
291593149
294040857
501391956
1399289677
809132056
1292210027
2027897351
515436474
857884743
1335047479
2029227742
732582483
1257106193
1136911407
1538101310
554546014
1145507258
1184236170
1719080835
1467903738
888712380
244203623
1651919984
99954704
1692666907
584958738
282820888
402554530
602902319
113989188
1828539959
2086458685
929061135
733521686
2093217634
1795112866
103789860
238847436
520427490
894796140
755844869
418066570
982554056
741000142
668926711
1099277678
1741676362
38784017
1202712042
1399389221
704147048
1400748405
958309828
2083965311
200447305
452611115
1887220295
1976535136
2016776845
1839641303
1710201889
316148932
1777986949
927064361
621071927
19070414
558045845
180842023
1346977088
1199003621
1382115117
1240726167
1519769767
1514993447
1554853458
1580658
1558299166
490219904
1801213040
1216536561
411782640
1155352903
2121468991
2028777942
1663618049
1332043490
955310726
208402702
1779570544
797756260
1954222718
1939610491
1895034432
1350892285
31793637
2059408842
1742607192
1191321239
689489351
1724488240
1918710966
1441656542
1778257415
1045280310
978427227
1666741737
858053190
1804599555
777235572
341828083
974165421
15553056
345445915
82337543
1546074925
1762590511
677243825
1914501562
1852088943
812622348
1227647883
886212941
622007045
1574594539
403610055
319136206
1139417457
2074994246
945856638
1036815981
303354627
63666863
1185609577
1127633881
482347673
1413230420
2034455808
1370470964
636632046
716450552
1132684820
1688690568
881682656
1631430093
1032212064
1347015249
360473973
1182034028
2138960013
609137435
1026319135
1876611652
282132165
66051868
1536411211
1290888984
5427914
1531159163
472334887
232383943
872811993
1213395569
1983790226
544138923
2080047526
543469529
562526928
450429277
1962598388
806809813
894375286
1657436983
1288745803
788485013
813085871
1017806309
52502252
1571510374
589370603
773379340
1323427607
1727644714
1915867793
1129526471
1638023545
1676020201
803372667
1327827028
1458892110
1258208770
1271790172
690669432
929895308
585109494
1743985797
1045550447
331280230
19614731
1867488488
2073945907
1572159045
898918151
500451542
861729048
1238136891
2059308802
9666265
420650423
761581528
616613494
271250398
1350847451
2057042725
122389995
1720303327
1349424313
738182014
864577264
877899165
26040942
661282145
938268110
21159907
247422510
1484360119
978897884
1846062349
1261329946
3243245
385520094
491704113
1736752109
2021429256
613452326
479844384
1733929834
1868085420
1489109824
485354852
1679616051
1722009912
1164448109
104254555
720040985
311916800
1237283260
1871976062
651353384
36058380
1486648135
1238033883
1362529512
1367979898
1591339707
272476463
235838797
7628916
593242955
535513142
1778038679
1651934778
1814104568
1662422914
606567129
21501283
1240852232
1398203867
1177741744
768121125
646758707
1794328257
1213751467
1705349955
248073896
2038990982
1615664292
548982013
893329516
1864099620
492181832
172975704
1324993552
333109586
1547759270
531279693
919084515
1240017966
1778882496
640403407
828593017
1639868437
1544108382
1757087615
1055612350
951286877
954220300
756821642
475081499
1283568546
83823283
1459641731
1902639641
630452496
576465458
935777795
645313324
1965765294
848762157
385712813
2118273904
58154839
1327395918
282216274
1470770798
216357435
1929440984
2093357391
1678749832
1963155229
1580302582
672325658
769755515
1081910986
170416697
1280646394
2093241883
382554951
2078884761
1277844381
2062623501
527410186
1469615559
1687513643
2038628042
1701016105
367495094
723081686
1334613000
118551738
465665111
1570522795
300862370
1470614759
952252704
977463335
1208579936
976968341
958340244
1251338595
1266615251
1711101959
1137421278
1180830031
795095704
1847049863
767734139
1877213848
1565842551
1455878904
1065149325
200359038
218545246
880097527
566104600
1575895793
1427325128
1220046967
1124195503
1485047437
1372677732
1278417087
116453754
19195127
1094228580
326737423
1969738532
1435662641
2028315715
3992705
1723344654
1471493102
1165662418
924536085
1458408347
1026997140
280155016
1570277790
436139572
493884520
497285585
853432628
519412309
1499238796
1086653462
688264339
1211258521
1583516686
863260943
1003270611
454732775
1306715232
14008205
481429808
697711534
10504592
201445561
1805934868
468045145
1311722095
1436471845
377045550
696048968
1975528648
1897730208
546608216
463909685
2125696787
133108219
2134835670
618659731
1686818537
1530320703
1716298844
1810760361
1659189979
1786849063
1406466284
568080995
995822024
1078452408
1625103463
1445566680
1478957943
1662276718
1475694553
2089697764
1001423046
205170576
1374340033
1004720824
1042598849
189218288
466529748
634531481
796141650
660024446
1890821097
1662965231
220216262
1572123270
480395625
811910321
409914862
254852574
1835405883
996202471
984692857
64123671
1760806973
149339348
1248960526
647348445
407484067
130967077
1836512270
2031221309
1355519741
1430391679
11581096
16873550
1161466994
2062921345
540773802
1472414986
1250599241
401680840
516921960
235916577
603329065
1890961143
1963563523
1144625852
1422951052
1403542684
1847578013
695408353
1706688811
315159854
414427789
179459208
1039369348
199294168
1200706318
871096993
682993224
1416689515
927847962
612214266
1502259336
516341658
987051862
2042805230
1103937883
1371884555
572080165
2028561501
1284091658
352779848
1664227180
1262744633
489460965
1059289381
1734451707
1315819369
946806592
604110454
982166048
1270705009
238219116
893474177
1020055898
10246426
772034577
1054751107
1528186632
461264685
120009167
1180782470
1016875434
793799907
1882156792
855483698
1078685391
559483797
1363499085
1764275738
375436088
1000487231
794265831
1817508639
930894673
1478935196
2107310733
1704460277
1939827568
119240184
98210242
505741680
1353015223
617440396
1731623643
279254073
1894386885
162409831
504720621
748016166
1072545779
1497845671
1059569381
1123520977
736622345
1928168501
176026660
1404314465
1079634254
690823268
986941351
390535177
114415376
721977478
2018443573
676368250
674243142
1950447989
488132847
484150852
1642016424
671535906
88503374
792779961
2140080725
1803471694
1925538237
1253010487
723901711
734502664
552942882
1736656336
162931194
891755803
2061751332
531890432
1164682863
524435654
35742319
1136902516
1367364352
1414910875
1397857675
2092416200
1718205416
1602819972
1488587244
801327706
1771075704
949189083
573478511
1684961133
755123218
1896762470
81625283
1579231047
816834088
2045479182
345735683
1847310471
1340596835
766155468
997278440
990262143
182382899
1711550629
726341502
1465843886
1698119595
568727540
550241185
3286613
530020383
582491650
1835337757
1101139933
1669501370
1845689201
32617805
116054745
1304521206
1253197045
976947452
1202269789
483337062
524969671
1960939861
340629591
634998596
143369933
307223072
935687328
335862979
370879978
1215701088
2088917677
1523110387
1424694153
1345343197
1596527523
760204078
758816468
1280786988
424745297
972113003
472324400
1771984176
1927125964
1509140656
1994869037
427701609
815337490
1525164755
803830723
1905131227
1121732129
1139937
70109037
600547361
120194825
1466286581
156585346
863275013
63454098
2128522345
1258259877
2100271030
2088737294
2078640143
3051216
1617518734
466279737
1338994939
1602980464
1390651384
736002420
24691807
998505995
1721316175
2131889192
1697739011
1431911966
1295441021
794024298
21696292
1079697324
730525152
1215328771
112836846
1017459544
443271049
1091988073
1918425634
584894112
28756422
1520420895
209998179
1350561521
220760806
399110418
567801792
2122800007
1374638792
1990533193
2030401769
170831848
1459150637
2049205697
919741429
2044601731
287076437
1406610451
309164743
1850619652
123870282
645219788
1903266642
975065533
986213553
1711703341
1006505782
137859001
403259743
1250875810
1988056077
1265924877
687799680
508032505
1876028384
673634055
1852505130
1754365579
395584850
573862680
1107184514
316719149
1503021953
413402230
1537585688
622390713
679128874
2039679258
339343985
450160212
850818574
531476837
1121290102
457933892
306459459
1952568005
422588689
160920249
544819255
1076224422
780298191
1934330871
1955531714
72152059
2005967252
1465696162
1955642367
1342229240
1033899422
394953194
1165964475
1008395828
1026920693
579780624
1352364239
397778219
1889536678
92168198
15258231
1366180273
695132074
383993455
1293431527
1332824656
2132135874
1446569000
388807456
847873089
1075777805
1720995261
1682670534
1854623339
2121053435
996202558
1816591754
882170475
2116703163
574243008
26681808
1639741428
1110442321
1292720653
1469016575
2128995924
666339645
1539850979
902009042
1553444671
2120545041
620962864
883694044
2009696356
1220759150
556431176
817603001
449101469
1417070453
1674826885
909506316
391096138
545587996
2064009517
1094318646
92084980
322224916
1549743568
1250903403
614004664
1344655983
1008514096
988323175
1372236523
308427130
1110869581
57420177
36095076
1162459750
231640040
1131574233
1275629467
844666196
1466024186
277688630
1303164517
2028639370
1178780683
654758473
623242171
674979997
906421367
2116803389
937729234
990190872
883865726
1959723907
908766334
1597918242
1920154548
127475596
417608907
1670904722
809530658
1138085691
1316901188
1467824191
1913038242
1854797631
1702162819
1635044007
1445658150
551616939
1097904992
182860738
1937825191
1739449583
1240319170
1063460942
55875520
1170011397
126144130
11906420
1697694471
1287355265
1326376451
1477809455
908529293
1517950996
1744668701
1476668020
1166385436
1694427132
224369369
292605285
620887713
555513572
1059878894
837197718
1786935127
878606199
328072968
396656698
1976507599
205341353
369274901
60837993
747848072
1638473992
1146146011
815169450
590904801
1629379038
1600357460
2036785126
289685361
1687358562
273359882
1612693905
1006689945
632278962
1337545441
842553334
844840194
1273240243
275927838
899376641
1224600546
990344419
1665944613
1027813854
1037228613
207121940
628465168
994558176
1177848581
617242382
1205549673
1633705312
188207979
1756557753
1621624720
536437000
999760160
503869704
2113292858
1461668434
1659390163
595714499
451680259
1403000905
568712120
1007280819
647746078
1038348013
867501748
1259688996
1042392688
1864237979
1613821973
2140064057
295115515
882299086
325373399
271040337
1704304495
1609601845
1316817894
1426103971
1092691887
510069976
110729919
934839018
435408361
1881903708
1242123500
605407893
927169849
1008623289
748154408
1486385139
221946681
1665544062
129489153
795289900
24963754
1653025151
191894848
891834439
1529937457
3802163
1897397798
611816479
388518276
912555805
1493790961
566849364
1927148663
24386787
2022867594
1554868708
1059417325
1987848399
1032830547
142614758
1837275478
51904940
1899490376
1874728623
1363384985
2083696426
734158556
977816277
932562532
672447809
380684723
1477155622
1206821363
993616227
195403731
1587276610
272753511
1317791231
298842468
158602595
916290799
684613188
336986824
1907073574
65318480
1275765881
1715925503
2064861390
1501765480
319724418
1337820551
1640577022
638649028
1242873161
1442581025
1148593514
318848853
282717678
1777002974
2089035430
1871880976
2072090614
1719845101
247484670
1264393455
1388908885
2144009587
2079859014
1156841310
53167855
1429603561
977513912
1194740332
1035317528
1384374934
617454609
1241906672
74420156
1718910352
956949362
692024356
1465151237
1454528381
90985461
1189725038
1979904848
478073359
1053812511
1941514406
761326839
1036582442
115333014
52197940
1872082296
41415045
116621934
2116984993
2145112855
902931792
535694947
453319419
1254810956
1476877271
282254506
1945405164
383441171
1007718244
450871524
1954821288
268526824
169699417
1394475504
266977349
1282067844
2131344152
2121998603
386249794
1198453171
89755298
110783379
1778004939
1929617027
1818766141
1253069243
1268034755
1728916496
244494094
1222150142
1256428182
1628332275
658976392
1501032110
158408551
903388997
1845582127
2002469548
448536534
167598248
1130211407
1415812393
1403503499
484559439
1502352726
1135709308
515602676
762708280
1099650977
1331719067
1277939332
2125473473
716549006
553771784
1522884001
1158485185
1783111641
959162653
1626520629
1299657126
212692035
1267194233
188118909
2031391949
1114984494
1912151639
395449836
949842657
1862367291
1250140107
1265836539
83612182
1997597820
2026618070
467614631
1779795411
695404463
1830521610
498611034
331445255
1011545135
1073749849
1443965793
1812537481
1567404910
1655676367
682476409
1022853555
1014803272
1502155256
1826900301
1867914381
1100659869
790564657
524022897
1792633115
1401020800
1264458067
943728509
1264418396
606426075
1535104006
1730263711
301205263
1928608534
2090597358
1222594109
799309194
269279892
1674061279
852337778
1121955889
734558210
1272400058
1232667649
533171499
573067710
32115658
1660461638
1049376624
2043526313
2132861015
502076775
1916756674
977621739
383836480
612552425
1436481438
227465622
1581022236
1156685148
712507303
1424664440
305192912
1595029238
2070075929
1897239307
1737045640
549637197
649705421
2050779412
1482204500
687055216
348807077
68151837
807146410
1800712522
979647151
1317163363
1219804461
347952990
738437207
1809277742
529303626
981926326
1828428426
1892680312
592783297
1295248327
1360951979
869945198
1475543675
416997485
914838810
1951354374
793043708
334562333
272911655
2061964251
983134492
1462413054
834886317
1621917266
566456593
1464606600
100814068
702116233
433966208
1541647530
1554192230
1176804774
1727029807
872767414
975529525
1344916980
1220976168
1413615364
531003897
297123416
208198368
1462915136
162024574
1658747463
1489602734
1276017172
1954610304
1844527780
777461163
1424797418
137593448
979303497
1984155517
1348333430
613592113
485500292
1735659934
675492774
1638883803
1269388676
1948573502
1641254652
934490447
1474904453
1685768898
820795545
1684546391
963202025
927651327
451174105
1271846695
1625921972
1536037597
591077786
2084824839
2037494051
1376848577
245175129
768971865
321822897
1209004076
2127946997
126532621
1796713365
1083217335
74045109
746328730
1587708379
1802186455
1085215551
230729836
1525677365
1444075489
1432359274
1028568712
989489241
860809004
616562422
17936857
275663936
204866530
1334456847
748070956
1056360338
1172047736
1812309148
1389356145
568748911
71542026
599094605
814799510
675652345
340056726
994013979
1132682226
1802477794
725166132
37858842
1484198866
1082578487
1952354504
1190138682
1997294393
623505321
285369035
728960295
1876620580
737303804
1638188942
555757562
1968636863
895835748
593894373
1472588232
248709946
1310759726
640618777
493043336
1612840676
2066431982
488936332
2093254949
796503372
292857051
1276673274
1604208205
1180034190
1839823740
432540364
316597909
1094604321
2108196309
1473847277
1242605721
493851644
218092565
1588022268
549747574
1384668046
704350880
1813093365
522119385
159132517
1089417497
161100354
1891632979
153886316
931301292
390637484
1264546995
1009193076
1642784253
1977627240
1955944464
1110575779
538583336
739940206
1818848269
1398405029
1225521710
1203298813
2086736212
1366269865
1182471162
609936420
1222994091
1072622794
1667658086
791576474
83522874
2037544842
1408269443
799519854
241190554
1559517886
1698730912
311589668
39267251
1413304278
271589383
770663299
1231023124
201560
1504457864
1898708400
712051451
89592050
2144645973
1986529805
742002985
1797674932
1795292250
1855484264
1697505130
766236302
905585553
1803093434
1496123524
685105194
1623109398
392038800
633942926
968882026
1702616535
2081849667
70944357
2055332853
1866626341
254823029
306190316
1119161790
1582634897
1393491128
1631873446
573645193
368190202
2036765088
2101275453
1520500227
1134761553
348837138
1928037125
1873864366
1748664544
203726267
1460740650
1018626241
1724479393
738053263
1857051968
433526753
1039504357
1588926022
1511198658
2042800451
1412987236
1170903683
181798280
206977312
1739711676
597038238
1462086981
1500835326
1045774676
1037585222
713478890
1923315013
593217546
515353130
648307117
1224945696
319038846
1524242569
2092641935
1752082101
768124707
1215064731
1650248314
1335379126
676656036
1544069392
1113742354
1479302700
1839482657
764146138
755532519
555187023
215038592
2014156878
273498355
808578151
1413484919
1028091241
1808329925
129083117
669814910
232867735
22752445
920873157
818174807
1429218236
1982134196
2093753697
1997986712
1746539708
1835573521
1718860237
1380167232
2079325279
1627974026
1773791298
1408277153
321784590
1501567501
1488362825
1966084112
1530136666
692594231
684096368
1344351332
1730568907
1976358315
1803857936
414337683
692652331
572585912
2131955341
1397692405
88410473
500145154
1714517481
2019767174
1391065627
742544988
1740995599
1203393513
706488722
1867876244
143876703
115799334
1438684975
1507045482
688476577
1106808731
1419227849
749784134
203284279
1709856135
1545070005
1140765295
1264769024
810777141
1652089351
1051951386
1066227195
2013396738
1245756439
1987776262
735320880
1044974355
1656998198
1257006704
94713600
1223411723
237521307
1973175985
22278657
950913463
2124339014
1923460873
528482848
682752796
564174601
56717432
1310131938
1592858044
2032427152
1864746996
1257328113
1982897862
1339766345
1745289524
1428872976
771976899
1722164828
1605509163
1568264272
897367593
1855289879
580555755
1289937576
1365163209
1541594853
1037299879
609052199
783134715
1534545478
101757437
647456137
112236517
1974320642
207553786
1911233409
1904762662
774084685
1734122115
1681305179
1621528560
965213253
1975157304
1640444901
982291229
796575290
554306352
338165437
1968993634
1873567642
770420753
2055680335
1441019637
1183799124
1356400531
738237280
619487340
923583164
216186896
2001722749
1018470945
734815341
1406902587
445306058
1151482293
868326878
1971951131
547705005
1230102624
1389242076
630570988
161418734
458064288
1483443717
1041534993
1029503736
2127821141
460095859
1721690569
1749992699
993663269
1795612132
1846889936
1143057178
9320585
2054654011
1866861293
1977719651
1715947781
95489191
1188002238
369727223
1978168869
1789265905
1924611454
639917523
1218595391
1944082122
709857238
717120416
924474928
372641489
1461948856
1468664768
1990364702
1821195811
365143735
917974381
1061730477
1237283922
124442166
1939791882
977798520
1238241673
60176052
1946455973
8696329
1622696054
583491412
843929822
1557883347
2120512763
701162116
1445899483
1445798608
2083247376
251383809
1484078782
959481052
700246310
689782535
296040054
1915869004
1948398726
293789981
1783934488
51017717
1256215742
1633786681
2134996315
1102633066
339462840
876685658
1782783558
1344406768
852986536
1067960234
73027929
1705358001
1409111137
1513678279
1547594136
256759208
1996542891
2057297892
1206540623
2072166235
1531873244
146784749
1724503424
978109512
1138193681
1371607351
491244411
323775272
1135254507
162963178
161422055
783426233
279787943
62022320
753835207
1319010155
646107390
725834834
45182345
980681501
1423309125
1349877256
64782865
1170434456
693303376
25993109
436372484
144408567
2126848249
2077456115
1375663711
1864729294
1474821263
787979331
751411389
982975434
228407957
1686868779
1077101664
1705138371
1029204276
1466424479
1886165129
447648051
1303475530
1690571363
1717079554
171963687
1278145309
50399297
97180659
1947863775
1484336568
1346172662
166974444
499393967
1179058201
1424666008
358252109
1027177387
410350845
80006332
1843789367
246269052
1960521503
446040182
1284980251
1617911485
831035851
560951820
464774080
1477443368
558227583
1476774732
893619439
270329565
1312796618
420405106
786453275
1842323564
1593031983
362276485
2130417623
843073419
1921914833
1953361731
1255676225
1388467798
1460158440
1406226675
1939492463
271907871
343607237
952968779
66063075
355466026
1714699258
699125560
1861250003
387321803
1530991311
119634727
603261859
238411177
2101241301
837139408
1380810310
356673179
90157330
680861386
1389237771
1619789976
1421728646
198430779
207286042
25363476
371115993
1556759620
1269842970
1395427951
612805627
1412754176
1841891969
2018726911
184824205
1583343818
1734661808
1146928709
793272012
445110704
592316465
1003188868
2042316250
842570596
1679900148
295211856
316571006
2002984844
1299649233
581727146
384721218
1979925973
1936793906
1893717149
1842551331
139378207
1321947111
51293116
1184001503
42332977
917661334
1474654529
177428512
899677402
146860242
1160902367
1982098035
1445632381
1923300226
765510936
1624634377
1188507985
1610879275
1794113994
559477509
1548607548
1652694293
583065390
1572064147
1778354103
9441347
2018545928
29214934
1171253617
859823738
763480973
49440054
1922091396
2048542878
1237305710
164452918
1197938969
1329836730
1164171767
234911973
877864770
1833910080
73824191
1811171959
842325316
1128346563
457500236
1998878662
2126839582
576824545
1831098589
235469422
2065462903
614492867
710647929
962401283
1568843030
23813447
313287190
1773473690
1700511424
33019904
513070289
1936967844
1647324102
86017797
1464010882
2052127910
619049715
102267557
752006039
314663463
1550134222
1616151606
111053203
2024901058
1828747629
371972423
428742961
1478788660
68848636
785449400
1147744972
1164401679
2141301562
1399064985
1247401547
665467699
991578346
704577451
1072015783
32537995
1913756432
146651142
1590163268
862482627
703675847
2044844404
959788034
2036065698
2068635128
760492198
1831931220
839551026
484633451
1524911495
79691711
417267896
1084838700
1137141358
534607118
1905253155
626999639
1895269706
1497328312
1490892888
893184974
2134113128
252747696
918308115
612000918
1082400154
1424640799
383875890
1082553159
909985966
1417042522
2042276291
48658619
1705848327
1178810112
17417512
14178124
1286170313
1953633838
812744479
2062509903
1113936281
1695075624
1399105295
503672690
1544500534
1506816221
1997099826
2029561868
2077601342
1204288442
1203818285
1087358271
68575850
1079589844
119887312
922552534
1066859827
43010377
946770040
1670995150
1791587328
180831403
239984575
1469085077
1765577426
2068454603
376662876
1356266531
360304447
547167607
336394944
1692647540
1085367895
539952391
1940886831
1136980826
1656078255
274703305
1077733860
944400741
703011449
1290010860
24477875
1071506621
231768227
1387334084
1913172374
1858234142
1045890227
1253427109
68380022
1402178710
1148994638
718151107
941530774
788393376
1758803421
2021068920
1540278342
449415552
1995848690
1089311236
1519701907
628045821
1010139627
1182849695
1674707768
1972511798
725917725
855721204
1191164920
987123330
1564641256
1398060418
126602496
128784223
1007073353
2019133675
1329249400
701550656
2022095361
358680856
251707986
893933519
190243690
346713290
1264751243
938195512
1550280056
510090467
1116662843
1904401540
1379835683
921895747
1333916034
1991716655
1880210078
621060296
648235288
1395746531
1430032535
13019981
1164969237
291258512
1606014221
551253160
803296375
73746966
1717341114
1383618561
1533082233
1261745586
1990968164
1709207773
1883016993
1094005624
1029807009
413653148
1470662644
1944376314
1068404634
1263037797
1568933637
977793661
1317145358
934355001
36599005
897001243
607733349
177785558
1910497015
1335967943
1748331294
1367182917
1947541905
1090144389
1660551117
593082724
113301226
942705220
9739404
1110914714
1041371114
2116069453
1445914368
803897839
1791087704
1252111569
986437404
1348348030
1979214525
39998541
575750758
938986801
1392208189
1005578317
1293857174
750761961
1542819209
874561696
93485930
756280271
1749638440
1211782905
268315119
2127545587
1744801163
508333953
548087409
1576083178
1359099071
1515914497
514895187
1508115266
804634854
420305219
830212889
1287511974
933280154
1723830516
302784490
399590291
921913077
199980155
1476471839
1965238062
1860141702
1308883775
2109859097
896186785
1448316887
771472764
504811472
778352357
1942387584
1003449966
2025645855
1835222584
283698466
1217224438
445679299
1982029899
774532553
376637275
420585446
1846590882
1088745877
551131623
673330532
272714990
1881048917
868916473
1811947538
647049424
821250262
1295355216
1218124542
141051561
1423434584
668960802
310908782
1204958325
1359343576
1514536458
1827854765
1102184250
1065554576
567110738
1259265258
905587029
1465115774
1152720773
2057862975
1626495127
1519100509
1802042988
1352103604
1186170023
1040819683
1810520857
116624508
2116267291
399877483
1076416028
403481076
1222252427
774618218
1111758850
1615264975
695539390
1382628263
1339034801
337435368
1913280344
137052547
525566976
514215768
1887090638
1376786970
1633375681
1210606934
1855104380
1521248158
949639885
323784198
805307137
291836566
716142450
314659737
1883674485
939459087
1699393053
270882334
519832333
1188404311
294271315
943558496
951336642
2059996671
1904782845
530046939
522691160
1360354238
708126076
1440408001
993751466
711145762
1705930836
1696859796
2142630895
1199811154
1752846352
99941011
327619003
1332177545
1175566742
2136035572
2125363916
251862654
391847754
500005086
753423591
686901841
1875624952
1668282510
1969844751
1942164453
1275663303
224785097
387190224
1393609150
1459816418
1269559861
1018041552
1752904602
681611226
166460917
616690270
250522337
188154906
1878128082
1962075798
731446084
1663410206
1261909650
279831836
2099448269
101582108
1646691914
2134899394
853493281
625132415
1155090529
91962506
985522873
1764027858
103741928
322125106
1576522862
2034873015
1665136147
83495818
1904319340
1868627770
1045201430
2124855642
276222804
418785516
1969824148
1263429813
198150892
1984143435
71906028
997778190
1943037252
309504804
195613620
1786361592
1556513060
599795325
1207372855
670490227
1103112676
1478447318
872498314
2059791691
756240197
1293130950
193003630
1315489691
396543481
1872399137
478995315
1553129255
1022578546
1662946536
1443757461
1212152498
1933667080
344714714
1148870354
671450016
1810427182
1220593240
892728399
1768381496
428826697
1135670870
68856815
119094837
1453468897
397879003
633921736
3514517
1205438891
1118557288
1417744223
1452484172
1536242740
2021351958
1550307885
377590888
803729547
1494495827
1597318409
173494215
381080052
1369819699
107999928
1079534711
1603357427
256506756
2121721798
1906315871
85919204
860952360
1001885649
617997672
1413514377
1737107116
1989458281
395792925
546277637
50343736
2040341000
228514969
451691970
633699232
1356032774
483509981
1676170665
210103979
535319842
1769817813
2097183861
1522097447
1617446163
103564460
1219899131
1013903391
134025145
1319018829
1522131755
113938291
436539021
495649849
1853303077
1751995369
1860205509
687092153
1936951843
1226965326
108402268
553314734
1007759832
709265639
177212997
1630883163
2087083561
797676421
953301420
481611195
1811584937
1908610036
1126862720
1761845680
106607034
1536614630
1354558842
1820509395
328503949
304109514
678109862
951155915
1389085639
1366951575
825902460
17262599
1446497029
797203924
1542868512
1797919795
1492994353
1698065288
882179246
627514408
343073622
284400893
1224278962
1148964357
1535308602
1518307625
1171684695
567499297
133889687
2068366011
563718030
260343947
247068806
1810084561
1750132843
930609023
1557022971
1504606868
985340378
1598022051
1890884875
230088173
1438326374
306867486
2013822932
404436446
2123480383
1614250012
320322009
1631545929
2069808846
1832591496
1021934004
877589643
1317699590
110451182
929711295
1822747012
1054365726
1162390389
1083027036
701697109
1292100445
89652797
1045879010
1277224882
317267969
401941404
2094579245
2105274673
660144940
455662406
174014181
821146310
81480591
1235051119
856816493
1290599759
415145790
1632929859
377615380
579805902
184020611
1882344964
1320349978
1721645219
2121408975
1768229931
559002367
379675152
2089749545
1590960295
954723059
249831901
1975167189
366880236
1828649769
339326232
1007787654
1859104861
759332484
913929502
473697492
983274719
886282654
919421502
1002282805
578664250
1075712545
118158607
723249608
827416607
413151283
91347465
626789963
1585716184
1731618174
1246048899
1165534970
783163304
1587265046
853327794
227605435
368654545
1961892042
1340363840
1924300350
1151287997
204810017
2057531318
993889806
1709778131
382940681
390455132
1560708332
506943805
1985396014
1883138361
729025338
1019017886
129480765
553418392
217822085
565598935
161203791
877524346
444456963
1241784564
1176769288
1826999109
2049043867
1161031584
720897544
614526830
2054400222
320836387
1063107537
1229067494
1772292532
40613833
827409754
998083828
1608988812
693053525
2141958349
927869151
858118571
1982567305
411752896
1923884296
220176859
497081246
407568705
1239358114
612577912
1474554661
780349025
516159954
1684487667
1866601622
194336224
41946112
1556935654
366606150
444812101
1463418554
703313282
1353903796
802781232
1368519878
388436328
41683036
1067474308
531734968
498075733
1079738824
426105576
2112711446
2113050924
525848382
445595531
655332082
370185511
285419878
1011163669
1485204103
1053473943
842179732
1533673667
281971824
1666785801
514444749
372025955
1083317733
936630275
1891881393
468151731
1561729635
1693246488
205728417
1360859687
481207593
920419169
798021473
847550494
605250377
1484818283
114563195
1865728186
227335884
1657827679
543930116
1126194866
2031349704
199636845
712102744
808742456
1050423187
134072323
1293105681
1300821366
1776448085
971744948
1168327609
20294783
1496861168
531355670
443890164
444296547
786796466
2060064414
1470383654
1729326520
1054406373
193220080
1091758095
127220975
1082173162
1353211891
1175122810
1946455561
1321459063
491663552
1191646820
1387775783
641112293
2024733370
1716447268
2028493366
465586847
595258117
674135770
626910354
1947111644
1227752871
397577577
1120213019
374143349
1392857641
2029128471
1080257189
180014044
89476907
1242456150
1425575698
1339546485
119713504
1882398110
1220457550
1325490537
788421672
1845377501
815435566
460840944
1866843444
1691998292
1437346106
753339216
2131259649
1794152264
1502706133
1890106546
1676925825
1803904476
13354560
1528556754
1288083824
1469571622
1775815102
344503616
988529763
1625178212
1487971726
1932155865
1291825099
1362999331
595171879
773350280
320791733
1292532461
912426575
317171758
822109667
1853371053
297087039
167542681
821837015
751044594
374428912
1537664006
1312771234
1774268338
1776386455
1916905258
596471806
1284571734
893039288
1135455105
387111911
1081055518
2088221995
513943255
182832380
43906317
1367440928
1315630283
1291418305
580037854
651481935
1640874174
2019775823
867836739
293034800
1609543767
1962117028
808404318
1445723439
1479767380
21087651
804638788
790116989
2744436
913268640
543105174
1277904178
2093828910
1006607908
325224264
699916778
39916061
1833396048
248654120
1976700632
678303491
18164167
2004181989
1579250878
628444095
1464996426
1278328213
1157209771
538002386
1736279712
1636522435
94960348
1633668794
1711532869
770046115
487563881
1991023176
361868844
2064612481
1018096080
913694090
1554226175
2042427642
58898696
654576068
515210364
1069762587
1360374795
1928168886
59766178
703867283
1684077238
1778347813
1180088667
1856563297
958998788
52717119
1494743121
1713604998
1537769529
1845648896
549330772
705659300
863522190
19429552
1214569202
764081120
332000225
868607938
707945505
1396799467
807441244
1476581483
251008041
1329686530
1776087371
1966367766
216875259
1314174896
1141606741
1866763072
422535503
1824936291
671538397
449263701
1851947366
2057108856
111041418
1934969066
1048104680
1668599719
1184046083
1676058786
1012458778
1279270348
1515936631
1862550305
1701888239
425262634
1144899029
113997510
307590639
325864827
1089832687
182120014
951056886
1239891211
1177559530
744684315
1876443537
498100561
2069238234
1722927150
882877444
253065233
1345270111
1286904731
401311819
2113289810
1444146252
570892600
1994479717
55996203
92026471
273267846
310689285
1738461596
584928380
1201136554
1472800544
2029452963
48708640
2065137799
1748472211
692103245
2136159474
1891261495
1986633606
1667065568
43228961
1164611618
1354429574
1938296810
701955482
351994184
2142361666
782930991
435066028
1733616132
750789664
951674337
1154079584
444283899
421361361
1648191290
39302006
2065531638
1134276758
290807807
146696422
1536306931
2004269018
177732725
2096855898
993156616
1564509460
845108104
102509868
1982824247
1244297050
119993585
39836948
1836118
1896673302
566591185
917841095
1501568028
1135491076
2020261212
237159052
1123251409
1105832733
1969967034
1070418187
643106453
662187085
721606344
2003474214
1222239497
1614471865
156609536
1695815918
382474818
1711881506
2082152117
1720241954
1005750367
706952923
964246123
1292902416
1102763177
1871254297
1404769803
407793587
375281811
43575841
1269475598
1467776899
777723201
91495791
1903635041
1066571637
1673125168
399285011
1446049375
1712878918
1287261712
1943771894
1745091930
1969948143
2107438064
828545660
259635498
409527436
124304069
985112875
1143712883
1217831923
127703271
519949472
326068204
451665336
1122957666
1338713372
2074417543
479857477
256814650
2140977428
1257349556
1245586946
1065364056
1100612231
1615671945
688787262
1422902279
977834591
1106212202
179486759
1903296409
602997955
1950497165
161498014
1615519933
546717206
1487120947
1423733757
83182998
1317006819
459345098
1866827187
688081044
1400462586
1551042390
394876444
1636870851
369459045
1185181301
589202427
845170267
585716461
887921653
800084042
568166400
1217233295
1441156336
730744311
595260084
1087917845
1902905283
1456515602
335980560
1430309924
209914610
67286083
2108554366
1073501079
601735784
138645328
2005471156
675761604
358532832
2012160129
916942999
1995062675
354771863
2113902938
1287046649
1664881749
852272112
1366871498
444367378
183732
2141580011
89020076
712743910
984831153
1457000623
743798803
2050970154
783396679
476842175
200528599
786691310
1632793345
7344216
1566301249
1268168787
1920893243
1870292194
1716002458
1055231604
150604464
1509196298
2135310543
2111310275
1081072876
1605887946
1858262922
1776961471
578942427
900032770
1428618512
1763893860
994074501
1191182790
1064874227
1704782535
612849126
611595514
1393492341
1543433127
1927655737
1188360993
1711995564
913830696
1103928231
62327042
1030119330
1811654011
870943976
1312036046
310979057
966153933
397119152
2117993786
1870058084
1305619931
2132068604
1561075547
1640259849
1682329001
2098812404
491425062
2041071034
428411054
1642880712
836072343
60094350
769530360
985431923
635998429
1743740480
2132404312
142635744
768369265
496107969
944951271
345311244
522834978
552469142
270103835
17653009
1548580175
1790630322
1813061113
766927906
2109945745
1850073473
1658918216
1240379338
701740318
949134847
1536693400
1855162123
294387482
1587346397
1941616080
1650737475
1998123891
36561518
1666575980
912059205
1902058308
1372859099
1217302789
917058175
1423446407
162654280
440850485
1072732762
1105096918
535800092
2073229335
1608316806
1420904780
1892054440
1205188848
1121727757
1402478621
1798412889
1904089534
1346265020
2075161663
1886991874
863959482
2029058828
890097171
1306956718
532269837
607690081
49632374
1897089468
1119178069
1357501367
1964895152
878977776
1729711940
1891782201
855497649
1650511414
2038987082
916673724
1917779483
1404655439
663822284
126780079
1175614508
1424647753
311303449
2036714356
863823388
1301367009
1366340635
1234159293
1582581783
1956692423
42760713
2025931854
1718102335
835166530
1486768483
1078798612
1005423049
628761999
1550269401
1618711200
1084700940
774841081
240430067
1451836384
2145631217
578941892
701382728
1544575287
528071417
1560949084
98762075
683361403
1745615093
534393732
1831755604
1245909376
1660801197
1119181176
1223589214
98169566
279002011
271522099
560214746
423826592
558325704
721672416
1068913215
1492695697
1744611005
1310494252
733011742
333554285
1842961036
919480059
1373196379
1412870673
552586614
168147219
1416682068
140110351
302057182
171080549
1679671721
1434428180
272693938
2094957973
2064954560
1361777029
848512703
738678765
2008755928
496964168
29981127
6761594
1507582290
1753497206
2139873474
1191186061
1336288901
304433088
834002468
1297726383
1305574453
1321377079
705611611
486755068
543032640
1654544026
912804642
1074372133
931861609
746678596
2102091973
489920932
1857863179
161162404
1199357055
603268196
690582224
951842202
381800404
757723280
1648927152
1108112216
1852788225
650709897
907764289
193049552
1516911466
1440888427
1871193933
695199520
1298432848
861275640
1495431218
633093365
1597904487
618253099
1591194668
1733234562
1217630357
351814484
85580734
377968945
816015297
836767802
1413571463
1385197354
2127733196
1676736577
352259646
1184565134
1631195868
1511583595
483839717
756712438
499458901
1529996976
1874637604
306677429
193666746
1622238363
638375366
776523445
1043073352
1478157670
1412913257
2055429056
2098855677
1170605007
597255698
884136768
349706384
1688823956
1646017888
1435196312
1750588166
1140556553
139674452
398805249
1690185073
1285163352
334634073
127185356
435738288
88686789
378785699
833409604
1051559072
1576799768
2129391894
1813047621
1311463891
1064684839
1822085946
1511216212
992478034
364311062
1291698645
939783155
1647400968
147157238
292832266
707712978
2061270586
411168284
95643324
1038889709
1054579120
1432008273
652217998
44210233
1514341018
2026733473
1514754626
465337959
2020016856
768143524
79420725
1806830696
1692081533
1780412837
1233606880
2070425038
1077664721
1331217492
577691750
138800766
881599573
576578570
266172772
780214141
1695488249
108965529
1389860642
1950565156
161971395
1234424794
2017633430
224903445
1038459613
872648277
2000393763
112485066
135062618
2023596894
1112900878
579671916
2088345137
224340778
1840861287
272892038
636532876
1733239221
1916749845
1246152228
58831835
1220853250
532405964
1317679874
2026127257
176722810
2128110767
263526549
2103072951
90274041
888195279
1823177626
750776149
46021164
1921999915
792397947
261166527
1615662862
255839104
164220652
328185308
1534188698
865184236
1191724827
668061710
1185692768
1413784206
1573362911
1453408576
1008619092
1203125114
1580549318
2125861155
897928871
1758121848
886888486
2039760952
1259665514
145393789
183580991
217468509
935767093
1657496008
444464934
2035077348
583885055
1558262460
541207241
1333604644
318725280
376225724
739582640
1948744231
1512485723
700634619
1809250122
1457315685
860459170
42233044
739045209
1741669052
1075529615
1403048016
745233329
1051083475
115812929
18535245
229487672
825774410
191245103
1072302589
155057061
1226985778
437273719
1081150345
1380740124
456473845
1587194015
1847704852
1930979974
2079151293
1668528948
688432033
810271849
1748522152
556650483
1545092643
2003382929
972305253
1374270435
1965910063
477046284
1672439798
1307704722
166052775
770694345
2001975247
1272456421
1585523626
1845476615
662998503
2005164973
304557631
159054360
1134155835
1892244916
1711902461
1984135263
1648389685
1663865125
1794953392
1949837729
115932955
229936874
1530906795
63322612
172918874
984480379
72038363
1075192474
1853707088
1417171549
1721920967
1777635198
182680606
1972076688
398324442
330873475
622067580
117912253
2085173683
1166608618
386224455
977074742
520903303
478080627
330594948
1724265525
989517109
1447762470
1865793530
399948463
83909261
1847257696
123457459
1486707676
1548001239
1721772468
104757284
413342459
1170159624
406589916
940172774
1312438253
2048161525
1500420445
295660076
1311637646
1389648566
449513180
1303431372
621045701
240418374
382914046
840896110
390227633
796791784
20427497
528871292
1262756890
822667103
807810961
16559430
5891399
1505519552
223956697
171279773
469419552
963623480
869816717
1849993079
1056848271
883020767
2053139006
1501016774
32330001
111320245
1234817513
2093399427
1755106747
1214650501
5960656
1636295414
308344957
1413126856
1331257890
137255045
625754470
1287323535
1623867840
83758583
1879681369
527822540
1335031493
1639764335
1057222919
300098973
1691031821
59375560
1722454523
1096796436
1232121765
807778645
231046755
2097856657
1431287267
235970736
1340647827
41555966
1665001286
520954189
1631082540
1818388833
367776711
1017855226
1909405847
208228408
1068252108
178774732
674710112
2004607631
716354797
587779346
663117877
1042429016
1315608080
1946019682
919592498
543744243
296168254
1605451130
1153147763
119119176
277754457
709783714
724840871
706466616
2017304376
581613303
1144810969
234242560
1766696910
907436131
303968261
1753918096
1970280631
1208018491
1916968022
121929637
864940267
842563654
186991073
2131993111
283395765
1118716940
1660093636
1085022531
1958835026
1606929014
1300614376
564397800
2141423438
879189444
630062742
86517846
630785900
1626583289
232438650
220266709
518320117
784866444
1154607582
515937324
688324950
664167939
1699284355
194140395
1432966311
979570078
1158658028
1514547827
705968047
1139090433
2057123861
2022654734
602493188
1613933107
1886483294
294665924
956763315
1606579604
1306197289
1517102314
1293242279
300720106
1643300790
1622965020
542930249
1395817744
650028017
1152409232
497521269
1840715945
1602980307
1257285445
169017870
1584479589
1185982645
1480528323
2097691125
2042626607
873217896
857633120
768075325
908779850
514538712
1440082654
251874849
339105360
1496098737
759772626
1613103197
777389030
1771163393
1463740400
1326499440
1948607202
1649164965
1288554159
2082923011
1882191930
729453324
1674191241
766415021
934417029
946133416
875312275
1051056184
1205539203
912918937
881365538
1481415285
473576276
1471088393
1255380473
1287975558
907995944
1962969207
482926206
1951062054
483770248
1601748539
493866896
1034161247
315273356
1536803578
727063815
898190717
1404708380
1689113597
221862976
535417773
741959068
6181173
955817725
1493832950
452956465
395478493
315036931
329175486
1886924187
2059876416
951629657
740649094
155725819
1831863000
2028075248
819622635
1284412577
1259565830
1046708971
1758439730
113868112
485683956
333116731
331484922
241751770
707754195
1339142522
1332832025
1463257123
1660682063
434285835
106557535
904144897
1116653117
896551919
114387274
353516507
396515898
1625506322
1621646541
1098710184
1920427296
512458287
1787868759
987015010
1286096620
1717312478
1470799204
589254920
1480553651
232480164
280533868
1988511332
1084334611
633319368
328992307
697889213
150778019
584233522
1859827044
607013014
420243737
1641237032
101645858
1261290267
1915091570
1949285787
658700261
1806227806
1939555056
630248634
408422337
1573784084
111599655
1347355652
649835962
509503641
2133985137
1628086093
1791674449
1768862569
2011506059
1472205712
1533257982
291303979
1830045582
651241609
2101940303
1627626537
1530415812
110906481
1830156947
1347634752
717608293
