900
379608394
1357739528
1759216202
1086386965
1722106869
599385414
1793017874
2083595948
270134268
1788843812
796102114
1758615375
973843805
1042224614
540877086
1832026710
176474897
711071306
1571702015
2039187717
1823878499
1872714863
652858151
1528371424
843457565
385804071
1830018992
648764366
475869136
12543265
792258872
1246195647
1932121614
125694069
1477742036
516335617
280263119
262214440
1461766726
528848128
637288108
1493701551
309772235
1062458354
125170376
742361308
388628996
653633549
2015756624
60569062
434597371
44587573
950955149
465383298
1774225281
1631215975
298438627
1712736064
1798070443
141054690
667708073
725860393
157746869
122657445
518271497
1107839720
1215854790
954727261
1978723159
452348454
1112286942
1435817635
2146258407
2145738472
1566701273
603930060
167915072
1232419951
1942082519
1317652791
108834673
1946076375
1828373414
1540307341
50363870
1752460547
2115405225
1170005854
1114575060
2094197027
1451931765
737790835
152892959
585310448
2035320937
594265912
68035202
1932422058
1567352362
768283888
840060310
1025905820
827016285
1901459430
1471828712
77539079
1082711583
1507132638
1296014547
1474527990
62293378
1631664637
1603704436
817445148
1308424590
1467801435
201664092
501296840
1551352966
498085583
263598103
1101925143
1062642179
1794819382
451092251
1165257121
753757644
1430968629
1900836988
951408868
1258002767
38485198
1608152538
1845763163
1519659556
293151961
828286633
1187527167
1999585475
26392931
848272261
35442331
1099834966
145714813
1601673145
170797264
1530585765
259203941
45042547
1721151293
126638887
1022168064
1625134774
1767639771
456652960
1104371810
18174657
1598921886
463066588
1458361613
1019880719
61159592
184317191
731437886
3496172
837495716
1598619517
1317513578
103006799
1346274858
78187037
1808993138
1615177615
792899903
365094226
281606800
1194963958
605243960
525955603
2128150055
2074866194
1807697982
1429766358
1949651744
1946275233
1995204287
309770096
836296025
673980006
258202511
1463156636
1807933116
123222383
1617514812
841710787
962164777
22613082
1172122824
609749792
151253479
264322837
1699420551
293225732
187550497
1355242995
1998970088
937628034
2114163409
271387815
1301377913
1987427045
1012565907
142753651
289174504
1471974557
1867776060
960331376
1542044988
1830484320
1131256815
1682058996
1265330372
2101758504
114244198
529393328
1592789144
1699599293
533183497
1709557012
1805855190
1268495527
1468631681
863819238
885137995
1752636630
106424503
28081164
912663609
800135762
1131809559
1593303740
2036636265
323285103
1414068180
1857255614
1371982997
1725232524
859647835
1305047497
947506140
537721310
673258622
808735149
66561665
1209218267
281365564
82345455
449504467
1850784904
567504555
201709589
1441615017
1291485939
351084326
222978109
673377914
333700228
1782805533
1121902246
1116895457
1984138914
418928487
381065078
1442567545
607413637
1119528677
2128282320
990776393
1222267595
1009654947
387748122
998076701
2050298765
2094005980
214004669
1754994380
1070161555
1311348786
183201878
1666092060
1902746306
1531017322
344832672
879943591
797383945
240942129
451663527
1404562503
445968222
2084543875
632980301
1044966738
925179306
1900252220
203140032
93936277
411667858
229313828
198075184
165219611
2078366640
1003299940
2114708813
582003438
1906033177
734266212
2141889044
1275550631
194610861
1701954223
473976600
62047382
1110831454
1791746375
1780220410
1611812031
1654671938
1367248301
118575865
112634329
1561255983
739816797
204310189
223785821
829724280
269606228
1485816068
1987215354
92404616
2132460209
29179568
1713752365
517662469
2001322643
1240111029
1523226499
277454905
1859390007
852691429
674051949
1658358808
86282129
500615950
724726906
1490772832
1010946417
1748591334
653336151
923857312
445865862
343477664
2069878074
312892001
641215290
1473783375
1758993745
956622917
1077845754
1297193009
1523563479
728982165
2133819261
491870824
1061771950
2058611751
1165792066
464122191
1067283773
44525895
1904481109
861927533
1113361436
505376255
704242444
1912911286
1965793706
1730655317
1923584231
578335459
949747291
2016418375
1653874220
688873576
656358549
1721772322
96767886
959233778
324574515
1467818508
702956910
110498460
1093444607
451646929
240393137
1120836544
1209007033
729121317
755454626
150559545
2083955155
1109260355
321208052
1356389029
1868848073
1751862152
83542374
463863785
289370758
229689034
1918273533
1268180725
841398012
620817256
223548825
2031010810
715902443
894515033
650220128
512740879
754107683
225997604
1216767131
514339067
1280831199
2043709539
1599639435
1966278584
316474953
1768218635
578084120
1466326703
184458120
1689667731
1224068383
474430936
2008205492
272458709
27348608
20757194
192032001
821337638
186465925
1016796189
1246507566
1230154756
932950471
1377816982
1646761859
1765707840
405799936
1131933796
661669737
866527881
18722988
17372371
194212522
1753238935
294777630
1834402633
1305146543
1914920233
1717120588
1467786415
1440284831
150566131
541138473
123129542
460657897
2025526804
1811467965
1343297441
877344626
1853447606
1113545954
469135215
495876660
1994441549
626163460
108610143
356501398
2017287907
774755425
1603134348
1516893735
2078914381
1481375221
1569717992
1924408625
116463674
184188535
1359746000
516645134
298741887
57762473
1608906366
1984204587
1666234539
1618981364
594893577
918004361
718135624
918398442
2136041386
687151034
837634142
1026927433
614747699
441891156
1584576633
1335175575
2013261666
1196207108
9629356
873862054
1976337461
929547099
310028463
1215447131
998920405
1916935339
433142681
1917946287
171925068
533136706
1277145346
1824765501
1753890081
360391984
1797615370
1299654834
15912841
92664765
105079949
1635604580
1932663738
2069722139
1783021868
1250824606
222963092
219494766
150745707
316308805
1130811901
661762875
102017619
1050735113
1134612429
503365916
1594142159
936545257
752585548
798527352
1336355507
1228639493
1041704917
2059254738
629986851
1002407215
1169129942
1821491417
671159025
156910245
773929327
134916744
317546290
2125892187
1074644212
2052395673
1592019838
223057927
257395339
1281451201
817690747
2098357862
189727462
549284596
1330126136
503562133
1342825284
1341858157
1707578790
246420741
555569060
1560662867
636582125
643965081
1679037832
635862659
208123623
240995208
52030871
1687715925
514670489
384360391
1450493386
112167216
1908518958
1509490599
226825387
430954872
615287362
1181116089
237384289
85575032
979431860
1002828056
1667742636
172589453
1652748903
1880157249
448330696
90977998
1219972999
1836003292
1488936707
837508785
1850136870
261356662
2100358321
1070557107
1644055150
87991674
1596705125
1455071675
1582542864
2073034814
27509207
909996478
1845122728
1040555219
429841378
2053426895
858669259
1057736155
1578758668
646186386
1310729479
708266314
1536054577
2002437430
587920639
1381501083
1798403740
551056184
1755048570
45436965
2015861374
48088953
1937120897
1944385730
1795330597
192786792
599435182
1640910623
1711636190
1818133264
765345683
25805882
1925618314
2080138836
775254492
1525573005
1541934014
313399486
432034312
1388191076
734052061
1852632906
283032085
2139208565
720259220
662774779
238424099
876987470
1072222338
55797891
640783774
25758298
986841848
2042938358
1051081841
1171131836
1725434745
210613687
876807678
1147151532
749049524
524657317
1473702195
436038603
662166833
1372817701
93667505
1278639674
1217639770
1982397735
1419886882
427095465
49458604
357067954
2102196088
481932130
2065772315
381135842
411717399
1229189023
1567008513
10471761
1128833032
930222698
1181792743
1845176871
2088125863
894260046
416972113
1129508575
1150925890
173089342
738769425
1504484964
436717575
1595889431
1995716299
1248402513
1692410481
1056058072
865798623
1039524504
1108980037
834467505
1978790872
441550843
1560757405
2064432492
1397670321
763661087
719183039
450460393
2103752476
1934583621
1675983098
1117338763
504102989
1550774324
35482998
168165825
1328360711
150468261
1564295660
1277649883
1011462693
912995522
807081817
911279688
1362785431
893551058
1805686322
937873282
1407015503
282611445
932668814
718792851
1686824551
799697709
1639327868
971081112
592239039
286855151
1064764456
986347008
502193616
1893938397
794865494
1743289585
891434792
2143366225
1921713932
492859690
1426948007
194938809
122170868
2075272600
801204279
1628717982
33239535
306256225
506168222
1659124682
423967545
2041245792
1715476499
1263986766
919748903
249344886
1664350865
1182556289
1580091965
1291311110
1858039831
326215758
522989822
355995939
1887639633
501957656
294056570
153806776
583524347
140907660
59147628
1957304733
1777531530
1786739658
361838408
573162407
237430081
370526495
1890751303
1426804903
1017802960
150072479
507564111
180761024
1892602857
1205564640
1122617119
215441310
1110295888
991416863
529559815
1250468088
406363619
1131799142
1048833439
1656790159
1764852673
572966653
465113450
992784549
1959238515
1959067414
1657764815
2067108693
1487880859
1913310551
231421267
1045412418
1873760847
1121510214
1133237867
1381534729
565995938
1179538996
1294611648
1540446128
635125578
1188223700
1434819259
1122571460
883096541
554977739
1718191124
1499851865
1280875674
488139869
987030980
983533630
1841061212
1017384889
101448542
2077961315
583150300
156787175
993893684
1551537750
781065416
2013763086
832904995
1116644728
2016278708
1172426873
892450371
1904135149
396933941
1195072187
735864823
227952171
1729964806
1993154578
1945468636
677911435
