2200
2078222354
2048080582
1031702333
1618191964
1788215586
1353929517
170087969
964577811
967858609
1652806215
624980166
613273588
21525265
732929946
1061219975
1454457705
119599771
991351895
2073010847
2112964201
234681176
103069437
1194726111
1445040487
646979774
1414594665
361493660
1070218291
1241503750
23947146
830485493
1230622225
739136475
956331451
975471096
267457893
2099830018
1947116253
759458445
1446627527
1118963235
1842526693
317780718
752414410
2113989853
1929807155
1896464342
154013270
279872603
1652343391
636273576
741353175
652863385
1827495529
630551753
1146712153
1856812068
485817076
1419021338
1119020116
80243668
1869134168
1617513143
1815121281
1189469854
1195331402
2095401141
1169137665
598711779
1332765614
1516489443
302471648
276854318
1749758442
2025693635
918399817
2114908361
216364725
788696845
2098243219
2075058073
811836447
1478571026
1243986088
853667149
1778081370
281446503
307210679
51394997
1639005922
1390270468
2021418038
1197603420
1324540424
2134526232
1006339699
919807400
2102278661
236120722
1273936491
1488594164
849816591
723143308
282383739
907710070
2104259681
1914344586
968933735
1111287866
1617744416
1428109096
468528220
1797550483
84769848
1834291987
2021523551
1553724855
331537601
334115027
1163961700
1051895357
231511694
542506846
1666975659
446823647
39178206
227744217
2088855780
389391868
1010485195
267622020
458160257
1743680286
215265840
1364778124
1677013907
406410338
592239509
431489587
911215976
1311988759
1863849436
502510451
1615126424
915654516
1599827015
120889293
1834361356
91558369
1746608119
17396025
157150187
1440091892
288680916
1018644779
1501575975
869010510
1917227255
1547946062
528876820
1132395711
1640082132
534879200
1894911623
1093183853
1150143475
2089325539
1145080958
74444062
1455022443
1923236378
333613939
1134097809
1960697807
265559790
1470505100
153325147
1626191567
2131769738
442261937
680555245
878611936
1714777207
2058233134
2099685584
748636391
279452836
1932561068
1605493262
1040536391
174882722
1458195230
106096402
1550759242
1466657193
77254854
1805322593
804941737
1588241377
1815353366
1749786028
2002264129
1902234386
521688946
1563590086
676326952
167032006
1154248552
549229438
1917042106
1996250915
1928340326
1576495590
495627510
581395959
275585354
819644719
1571280863
115015921
418226783
231954192
192767264
580750078
1187793637
1755791880
1606211874
1836289798
1590506265
418247657
754299724
1366843307
303181479
678677308
1136874032
622539894
668642742
167960025
448470786
1904857173
1640000606
757711775
115081994
183611399
1380051785
2109302822
1214259905
467714208
646688882
466806039
1794237204
1160682802
831606325
2071880821
2003121308
1475827004
1470575832
551815918
943073444
2001779458
1324239294
1482680862
1496173872
461584969
33704040
399112870
1974358332
11482459
1065085505
678108906
944205981
2129128516
1106761549
1329081409
22292787
569174828
24337846
1661730476
562214422
315293651
670036641
515477938
273142880
97368168
1886288514
2129601383
626937794
1665821087
678648049
570646197
1066653169
1240317200
23349462
1776651541
1782846290
1431619284
1479605597
243913105
2114131823
1138402489
383224191
1632266751
1746403576
715367418
1416990849
936835689
931721755
1594814349
1572290176
1332403868
1167674518
416794237
1486161965
1998816228
1253783080
273627627
1131492219
1919929610
1880450257
3634040
549857072
1253145189
1893610238
2062123997
901153916
826908171
636287918
1854847066
1525679517
560534693
1627569938
72776177
2087855871
589170794
1282084406
984724113
99194892
1731689283
381042662
851229840
510751202
1840765152
158198882
622909403
1068185889
112169260
1153741392
1389766789
1631495396
1064876664
962740671
172965291
586297374
879541088
478982671
28778148
346910882
1229782587
2047876261
1393222204
1960196385
2025302364
845513267
1459080187
2056879996
1025598265
582612614
1871115061
47255068
200088539
1737954525
197095718
995556389
1968889595
571325451
1233655547
834137476
975613551
1650725656
456240062
2002066222
164652241
1516754163
976401252
1579623261
581279452
1017505110
2025700556
645046735
918990441
887630916
804992856
1323274366
1199543396
830126873
416272866
361000615
443417469
1138309110
1362649322
429273823
34433321
847614675
677661831
1921909083
1835139511
1827209527
131565301
2058726815
278655213
1832927865
1878854267
2016150136
2058052926
867445837
45277170
1083298115
299811224
1759477414
2121837878
1756417008
1002688480
1562574998
1493813986
177021764
1654979426
88662932
1481368321
695398619
488346207
1142452405
479926007
1018193451
1917849755
1134230585
127708618
1858979165
262238792
1475551806
1189169909
674505083
1116507542
1623673524
163556257
156493460
734819546
1566602743
233893411
159132204
1724702953
1790857351
915889920
78889734
1252500493
704745437
1299763262
470100482
2013668132
414029311
1582659154
1758339645
425711830
862084816
1348751422
616835186
288284474
1322234607
2048791557
226405524
1272152588
1774363964
1738515981
1937248558
150985136
1447974369
1812797126
295072761
849636540
1999699995
1518217586
2070756811
1031199231
1907772622
1797087620
629701441
424381359
460845077
1564645888
1144192191
1704685811
377326728
1467097878
2051554976
1890500692
2103238814
1514760217
314775963
2114306551
874199378
1401036383
1155152609
1790484960
1773219878
2052389770
1268475120
78072384
288468557
514126529
1729525407
1265780206
414529734
2021391546
776551573
1482009054
1732937154
1300390836
1847396581
1411319807
843929465
1849269212
719786891
815229365
94675258
484679734
922526321
1289376165
1770583030
1679808863
839645667
1110623754
1670656338
996576281
705369311
1362584300
670796134
330026582
2142053593
1157526717
720682454
110298859
493869727
610474455
1634184775
1723593484
24213138
796159379
1663905135
1473393794
257990680
1900526103
1211898908
1630038169
418842270
478589647
88460854
499631356
143641035
2066921008
996325131
1090338740
445294952
1882593448
1636850998
512572430
390921751
1669101159
1709283040
1104593335
147945727
1869286856
1600261822
1599027770
1943514199
1219633488
684592810
266319826
769940386
529556038
1063228913
1305265004
2120455308
599876387
135377948
384938826
1381862884
1651511605
685452656
1748535394
1733251254
1738946304
1921083400
2052543930
1926768763
1657931545
1791270628
1073491381
1913445133
135966072
1573281509
565221551
1952557415
106752721
2024491769
1407030177
1664882530
734573957
1318660067
1735988727
2019392636
960030066
1280455031
1577459574
1249336034
1853744249
97432964
363876180
274366894
133458439
1951791448
1382810050
2018636621
937508158
716662057
2099508949
844797657
472579610
946141357
1780318157
285781937
1261107492
1800406879
333198947
1846287991
1349386461
1535720645
938359469
1281648747
1415466975
717547609
657062079
58034310
804221873
621056520
1661368196
323913450
1468350172
1992742583
1305948090
462608866
1450099359
2017364935
1137993769
1268223398
107893187
473050207
1727602154
56964302
1156025085
1682214058
1071608239
1114611788
560753287
1401411256
300195366
1777623092
1602381054
861654642
1627223604
1175522162
664307981
498621926
734292759
1103253627
1766304382
589654503
1147804424
521981195
991269765
163638661
2136041325
103853796
1913929640
232021780
507515549
975772684
1037442532
999971830
1932322387
1163420284
1263557355
1828035837
768893571
1912729803
1264857803
754594520
593294043
1859327616
937970794
1045039559
527674703
186354772
1412110976
1080407783
1919588413
133612572
738674390
1932692241
2013362440
280428830
1052976051
1595338842
1050814928
100874457
286533284
858656051
1190754341
1681439384
331311862
2050208214
133532431
784441364
577780452
1508477876
2069025101
1865483645
1484628785
1742119381
1929410469
1444335
393743449
962730295
1472554798
144086905
1568136522
879378777
900647757
1057158019
1866868164
1217980375
586227869
1035147103
1687703651
550892814
436521455
1855901622
1387781280
123293790
1340551223
1329702234
604971464
637340750
1669949282
259755432
557062200
2140199647
2073386320
1396662888
1244277951
1980746187
64131012
671097390
1555306935
1824081596
999508741
200145105
1185860194
338586479
716402568
909381410
1234060472
836014654
1523695783
612901881
1043700472
987640319
1586281174
1266477982
914548442
1719337662
1085010357
606615649
738741142
1775266146
1765733981
852355918
25886712
1669016774
1591395715
123775931
1459707984
326856982
104775275
566847410
233376211
1468791929
583671794
285645970
1575877430
50709284
1581977590
357852909
2147205216
210811952
114305187
44980967
1072800825
855833870
2101710783
438051994
861071933
636427819
2143720392
223997941
1701581173
1837295442
246207210
1636669744
2139496219
1081557899
595978539
1792648557
1306587001
770866615
1295558257
599720549
5083542
2086519906
79875350
811503331
660711553
1565456063
840456070
1858824987
895276620
432519213
1624065961
180293777
871968108
556453011
273873873
606089989
1853860826
1885912380
1538395536
887973903
26852535
369411124
1758050429
71079802
410567367
716374317
658360127
421540812
420260614
1836119461
1666976572
1231239816
522356296
1293502677
291658063
757922764
1751395273
143905881
2041450934
1908255633
961667904
836958221
377367728
982825154
1299126186
1198470784
1102335
2037509886
318443767
1108482493
872773164
1656904899
1152300576
1702977024
1493991930
1697252910
1779980377
1406887904
1477279473
1341872895
1632535661
1547042592
1074581402
495810613
1389550875
925914089
1782180863
595734413
1386085866
1672038922
934226246
1009571975
2003657916
417009180
176948963
1365960680
1535927331
1245507914
1211303287
174018652
1215372940
78417363
1116996825
983673482
1084655398
2071933705
1519135349
311567764
832335047
1866242497
92557156
1973632777
1360432225
786686095
479655678
1149911910
135506718
1337708477
2074528886
1449629218
1327872001
1456432611
2062461361
1293402661
106166124
1918348367
900998510
1711165926
482358276
141808314
1558554998
1639673710
1248328209
1269863347
76353682
442322227
813357229
889184596
1864355137
1623086483
1792978233
903993592
1372952542
1054942210
2006643790
748683139
1766761547
1178289267
1459889489
530302554
1978818890
503299020
1772098374
64050736
1536146897
379213984
1457281233
1439671539
669513581
481086178
835700843
327602407
804057346
2130609254
526379077
812500359
1134301332
401629386
1933800470
1822435100
746497414
203757204
259712697
179668893
1123604282
1966042681
1274547521
926081705
1655708389
2016887621
1246601455
261579208
1718759953
1973832893
1533012232
371550452
405123300
806202394
53437898
44624396
695012378
2106935071
821461597
1201406552
1438986061
1348855623
1878216324
1311432013
1057528823
530522578
659964499
1522000478
1767902813
2072643691
1978599063
1050748846
1942596801
1557766544
1347438707
1932013500
1182776737
132786270
1178833681
1954344041
1890051524
705696985
914764313
856493100
1389620735
673705114
1038621583
878218708
2080182871
1790433988
1493557963
61643948
1254283109
1293160541
2113319405
1581626700
1960208828
840363034
1701268606
360321358
177963675
572386154
1354439088
1957518212
1697109899
991715911
1424766623
267300100
686428143
615840578
268669129
994168925
660685681
661323853
824313782
162844239
1852702798
1998350902
1630771043
377668177
1004919118
907393477
1686473563
27588203
1479703683
791713660
999864160
1951614852
182800665
1116617678
464042946
823448044
1883807157
27172794
1300319554
639755571
1863792303
2084926592
1532660094
804798617
1772336312
1242424497
1955942255
891459429
98054732
1736317762
273720040
55860516
194482926
280728862
502339108
1494931841
1630097503
1473329236
2094218387
1317307746
427348390
1309160682
42083437
1514122802
1477527862
887401781
149608769
2144428688
48175746
1282876762
1411772089
1185261267
1373620559
2043919461
428872143
1893331123
1225355029
698362971
269132789
63106079
148027788
2143916518
861756665
323913494
635728118
378731893
1255273800
1686324731
1620936316
1145948831
1296226332
1652416516
556968509
405586158
1794497998
208544593
223504683
2076376115
1471942184
1916018995
1616303244
668966003
1710189216
140419699
1731047099
1620524568
487047358
325837634
490742339
896285322
882869118
625842267
1740832782
1336324203
1054977761
659634676
1358464401
705516361
1400484229
766351731
1829546691
1649411216
910057144
1494662191
1045756107
764752742
1123084453
1440284972
2128406569
1455097118
1502143375
387746845
692569729
234702107
480661144
1074919979
1932600744
919674249
232957763
1139367553
659870019
1239914347
1910113085
546604607
1843875113
1315431105
1743073813
930448440
363322321
1586652866
1201530999
708478465
1481968742
555588252
543551925
1229451300
1632424193
431858859
625633917
204587447
222371116
812106727
1639711382
1004880164
1846152150
1342341021
1236617111
1766060101
364809641
39034643
302511861
34654377
140287842
2015161090
1001019439
1362149358
1936328696
2037953830
1593679677
1985975225
1863753455
1269245990
170284729
1687805469
344529530
782065809
1873793561
1033728506
555705813
768036020
819177470
1812004645
780894065
479024353
1088304180
746847924
1003872135
944688081
893985427
1247274687
1533961649
245507751
1346699382
692299731
1452593065
1875639688
831182739
1403154338
1988212607
1652413363
1533988786
559855294
1742281214
1057859448
541907422
808096698
1427072012
1299663572
378036509
1280726981
1619659336
2056815530
1601701471
348550073
392472090
1983443970
1605788101
329884339
1239653549
1284426253
2104544494
951082973
1857899681
1393637527
325924159
413573623
1384301876
160020237
94369376
292609918
1418789644
1567951509
1179303079
1888312130
1460910096
249894062
549285528
2103097539
1338153059
1261727044
1223827403
1334106076
321008019
1794949567
2103249672
622393673
70338613
501284240
2053739631
2061642615
1183563367
802962030
356340631
2093940097
1764491799
2028370128
226108976
2067889439
1007944468
1893736384
64506351
1833597300
591835523
1322599856
93421368
653332407
1033569372
197771325
1119236707
1304919987
504465029
375323715
1336258380
1026443274
578121461
2110037771
1073896149
1992723005
573717736
1468329364
2073752858
1790228164
1147592679
618528031
1675748281
1450476078
1147102412
24685431
984319123
807346136
1203645553
1852727214
957122393
254068692
700295764
430870885
1733382239
1117422042
1125362133
318052834
220684857
1214069374
1042226594
1956793289
2066862294
527113868
1932096853
535155641
2103556867
2062827630
413432696
1221419037
2005650659
717456205
1198373959
803738091
64211610
549506991
1799386128
206550224
1688674658
1382911988
866059393
1376304915
975143833
1348236436
2040329274
768219588
751208759
1288011749
1393718235
1079882270
634608458
1836538678
870477010
1491783683
924542311
747041196
169613253
647706545
51318957
910054980
836836021
388763998
1195083053
569110206
1914252969
1494980983
569013525
374532133
1797017342
1027905774
1167650286
1637741449
2090626681
2094572995
186528757
1205160436
674739900
902441736
897295104
1241053237
1513901387
1087846602
1080990347
1795191788
1246143277
1501961488
1023241762
2132834158
1367558600
1770308436
223895777
1557669324
612192758
637263228
1132963575
1449555793
1384264249
243716968
2088726626
896069057
1153709192
1117879272
1263729497
159682792
864316722
192715862
643804495
1981428251
665663642
1699361042
1248409359
1244068011
593904021
1144159789
767540597
278017821
1951076310
1178789616
1739131998
1850312163
2114788907
2093452989
1583730891
246163691
2087352410
1956692105
541842250
233225006
1333912063
642064418
42887664
1140859591
1571652628
2067898843
2053995122
175689219
1915560941
539511448
598025476
293418726
1074323747
1727969335
152436231
416067457
1421179778
257782389
180322469
1670739585
1310925288
1586561556
642089171
94835551
335529985
187552196
1968809352
863762975
605422834
480761530
1736567673
230389860
902920431
10420167
315960940
1945430354
286375071
1018261231
1902558393
1098199329
1888802276
1287944329
2134503463
1916240594
677525394
1792371823
1857474930
219310811
213862046
780346752
263766477
1398940789
1045850283
664887869
259009814
496055739
207198914
1346823409
1701856337
1996509985
227118827
1877433359
341950589
2062454109
1697272460
1244271208
1525918546
656589642
1628339493
961439554
197341966
1345806410
973202947
487526049
18056148
512319395
1073537745
1410669070
55487059
2045483179
531172740
1194051500
2137554306
224350992
920687381
1652956090
341610966
322118463
435226970
847724566
1293955618
1695092377
2072694094
916368575
1317102407
1516566482
493218254
1575557163
1452010858
1401180917
1204127000
107425513
623734436
1700798891
35837860
1086002426
1139897655
1994012665
1734912551
125676771
617521576
1043777372
1950899133
173844714
907923813
1898132568
374435920
575824568
1408520330
548090358
244623037
2103999336
1832522844
631055888
1790678878
227951854
1156906351
822007325
1805506983
1198256403
1851924991
122903166
679261046
1113295395
2090213537
613636986
439242201
1435546499
1551726929
30971237
2040624300
1500000612
1916137646
1960682710
21158947
1186478491
1490680370
613620342
686616426
37391152
234301984
1428871171
1613440578
998854449
1611182006
1494922256
448390143
1681899720
695130035
1136092710
927718789
1693425011
930911857
220773337
1623066416
1522293994
928258594
781718431
100862879
1368207998
543909205
1486496341
1697597798
468112255
1454502039
1156906787
1781422626
446564763
611341634
1208186767
1238048680
2075396418
907739093
756460453
1305697029
818778967
1886448016
341242508
926927530
450223178
1264540497
2009400939
1869205574
696139048
1380169596
807172407
2037882801
1919658908
71584836
1232629809
826799150
218298821
228142673
851159249
1699106734
1290067824
884873812
1373422753
1018216630
1179306280
1554407310
1247272397
603467786
1553297729
657183416
1244029694
621033527
1954430997
286377749
2092841896
558072387
1081897863
1393889636
1387869395
1469164868
2131693720
1772229239
535147739
2015083477
1740413458
1592379425
681686926
1150028417
1824100849
1362028930
310448926
1525075580
1682358562
826541829
1264583542
1302338264
502810749
1532212859
1562574661
328495050
1563850544
1982579698
1266996202
648859849
728329571
1935961434
74713500
1477927417
1902150374
484221728
446730090
1964871549
1218869155
1378112594
1962586300
1338030844
2056481891
1921892103
1426345921
442921493
739091124
1857997807
284519206
1174219994
1107952926
515600401
500492693
908235689
469596014
1065490125
147238452
653544979
1452273439
1702040761
1173353682
206854133
1644319667
1054613848
1181939266
42590453
1423451738
874568098
371381379
474460686
74838699
1226394204
1420873490
1916869655
310740711
492798433
892583666
1419144609
1192293488
124070603
1242225451
1585574404
1013274386
139079234
1111278909
1892579000
317613646
1015897540
1620302994
1069570514
408669507
2010129894
1540938703
758784210
109136616
1745242198
44874765
403019326
998414823
1854578180
1822614054
491417611
234627479
1404166582
895259130
22773289
620326341
328499679
898018073
287531145
78278463
1088977755
1757064519
1301923117
1307083603
1558461165
778306643
382348949
2143044957
155420832
1458216094
1410679352
1597318614
598178041
1971568342
1131781743
50580268
665479022
975844616
699480289
1567111632
656472406
643741283
293618860
2409646
1042360140
1114741660
533897376
994493681
579358737
272030364
1065143771
548805369
1289310800
1394953123
112553286
1671198199
980135716
1694643502
1022117542
2077582464
1862579308
827990055
1336137343
1790454953
638824127
422048778
1360421946
2007788717
300557234
1798003546
1267703877
941261388
426316991
1284468616
1216596755
929610727
985417872
1621274084
1653432972
416698530
333225378
897659700
362436769
371531792
263349560
1991393357
1085395384
1260600100
1490076684
635045347
1893427760
1329935354
2028150360
482392512
349242808
866268719
1980074088
1661989293
625222885
348317550
1298219641
1833388282
497009501
215224130
1552300399
696863598
1431289415
1944979350
555389511
1375841068
1639367398
21099775
815348731
1405467516
622576675
152946308
1744341223
875574627
251132193
1087897373
355586776
1037649085
1445880861
584336343
1120084811
1634458461
500555522
1106359899
1466165085
498683375
22983619
349442985
1782950037
1837905949
1962719568
2123930860
2119815274
685484157
996080016
463980457
1295348217
2048890253
1776148725
510965226
1682709427
2141690116
275313514
1360754350
358265536
1811215631
446499668
502205881
486233206
2000215964
1670127467
1378370646
1752907951
926422810
1038061962
587612486
237751360
2046082730
1579025461
1456597394
1502042966
178225886
620607802
1347749772
1050895082
1467024544
1003255803
477510759
512259141
1110216470
1293286310
113948667
2706980
2083328658
1607592344
588167237
1070725028
704473455
2072137418
647353131
956817947
698147970
1070311306
1575224641
351540093
967909091
36662355
2143324981
831543479
1728453214
1353853156
406028565
66092967
282960728
1750473254
1124027157
1780521502
61799942
1114854539
1850131964
389105351
488102349
1410757185
1664171738
506135717
585076131
1991166390
1534931895
516001008
1913494708
829762325
2014501795
952120571
1781826039
1058285435
2110224173
826824906
2083636522
859496093
1386375216
521850238
180639395
266556756
1326781017
21322499
1450849220
1781879675
330728370
1437417206
2107003644
1930349195
892593197
454014554
732944410
1331348498
893824716
607227955
1810600186
679466720
1755427077
1075234715
735099104
1028597532
384160615
2101028359
1541014990
2147281500
1389341209
870641101
1040448487
1976268646
1039060057
231377887
1505331756
422698058
609744310
1868845642
933228099
1869020138
434302309
2036546230
1994580293
1448752399
61159307
1323675661
12717042
1212321742
1031441435
1730372060
373342777
1846375576
1418467393
1869159621
788072505
1511385600
484935265
610119352
523427416
682449722
961990085
262721469
1048630613
203351524
30002129
1093997809
1329785526
1979068733
230859528
1768286881
848342210
527616777
89515192
733648469
53192544
657526552
1013940221
393691482
87758708
1378981066
19757778
1846348470
1873930136
982001043
1866559937
1025122695
1868559535
1444625132
124379340
1408952280
1657772403
1140655426
993276607
1124408220
825262950
923203911
307796645
1554385382
1169215123
545318659
136360593
515688754
600140220
1841076144
1013572940
2091481913
939705163
1068430335
351575429
950703844
2085010600
2075112017
1892761337
1430338555
1024780113
1890094352
417064304
628460330
1227229285
203227395
626519733
619973277
323741082
1049858994
568084777
119344721
1374312562
923377809
1306627355
1446980568
1852222372
154841328
1902304354
173388576
571358994
581196039
1512213406
818164264
1830122248
642752177
927174802
346553922
661642728
1602807599
772324513
1366869674
1113769864
2010082872
732609415
1473326765
1825762723
2087011200
626383949
777547817
728666260
67686773
679518423
518391167
418694744
1837165284
1391204150
169368485
1778063486
1002725943
46069963
1236766104
2058512081
77997651
1280086885
1549608088
474748099
990833223
70809885
184149069
180387119
1441616591
1908930601
1391631390
1792519746
1898294313
106060856
497877329
1802858130
99232097
1138816390
814059951
608798879
1006938586
1311762982
1179090379
254107518
498796423
1986055470
1834982123
5753553
605482427
1792016333
337862040
1301297959
561657484
295557411
514120558
1642735272
76075568
1973196582
2007815769
1356971153
1167143962
309597569
1217645913
286450085
213666298
904679281
