1600
298209341
809395967
1760871765
499792700
153316312
1992263640
1188218895
70317716
1674143745
1738086890
1689518710
1400374607
1483848291
1762248425
2071252258
845993850
1352796241
229552263
840797498
421911877
1570341245
660862013
958624035
1576996930
20398522
93943729
1126873326
738673589
502446992
1851587810
653492841
86981554
1260333682
679116551
1647976696
195792538
1490226481
2016662953
91486989
1796885705
15509404
1060151754
1148317912
1528656108
416058699
57115076
1133049
1513822328
293549014
2011270630
423898169
1760854798
841911477
1029250142
1037736344
975494193
987015167
1876217063
596965041
2128136737
55074374
964681430
1311316181
686802734
886899536
169921317
151182409
955793621
1793990556
1034889839
766067341
1758953781
1490039524
1806295065
600905925
1173249676
163544941
1273925431
1078339035
311145349
1770379839
351491695
1140056212
261988333
45123413
1919145047
1014410746
481464385
1095703214
843215863
1807656859
1836781252
257188612
164560969
611117539
1763531526
1238522817
1519616355
884238965
550226516
1550460911
723017819
161961329
674164735
1114182481
367055645
687469943
2069138984
1126931926
1148227929
2003050520
49564948
2038402326
591122450
2112498999
821771255
333317834
1451394727
7763234
477042919
1031189273
389544594
1011635901
1960468901
1176823433
37196663
217957610
445786972
1770509621
187168744
44850812
575062727
60214174
797798801
612305682
124786006
321548740
900503784
777331132
1380376590
554964447
905857536
283121536
2065410361
2088500555
1695932675
1466742121
1576828706
996130791
251313481
1455740597
515539454
271165938
1947602712
749907722
1853895347
1266296409
989194909
533633237
961121318
1264332907
1900455145
1533045665
1521410772
658362239
562264106
1396529742
378768688
438671249
1375694755
1336629486
862540909
46019699
1426562033
963840923
953789388
1257307107
687837030
979975265
2126885339
652773347
1115234920
651745672
1705899952
1567905968
2036891500
1750498243
1119031847
837189396
1974826905
1252422868
1048572341
295980749
1586175571
394159388
529465863
1438849259
988196435
1577802320
895161292
992603578
1627829621
390428182
1529678645
701589184
91981995
272243522
1314347316
2111470173
1908015425
529900825
1557150694
1129665538
624001050
735421601
1044104758
934361205
587610645
1806477357
982954037
1777233501
1907412140
306218978
382922736
2093691248
1491343950
1158430167
416749828
1548004596
893021698
1229865586
1366394148
702872869
1212868693
1259107432
1005601909
964114961
1055404736
2010547623
674157924
836405618
1047100700
1670378133
1292543410
1137523020
620675170
1303019361
1313823126
1789452857
1211190467
1633304355
1917574371
1361612996
1607572485
1936466274
945896227
1047656804
1924362034
210241772
2063351724
1572516012
96022922
1053256118
1149951388
1157787485
2093983338
1504276215
1990792
1434147659
278584349
126724633
864773333
1784240742
1924491365
1006520355
2046334758
1222732998
897772985
439537856
49102315
1722945288
1270277603
525626398
1796245603
1633526812
1993390071
1680650360
1491773327
1821370295
1122898624
906492347
1629007399
169306457
963941143
380913428
1384397059
290196802
1127460363
1738907851
743432032
1634441141
1170204355
476645242
608791344
346373750
1592281599
1286531312
1305663618
665666512
1011298786
1582702593
508764055
1272027195
1812943761
1140881881
1029685980
2141750489
659952184
1960428535
1139812618
345136573
2101091169
1314546483
1191951502
1969699809
1903512730
15626696
1199821782
1422508057
265346347
2089444667
1634361707
1605885006
696440073
173423830
1528196317
722642561
1745864565
1555576828
2091340318
1358312274
484169509
1596462142
1712835164
349861571
863896540
1934873481
1796324438
1805004943
1880669439
289344262
1356059611
1853676614
706264916
1814411414
597287684
250654101
2128295953
1309384968
907610573
1373737163
115094028
1342256982
1052812908
1892824637
1798195463
1833372047
1804668375
2015110174
1344055066
731428990
779684764
1481363569
1693992878
856192080
1900751488
1653457939
137462955
871629971
1367065841
1313195011
1375660695
1639732511
2029575176
805897425
2129810519
352881879
579647929
945054570
519917540
1484631023
1432115024
578267297
478530206
921940493
1681034918
1917768375
575407327
441535675
1114182223
2038589402
503500558
1716981059
1231039861
455594053
412814718
985868197
378948719
1723513025
1550025835
1817622508
999312580
1770552538
1681779983
1281724683
233018862
2143721554
1447710926
1119458088
2127755474
2091721394
1468640828
229804408
2131712118
856576213
1427694877
816550063
340597332
1040449220
1925507740
818873665
1803509357
1668039486
634996073
1017248236
1537867705
135137339
506057395
984626526
2052807631
1868476028
2121847083
2145499303
335471648
1728165787
142227099
371379753
257521008
138115032
1205160661
136814286
2090891318
1739575403
1923452176
389304568
1304217895
1575350823
622583713
334671454
1986685305
153757619
1359019086
1266569868
2013656647
1132898104
821702770
368075094
637069942
95186179
1251041678
332645458
1020634398
298130966
153180442
202043877
928267038
1195831762
1055349009
600849270
562106022
721659007
1620768854
1452909244
59650088
2093707681
453854834
600389971
1524139465
639440432
1903179852
1546847771
2027011085
1669061227
1711758395
1369535383
77594129
1143252212
1176688190
1721845380
1164211674
2046497821
224764943
486415322
1211733033
1973919922
1937254949
1165520617
1712988571
1895811157
443025148
1532897266
587339235
1408319368
2065051569
1657713173
1488599266
1313418163
406082720
1351850462
484412023
315647406
796036429
378974997
1389851293
1448461365
329141345
1746847594
1602337245
257912217
294886580
622578885
2107197938
1901867610
1023517821
468427528
1054127423
1078849377
1092842138
1965054628
1459062765
1611004037
1420694031
619774704
1663393572
1814858243
928311037
706609183
2028456582
879510399
711283145
842131847
1702359868
708487687
622501052
1864888405
654118084
601272859
409677596
44092766
1318096295
1379291690
1831864855
1592735550
586755808
1706827031
44535007
1583669506
153990300
531489688
1383366763
359202937
1758494256
1954897789
39480481
201415560
2012536500
1834214661
320353284
395763623
312425738
613555805
115472338
2111750022
2140208155
215272485
1226523786
1576081705
1158753024
637505852
1410500187
347481154
1971518941
1605288955
144622757
1844635882
616238333
632375595
1721804594
1935572233
69492256
1972073983
1418183162
256428843
1961243758
1646000670
1729964301
8118489
878422150
345756145
569658735
1226884145
541984935
676479321
1946362145
1385222965
1837302103
813028680
1124238132
1948035262
206540153
1305702056
727184440
1659997112
1543548508
1945392158
829002311
1298556180
923462667
1536969753
2086493645
68763106
1326554679
580435997
1365558588
392578591
1089927932
1056564668
1775597831
937517552
1044770980
904851866
1701873943
1956331691
577160553
1956532602
89704378
572193619
1194295051
997387920
190412443
1226127829
1837175811
1115125688
205404884
1946804805
331506505
393786214
991779138
252792511
489288836
885512905
781531853
1296173835
971473084
1905654475
1612593193
725097559
291389873
855727946
682733292
778489335
1153502082
789447960
1160207616
1828587587
2038508426
551687155
2009728403
978071334
941691240
2143248647
734289098
128288759
219922203
542308700
304561250
570042266
2125594876
571716455
124395487
1885563127
328101466
680053323
728164385
940698525
1397830094
577863518
1962010932
774183168
1530173678
1189528608
760167642
1209349128
1444637944
2058349986
652631956
1199107602
1618613001
2116251091
766842118
1846511094
497775735
369923537
522359845
454585869
90353271
1479499947
1240726297
1260485213
889883471
1579369735
776145856
261396236
1510195636
1599999969
1886924843
325977673
382926245
359122594
1365821002
648292191
376418481
1397789016
1088074972
300532560
1443146023
1671539854
651052692
546563362
110326847
237134955
1259294776
1586247357
1158382663
417994280
1370397364
2086201136
1216750186
777534200
371497195
593697274
192423539
1269528949
1174299521
1086643177
1573549730
974176433
1997929698
1829216938
988434579
371419697
343334330
459035183
805460226
267871201
1613744370
586533619
330134623
1474716341
1869801575
21954725
1234462492
444144814
1904554223
1682282604
1233599747
2145749762
1092488806
521277071
583236438
1505441076
855136258
625370433
959977133
58098080
1265995033
52189926
62403951
2027164095
5527672
175908825
523089523
1188897511
1788566879
272942305
469533240
1120270600
1341737864
494844444
2145886903
1540837710
838548276
1682076654
266937271
1807473600
479875513
406528657
311278350
447397340
1019325840
2127503205
1552234736
1124605048
1519229616
588700613
507035653
976531167
707071628
367744780
307742228
40196146
19819761
41229447
1517083506
729532869
1577096068
600099461
128662621
251211235
1355886254
1344151474
54929449
490985856
1044468988
1522438619
1120076375
546899666
499739782
2097703913
1909930534
740529991
1168463450
1276867773
2088958854
1674632721
151118555
2013535337
691644075
1671197249
1682738747
768226170
1007227051
1261177141
782664856
1976051780
1758497709
1421105199
1184624246
1272172124
733525880
1681915782
1935705154
1994500889
1950161129
647068772
988965842
1374408056
1748531948
620307191
950295423
1208298460
1636112056
630726861
246417075
966953358
702645053
1168738076
1620169359
1497491029
1575710356
1972002048
1527697894
1236890425
1226906991
1549384150
702941515
1754731052
2046473071
724166439
1515060179
857299763
1045185483
232491838
209682105
476785465
759277828
836492081
2108610077
2011871798
1566909939
1226757489
1593055419
1248147799
1648479370
30311274
482598091
1766848816
777170999
558384259
767110190
1193810058
2064636951
1260462107
915521520
675395979
1644827764
2064260953
1281197432
997179673
1596350141
1519235004
1560439349
906828867
86659433
1639910903
1230336017
454070087
1122643136
471119596
53086622
1089735402
814332697
2026300187
215531068
2052623224
2036398112
1076562015
115218135
2037350097
406159977
497378216
189977001
508736074
1083822869
669617312
1847484012
1553189270
2036547012
1868762776
333751070
1147944003
424130949
1556024108
1892681615
1498364
131362943
263185571
1668860503
1039918690
1510873152
2015621309
122330248
209228492
455873196
306721094
1156154965
472594817
1325356385
2144344161
1446449917
835515727
2092309075
790319507
649643321
1220661920
1439520741
1525847030
1883296658
61376065
1445003714
1806990579
786050106
139635427
120328245
619410027
102285801
1219397651
1638486275
275090679
1963925407
38494161
501612424
1107790266
1028277550
1782662435
473375989
1572062476
743754522
191199884
1814216828
985546039
107106087
1356093407
1508751273
377920333
602155252
251246806
1331662512
32589558
1793615197
425784044
1034741844
328761214
675547922
330650685
865717983
1789820624
1806280579
813443300
872727370
883532701
1827480153
2016496228
1445697187
838050532
668326295
2140091616
840632821
603243424
1191184021
602645935
416953737
552869785
627993053
2024915422
419609295
6680091
562904849
153273290
1435941705
1818285762
864516562
1839608447
1040554426
588467036
871320028
1947377433
1131446594
355592530
2128275087
1048046248
945796930
1417143715
582394947
1142166956
490320378
796032417
288182223
205231440
887945650
1710256664
1403507462
1260270084
1516097720
328108160
335880364
1014066659
810066903
1140463340
1565223275
808022744
1785348667
513971377
1328781129
965314679
400481768
900937059
445649525
1358238369
63493145
1179487038
2075118848
2097813545
1919958363
505295003
184457156
1068388424
908871019
1686403857
591642160
265795904
1351044159
866530627
1207954024
419018457
288280068
1072193907
1703629356
1293924284
1700795060
1113981702
2008361622
249455902
1336059700
1964896726
449143783
1415862139
1220648201
766554916
1172418353
622024254
404001556
94854506
1828112650
925572304
38372698
89948477
191303409
992913835
50357553
1891638290
534731402
248321076
514423357
592417481
1825777407
557247209
926386645
1522185036
1614871675
1189681688
794216387
1708048285
1484792886
320231794
217681596
1734377243
318285243
150479585
892067695
990796190
1824950826
393228491
1212066458
198408534
1013541102
1434682297
377216864
1384445138
1858157499
1582821629
448021834
1014104552
951679794
2004695307
1628969745
1753231215
438534899
1550493149
1038843900
2067572560
492911951
507129904
952607501
1081833880
849418429
2127179581
372882580
1799220696
1015825118
177114608
1924189442
45669850
1600662883
1954187656
1858807410
762582960
1657559685
1535899585
2117385209
1369163918
2033021027
698422574
2137471500
1807543754
127833693
660724491
1539106677
189124712
323622917
824565331
208096425
373524098
1229083424
752858368
33203420
1274379827
678160953
2033640859
291444000
2012221212
744636744
169434035
840478209
1705448646
1935098681
1194158008
116863765
1717146125
940534809
78464099
1532930777
561469764
473636630
391456108
1954133858
1907998882
646857152
271371572
1321645860
1061706437
51847392
487959473
496020535
425900593
58039317
1596359682
587525366
1210595986
263428766
1073585034
1018600559
691459037
799000417
1800564497
1233185470
1744434156
262903173
305132066
1524178016
77750576
1668123589
23090321
1958829097
585114769
1258871278
1555255517
1957515690
1134001100
1742418972
2095579831
281641584
1525273597
401733440
2116240635
1043757685
638307160
1592235534
16488472
770227104
981547997
1441418306
2017693750
1962833562
41438597
332208990
433834860
1585187539
941396022
1495535252
687173665
1367363232
1943740025
1804388284
1414411084
673292354
129025827
1852068581
1259267726
1212464325
733691963
776684271
1997901481
1222533507
1852203179
1073288554
2073297273
1798353883
1823367932
33546092
722209905
817197315
219164440
71385406
533865180
1535502303
1373678869
250979018
2120192965
808564401
1441013457
2118563966
685590743
1561679377
673088194
1721650712
1332743142
2086758179
32898641
2028624964
1357862362
992201990
1021333263
1698129097
1271899193
1220775020
2062829150
86119824
254367769
1333818410
668486207
1723938343
1340414986
1470598500
1302782321
1674107796
506909285
474829829
864174987
1204282477
330304341
25081500
1504703694
595639596
307430219
150593174
691365779
1249799378
825174378
1402978530
319727414
455534629
456142212
1928296045
1698171277
413904789
820549240
117201704
1239673297
156873133
776003618
1651505065
928344744
988379241
1762927171
793292986
217661458
1099996546
1977826868
1411792785
880116266
2109048331
468161815
588575312
1535739691
1866884890
32392877
669561932
1035388340
1557434880
1636103951
1029234129
2060173010
397740237
1445010710
1697500433
562688191
763845017
168482947
955336218
1673515144
581157885
318001326
632462015
1531956456
1611768944
1145477640
110074671
1572689936
1388783926
357377310
382946937
368638518
1360219607
1971893301
496726604
2051304291
909320248
160619010
571851634
908572280
1127435295
1327169490
1753615829
1183867487
928968677
245756744
1835402528
1347659197
966572240
1306066325
219145524
661430135
389760622
624525515
59037977
258972248
198039610
1886002847
1895836876
1942705815
953827477
1208903286
354960610
814832777
725164512
278793194
2077122183
43931213
1193898674
697345208
1666062344
1478193872
859326719
1818947287
901628202
7458618
1564340230
861314953
54555385
619243938
2077311808
185448619
82505874
21568431
2041729856
67266434
1288458002
100342758
130896345
1254910716
1758160334
1664977064
630638078
1208287553
1663698667
1999206976
1185024154
64642893
882835245
912203064
1467156613
1774431623
1763171947
1767068659
1118590718
1289654098
1767081920
2119655939
987396923
899625153
279349829
982752702
1950191483
228318490
1868185715
1112418930
621946029
777854023
1463269556
1123465958
301625195
742087265
284124761
2140167055
524860253
1853035765
1580112057
439502021
1460414391
1102614896
894680157
863548702
249605147
313793488
1892835942
1524552446
1470325732
1643105402
2105020976
1360697384
608969598
1256183363
1742921625
1202963198
474829609
600726951
43699408
388944056
1492849875
1284756979
996078149
1464139858
1553641287
908388319
391605887
1522687067
1692091072
85909554
855449166
1254280448
1368966529
1838916990
195567133
2066166539
870991686
112604844
1171656822
339446020
949780015
1481158947
341389330
1403457224
72981195
1301077821
1505830565
1893694066
1054827671
57167349
376352246
527971247
1975819695
424471463
853735387
1002870121
779005820
1068969644
922476070
1685338136
1912118973
930267731
65919976
498615356
1424771105
1357823585
804048009
420531266
2010047571
990536994
798258322
1584738152
1017238459
350447804
172085714
1511686892
1889055667
1045346915
1806578625
1006831007
1885714932
1321525438
2117934068
615618699
1486707065
1789580463
378398042
1283081016
584199661
1660971470
1510094305
688438242
589967641
597506657
789198250
248904549
827209165
1883578288
1864863726
1785058838
1656008025
1358769763
2142780092
1866833692
459846339
1378500158
666503007
14995905
1569611767
1696724804
769129260
