400
1578905232
364176960
300251419
1850563790
1586905823
1027605019
2091918611
1982644118
2050421909
1690789240
713446693
199532849
1527196053
1325813646
1001431768
1521335274
771412924
1280409160
1042597524
96324297
2140027435
872489865
897926869
1156874559
1483361366
1728913549
1603317257
647449419
552139612
618433161
812206345
774690486
1953668329
979990248
641625358
430530977
1405965670
385486755
469779953
725406883
261589535
416280393
786902237
1865654696
1380342539
1867433314
448234969
310078657
1663116881
1060848315
617293531
2138864764
299045159
1221807469
1175012695
471396764
877370044
648052092
1075178698
750962705
1053242984
1460002922
706870538
230268612
1073278524
564790919
1172615272
614549529
1903037442
217994788
359115242
566370671
375704968
2135206077
913214366
1633957023
292494621
1368665557
2019759294
2060853069
1801081960
176068926
1976485921
1271972737
2079655626
689345870
847977101
336117687
2137773003
1614315733
1542531178
2111745873
555106486
1561752033
1215427740
1044329180
1722587995
858293068
941633129
1189330920
1828709404
1254254564
534020099
1531263462
292339829
917456781
1958044860
833704481
1902277801
542434022
2114684548
655601590
460777196
150929335
661366149
1831067698
1671473267
1913920869
626984289
2143883184
105908368
353661131
2060674004
396658988
608186109
795093263
230389386
1020526259
586759525
84015915
2104029714
236755298
605846130
543880935
1430853522
1171247712
263422878
2097979973
46975823
2128286327
467371786
885415593
627389061
965941762
1313179419
2015040658
1671289423
552350379
707044063
198453166
1753048408
368059836
390294085
1039578041
141935168
274922970
219756170
1057755145
1296886336
1890029200
785944023
199138438
1283925648
1880409303
1267698794
384554274
872144782
1913437973
529750019
669822690
1683878515
289844597
1116707134
1928674160
1101041571
1641839231
1605565944
936154560
356622665
30227183
730973111
1295914638
1990375734
918906310
91703835
1397018521
700024569
18732365
1342155933
1645367563
1149294258
958566072
1324508524
1796322631
800265983
2094158338
1047983924
606598391
1064789762
1768420313
1641848609
1016234891
751447374
1428061085
1984827490
1172648747
680146231
2059472195
1206531227
717775268
355685877
1236769070
500889502
1077439430
745512999
1382110242
1277368550
1965517427
1908937950
263059444
2013005369
1602369078
1407050519
470207211
2109521288
1689891744
1102392955
817394033
1835186056
2131847293
1102732623
607028445
1022745113
672421413
1145761560
1953625221
505442707
1001463831
2074794541
1216032344
1450456141
916354597
2003792665
873008512
267733999
97044941
428398963
1858966753
1369729042
866798233
926084926
417426823
769710162
462301546
1479988861
328150946
916172580
1776297424
184940544
1722249941
1836378902
331964809
743936337
531539548
805022162
393968957
1293011630
290828524
241852937
1101724759
291984836
1456363954
223880717
1675227501
2016580590
2142009391
150465973
1513353897
1907835925
1311042613
1251928193
1994151408
152287455
2057002648
1600837701
1672459513
600479772
2089797883
1627485028
1251588530
2129534725
1780270767
662818459
398471810
429257297
341290060
1172361071
1877241475
677933940
537094278
1074374352
8118736
2116067119
1999055819
473649974
505483659
152662960
289003822
1195125303
958253156
503832360
884162065
1025272717
116363967
1143747950
2113147605
107010882
1523024661
392441583
613794506
1536058266
103169466
413560429
693304521
657440566
1037389184
1838190421
1272580890
680406023
1721679984
466664559
1626993551
662054205
1480854254
1028902228
1589338253
2072061079
341128380
2118184316
890654890
528313932
564743469
1844169185
1326812860
598532666
878257983
1208371127
1633219235
263444013
87907757
1534771772
2013751691
657520778
990945195
410505550
123848071
169294388
175588528
391550856
390551184
1409466630
961358055
371497145
2065517087
736223747
2092618167
2059016055
1688851510
661332847
951245055
1533410398
26484406
2079934315
2056823583
1750614899
945422888
814112167
535910748
1276375749
44860978
1654578775
1965043464
961648896
1346644271
843434905
927919594
1624986355
1314779361
249748635
1204013596
1913346612
1697792790
1769189207
101023277
347478897
903251081
1046020742
827240448
2070467779
1612350163
