3300
437009228
1985333581
269374682
1395266113
870081298
323030354
2126994568
1138864487
1196523015
110256710
1634324171
896490960
216279928
1200712583
2033981659
1760682848
957530227
28850582
859609603
1714316521
817455675
1440517920
381231679
446800926
201009263
2133159247
494925652
1205473771
1976911719
504227631
743662658
1181460310
1083523618
316030712
778620763
468616306
1972053252
1004816757
115103593
1603885577
946915267
464788241
522320719
1781045477
220141449
1561983747
1369261921
1390635666
1749707190
1672913197
1269337135
1152348454
1914623310
295614534
1114938467
1128550402
62232109
710323257
2051674972
162528208
779908776
1046723686
668279518
1081922254
113787387
1372805600
524610044
1659534574
2028682862
2067384836
354898687
1204458583
575188954
130618254
1762294182
1672615311
2113823060
1145123477
168597914
2135988080
786249793
1637520697
27493402
1172196309
1317654072
124509927
285515549
1018283936
1807618745
86767103
297167565
1714328326
1204090430
915494621
1911853137
123568616
1835604954
376418403
833583039
1084216281
1773114403
647285052
890267242
1728977986
1087872795
1111861815
361440522
1295250334
809006532
605885479
1386622546
1861840371
1739988393
1596734374
1606575293
1034640627
598098493
1180617993
206262552
372463370
1914574614
1011038411
668526783
1018202108
1958888162
678971446
200006685
230836476
441569524
1461778582
1628269549
1861583199
423963562
1373610228
87804114
1692782134
1727667950
1358519528
1839986842
381907775
2097537598
912441848
906642630
1812927086
2019961557
462871295
1266823458
1518087373
2087339612
1446604020
1106704771
1728801343
1162689676
1990558431
1710594175
1317907014
2090465824
648626856
101274912
1054923735
731021898
1976567930
977000835
56073581
368257503
196856693
548000078
64792044
1502271566
1747896821
439684945
2005070975
1698780049
1267105252
175979581
810797262
876908764
428398833
2053639339
1867211606
943067048
59033754
1017249731
1016434105
2136030245
99025510
1470145810
1362815647
1772345581
1216616628
13593256
881856205
714174761
939054647
1622143956
1222074494
1643828136
966910679
668399374
531021764
1250071671
717991762
818848853
264370083
1351063281
1859889767
50828170
725284188
1603182794
659799037
119618116
1573439710
1374942086
1269893676
485681868
677801237
819851047
910624100
132012443
543840466
1485421666
1582808126
1309977512
224908789
522911416
1590327321
865537448
978002507
1253543592
335651116
1776013575
1262573554
1947745404
175172441
1629557499
723328251
1817680302
716491120
1620437527
1745427506
1384631276
118237704
648224084
544818490
1194878682
1765112819
1388077482
1852560596
209014430
1053817312
1044586766
271262977
1734844837
1166163798
841205626
1658930538
1121037247
1598497789
318151273
476994430
1606344633
1113710790
764221104
252889700
1407244640
1201306595
1106564649
580789290
724723917
1820556568
1125711580
334750034
1016701799
917104985
2102081699
1960239308
526515963
2142275573
1981623213
1393340695
830960491
1366781475
1544783532
1594466144
1156294128
1552995328
1155239199
1601605976
1403918799
979644419
1154231606
939631512
167799803
394304407
446406366
1191875415
99587223
297762656
1045596417
1591471564
1673212258
150505350
447066387
608307455
125032500
1479008229
335490946
628147132
314142888
1745336380
1084239837
155782570
395482906
1262358605
1499739554
1211054129
1601570342
392154316
1926163345
1958940109
129960370
1965691521
2049800418
871019317
1122367640
1836248006
1119117488
549539546
1073067763
1198666682
581101308
2048555436
265765024
1612958447
949288893
476804936
1512848259
967054323
1833747732
1946891758
1368494417
478656235
643593525
1088034579
423826019
72330856
1647966482
897744714
876158897
859478893
509932064
832777974
536435877
819225007
1952993556
257188381
1802726051
566561695
1252029280
966310124
1818405308
1451226886
1238289060
40560665
734921633
563366259
10750449
1949904983
1012842094
2105518998
982113359
599760813
1801934362
1157910069
253043465
1414666543
529751726
1076049546
329890827
298263781
1046048613
184275495
1626918881
945064160
459805688
1660015430
1243785299
1003399356
1130809171
832197880
862260762
1557900813
1703146945
1007765422
1784623038
1540061448
896075652
813180167
974393095
501569577
1498247720
1652485327
821328018
589072655
1442960371
1660446756
794394742
389840943
1827411206
1033549597
1492683191
985528658
101552814
187507537
1811534856
1419104196
172773498
763641273
1283101243
1466867427
5780390
1976386096
1130596350
1641949713
1353008292
617202548
60633297
1111985318
1259600237
666673155
13266426
742077191
1660979135
736706023
2127740083
1447402030
345128975
497422081
27587697
1144903712
138669712
1730371020
1757121833
323284057
1337869950
1176985776
168521128
835114937
20796264
1461753608
203833754
116292878
81392882
2131717414
259610599
706562366
422600482
753412276
1790052673
1813488479
1794942538
2116951137
1450223075
414655797
359026814
698950888
1620241422
18062149
2127818661
775318724
1602160198
187944290
1212138594
584415484
1643647390
896994940
1797679091
674397328
1076177870
822645969
742948358
1661924681
2123631020
1875745554
932737053
302616645
606082396
1063208815
197996164
1080448363
2009535562
1270963423
1379072902
1251482705
1402230285
698790522
1500724569
1617709066
1441491387
1362392141
673994689
1809435605
983260416
1062546425
2119339959
1117025994
155419157
1154256743
577958964
1269139724
246594947
1599937367
34689344
1231720138
1124752822
1383100733
2054826615
1132168591
1317893930
299073829
293714941
454641651
1394986250
1916238192
2076771900
669336050
2026323295
2018017051
138534728
1371762007
1996142798
139144596
1724583306
2011665864
1979301838
626122709
1105029495
338617719
635660704
1614462888
1231227004
1829156919
1387524685
197631779
384921205
1329707366
130535558
1145083756
1103087846
878462741
97735845
1446146646
181547117
1758535186
1649921638
284809546
1072886594
960450384
532626238
384585532
1311959004
1682078443
1768389726
1175449348
2060043785
167662922
1594234304
1634923829
1531939563
293499599
2129490831
877924168
1818747317
2133548112
1188870339
2104259713
270046823
2125851519
253957504
164415002
1260654764
1845096179
1946133740
64861938
1256248619
91821613
1430705064
473267355
321327108
1311712910
209079879
1460864765
772614061
1805678309
1971353496
1919942856
1431066245
1545843761
1186489854
96114750
1330007332
814214441
2020043511
761794102
532995377
1599596387
615850114
1236340663
917285556
1058781982
1420492725
283694379
1962665730
1578743646
524058339
1929382781
848171834
1563921987
1398585338
216302411
1698548124
649906680
508204578
797878901
605917248
1356302235
995921298
1202572080
2141238283
920943806
984930223
1074009357
162343293
1402684032
1348942561
1235446992
1856993256
694152073
1706645607
1247544480
719956982
219864669
1380352602
181255367
894849274
1930951237
854596064
447564712
1805153217
1821246638
1218672202
1122905494
546417900
1469012887
555635152
1117937088
1767322271
1514468086
133874030
2088818228
576648102
494180566
1584116164
673437662
685619338
1500741953
2083712609
187693821
1785679663
734403349
611954590
867501948
927054766
1389243222
1700048977
641307963
823948188
1476932150
1759300884
1862431739
1136435184
1618548566
1390750200
122084284
1226794837
1309482359
1048043624
69362982
1450393593
331947803
1247950399
238406133
747195025
433001167
1681480624
772238480
1757393939
1297536849
627093699
173320425
1501437924
2078033866
498767145
1252322430
1132272343
1608751106
1405926635
1771017853
1932629019
1356134641
306253683
1598398523
668295406
1452311641
1321995728
772803983
1000719817
1954247081
245481720
2140415158
1729169695
1458016819
683814782
718171788
447483333
685118664
646339650
668303227
770241712
926323408
1190579496
664110794
111658863
702768151
1368692860
987080589
1742350970
29113079
1901984554
754456734
1133713291
912263350
1089959998
1946553543
1056677796
1025976786
84049217
1488479086
214283670
1981733497
1238012559
1045307493
1557528507
1927737928
898764729
992062551
1576907446
1181935836
1625774791
908452
817722320
198124012
1787539102
1574159538
808075937
355172891
1150576728
215108833
539847666
999049707
1687150156
880841667
511214363
312621966
278314565
222041515
631661923
1399522833
2001924965
1478204776
136463294
593164774
421860467
1301806229
42841182
1961952668
1152473723
217811713
1669254704
431356170
155000415
61435970
1217350281
1019744980
90562619
879604447
383102695
1614009264
1624953876
1009193171
520192023
511384374
199358818
1782292515
1265859548
1556843428
261208321
1080637200
1221253982
1233467157
1304955700
782408613
1333828922
1976734299
134751704
1690991934
256497760
271757874
1619505839
490550040
991565195
1089916857
1221889576
1345996386
1455337936
1758729118
1973161241
1365164349
757877046
80390948
2000472746
1837188908
1085745227
1103307960
49020805
945878511
344966903
1432556359
1213685663
1454902496
1627146874
12188398
1674346482
845373014
434638688
881296773
353289604
728729202
696401125
637271636
1596251025
33352837
1589927340
1039406773
361148738
1644923710
1373242135
735113768
523567175
727678956
1719824048
137198255
1617124210
1154442305
514147735
1523711177
1199424512
57502980
494094741
40307784
1785907441
1797018497
227285954
1804120039
1967860911
1329661266
314705779
939185619
1664619291
526523467
171234091
1843400695
392214597
1957044115
429693944
32741468
1792585390
1111591602
1891481364
250060011
692561202
1543872329
639540322
1328075867
1038857559
1533082679
1111021834
1969772956
2126461401
1145241024
1518209195
1265422606
329985094
678618893
262789339
231461856
1808731248
1762382104
1492783707
1313645916
185027890
451830563
1074113596
1037380938
905661400
2082034687
252437850
434257580
589024673
1425649981
1974757171
413934062
1528497830
300150606
1314484144
305687060
1535584138
1443283694
2014643138
1270485265
1515221990
1112064068
669657495
901831566
958652617
664912794
629353041
483984737
1268988537
1570840949
505273642
1063007771
195285827
2062655250
308214032
1918155906
851229029
919351905
1642426118
2054427588
1888318833
1198164650
429313128
2101194543
424038415
581591075
1874699662
1906773586
807084358
456297713
1127417599
1049500014
493462950
1837821084
15462739
1082574308
813456751
1840776453
90429883
1067516452
1089663459
655062714
1702704442
1894246963
1543054457
1694118937
76614380
1987789705
1704281129
1156154034
2072415769
1816412641
1987521754
503563076
384548881
1852216063
47238236
1027998190
405281527
699314946
2128687501
689393140
1879196667
1834911938
1106977319
1490737868
1456588038
1624853085
1492138336
168683501
2027278288
1859102877
1290374619
497185013
1665795944
715998183
467066776
761767464
2029146901
1814587599
1002262327
1383148778
1928771490
401937199
38705979
1653483337
1426602751
196885371
777119416
1006699709
1105710420
1721264704
411502471
197728856
1200110443
1853396302
1036868752
1408172814
136587725
501891782
1685531638
1415890912
398530023
1961621135
315787593
1512755280
2075681030
2055791946
1695597575
1569364446
1946116676
1948185128
215309753
1096300879
336036084
844099981
1691715462
1917559442
858740355
1925133974
118565409
379762875
1658706313
953968204
1011774017
1935484462
1652592327
656184599
1738598358
629341578
2009449680
1294117311
1088752668
1258758553
596366640
242747974
1161396120
938898624
1646161724
949391497
1017032955
1506071268
2138761758
371508695
268833429
1940443113
108306177
1214605149
1798953272
1813463413
1941064644
1861956238
1244021256
1955565040
463305925
692189525
422404358
1779025303
477953854
1134427708
2085517114
1702330978
1142119203
1849858300
554291445
283676851
37377705
705765881
856304595
1996775122
1477738225
726738857
599565641
665400722
764263233
1227024882
1897935139
899823899
352577276
732765841
2016777999
1048915964
1192260545
1244069245
597227839
1592333447
109843522
1828689213
1861083854
709258388
654667148
1334011611
1139203526
1995598245
503566862
662784654
634491277
197513616
1502544779
1217371067
1957718269
2116070952
211090812
1270000866
1225441371
1411106307
1004979978
457540768
96246943
1205394570
346377700
2116411718
1026484309
1443019320
1998014421
1011123607
1803631364
313392315
654384392
970640446
1330521794
350990188
1018682144
1839629626
1456672446
578726787
1078472304
1638734056
660899123
574931018
1244292298
2099705226
959984186
1023714107
454850521
693387854
1504526593
2037491782
1457200814
2048646162
576477129
156648136
1804790036
1584765387
324539430
1794526311
839016652
2076235993
52892292
1926895240
2019963994
977817709
2132835389
1196638806
1952999710
810823480
49552692
1345085481
107713929
72056354
507970297
437541094
1252729810
226872779
862823097
779525601
717855533
1854810608
1919715016
1704009891
2089153337
448288299
260605457
1102648228
946924930
873026083
1959756202
1876914843
1973123055
1838425458
1378003665
445010519
492246793
562820121
2003522016
1366817075
876697720
292313860
1354972190
1638973332
603147392
1371083820
746160636
369932239
583928184
838197835
654112111
2053774979
763180203
77055513
819269729
1611764541
2145949135
30439785
519203456
190125967
426618968
456471648
364886003
527882475
442132082
1969338748
1669091094
252231633
784441997
1608034594
109655847
202754110
1155730016
176299746
678543041
746987991
2071902337
1665766718
1184405848
877598939
109969130
1971065201
361924049
941606199
1056584038
1470601400
1683455271
274432963
738883451
735898526
1620273239
1565734518
325166760
1901365976
494886425
718162825
2122655054
1704461117
583821892
303337341
721802195
1987084768
289987395
248103830
75759630
1291563282
386472024
336330582
367484568
1164434303
2096955450
1281742876
1363414379
905468238
200986329
1346720192
604348042
991118359
1600687193
63477477
119089507
1429828365
2009924169
902920309
418342328
15318891
2142321487
124827304
1364184504
261132429
962299851
333058381
85313565
1808052300
1947012360
1177689926
974183046
439510853
864738248
1135013831
962651093
867557630
1692110216
1298428400
1623678487
1145427923
256011157
2132124886
1770432825
1836026422
1755389099
1405325431
898129062
1648686513
277404679
1677919655
832807583
1304321096
1969501880
1568810530
2113706196
1940918211
188895901
1160164703
1402322046
1603634870
65846266
705572795
139221774
999471087
605076575
148941786
546901373
1965866963
560281765
1007125057
277690861
609930077
701896478
1987624447
598122101
1018187061
1272851889
1810388117
2100421251
1736538597
1951971399
1917855298
1091908134
16976806
372463485
366986858
922476472
294014740
1418302904
1233456066
536612341
1058174693
802354909
324954300
15688320
448543026
1122798898
1300761382
1373094015
1480372770
216471713
1356121416
1422461472
1835569628
413314229
539213248
1290857329
1246269254
190897701
1881401233
1752542213
1370760576
1066826315
813056607
1845823987
1970247578
291882100
138404707
554441616
1475230792
1716141176
157074662
1437677999
419042164
1100934365
847535757
1472787026
2040635615
1674068301
835782149
371130933
1324159530
32138423
909842267
1972131832
1241229673
406136646
2142823460
1165172041
1867149957
820931996
1121217869
156879446
772095756
914629969
1571283487
696139482
1667426908
118408465
1230104930
509207917
892200428
63787471
605204620
1362091253
297405957
1061416239
627230043
903752540
1252574606
952495048
1182053584
273348483
721181213
1146385319
1722971170
1776733232
404467836
1373282903
887591240
1910300990
1082603831
1055931069
719923734
1554673277
304098385
980147267
1923919303
1442186775
755174831
19775607
417227866
966784638
1192655320
1605107973
36224781
254063807
2005874962
1810458368
763195696
747261639
684367089
1470087196
1724993323
1949427150
2046829498
176602373
719058995
1392914499
694904021
1757436034
495732007
2057307175
850347314
1100203243
436371983
1293543814
609448831
1589633638
201420085
241939635
1247620148
214842772
1877409894
826746832
723797549
955225386
123601047
2072944177
1990559373
1762322798
102323754
1218362858
1874017659
1590169837
856305073
1573138957
25504125
645846948
933355385
391540000
591963300
655598956
399548471
722498424
1584535728
2146085701
311556413
1449176299
1135655589
507157201
1945634981
227065770
1434816422
1931993991
784763338
579236499
1855895857
405895548
1691264257
1625200286
1832388830
2006459268
1516013697
1166211498
1944182022
982077844
707250222
1210868038
1529824577
1324776147
1817675260
497126402
2129423936
1260520398
1682661932
1887714333
1688098279
1292545254
771371966
1214073198
1345112110
805210282
1289193508
885046431
918004347
314472847
1800465547
1417867207
515399898
750467273
185859263
1998043831
1605431701
1494541411
1533951060
1616159554
1523110344
170267985
1681372926
619649274
819556705
142835100
819554302
674215448
696967039
1954090722
673213281
2037615391
1916911367
2033035504
1118762411
708079729
314540518
2092322544
1526469657
863068184
1886776974
1484908249
1592997058
594532570
2024729461
1235648142
1013217182
317671453
214537054
1354308432
1989592470
1258781687
317559303
620302087
1819062775
319495595
414566382
783800074
1940726158
1340552267
1148401402
822510075
253803528
1956163045
1690908131
1657904766
710222715
1030812415
1166274055
867479791
1861678153
1308786590
195698198
1492005414
1960021699
195987073
971712235
50140577
1051960812
1961663384
564813849
1150342953
727685262
1065706637
1812509660
1066734082
993956214
907629849
292389661
490839646
1210150647
527200247
87020091
708327421
233468966
1880101224
237026532
668511364
669171924
555991574
1004024529
1348014
1873711385
1158025224
600111925
153846566
2012300927
1424912960
270598547
1792600384
768751559
948515401
235596259
2124171077
28526968
852385385
1327885573
820318529
1351241079
762102815
507575472
2030766726
611200005
1312944607
900083626
1914448905
1141429238
1484276428
416511550
1990791780
1841230337
352579296
712873538
1574499413
75395703
1549280939
316567530
405676170
1631897660
1565340957
695175488
1854145713
1838021999
1666230662
2018632417
233814749
536710189
672696960
381948967
1464606728
1840381496
724733878
52932398
425358111
1070880061
468214711
1412885873
1887467880
2115255120
403828542
204186548
2135764814
1138883411
1552853675
263749252
252509207
1599553680
37681305
1037403791
1742107065
1172283334
74876917
1686170769
1402508030
1003611849
335593084
1370824053
1205051571
21705981
602942015
116727605
499478881
1874647999
730987813
552612994
284315319
280888956
1258196490
1407043995
1880316704
1473391292
1440736186
1884465052
76775965
1307918500
1109870198
997224911
820243417
652133296
378198781
7366960
638647726
1695316377
918832183
548043048
1428217567
1657144320
1370049984
173640537
1759807540
1265252322
1062706796
1702765608
553932951
1232551498
1271689624
1902135008
1462842504
1792965590
1013013104
2085724733
1266887792
2119516653
1422331234
309396501
221161953
1903380042
976696182
2001737226
1893279475
9429948
1370899145
964452838
100035444
1450123680
408838866
772578660
1622627374
183469398
2060211514
1702051553
1446191180
1158261067
1525114977
838293840
1955874922
496147941
1096643134
592756857
288480266
1028788652
709611947
1780774286
983459932
303907138
1924037010
1758354232
886400565
1539813451
642646669
1323643266
1641033834
987408582
1275446602
1995299545
418087517
1478788147
1348140287
1572005744
1940290913
760265432
1417539953
1835362863
2120497236
1809431807
1911433531
2112623776
133747777
2026214061
1897571309
1457625925
2062228499
1891517397
58137859
786653601
1064544754
691472622
1201624381
384921378
493000123
678380255
943809836
2009115215
1899277176
390347586
614995901
1107320329
1203841361
1021488445
1943948285
833881392
403244553
629740735
964976570
132276035
1523629885
715900757
227582407
1694157898
734900062
736875736
643025939
2037510511
1884285926
1701949094
1715111352
288793797
863087720
1901893871
1692724603
297804305
2146777048
655876593
1967991891
1503037059
2082102016
881255227
1221988053
190223779
1809082286
2048444626
289056908
760333587
32094523
1677009618
1769471290
705400945
279299111
798112844
1474933660
620041887
921087086
1176910945
1777520553
1105722677
376398492
293867059
1001092276
1828822229
1955023571
1913983298
875343767
1671394783
1578134375
1103139285
1496533249
912124993
73212545
414320763
1525850114
924470264
137258057
1443832648
1527811122
1159271677
1281589704
1070503319
2011383558
747737012
839153248
1644212240
1328177052
1442818456
1265614570
788185476
2040247253
1287461012
613725951
1056325303
1925018372
864208907
843284594
1859433066
1990600805
278105367
1388015589
47806107
425446536
1920016854
96535796
1531589494
967499913
1226599137
581199548
906438833
1936625620
1862402818
1455516431
1766604006
1533205076
1070862123
522331371
2028721861
414828256
1118985003
1007483378
1618246747
1590468046
1478606246
1298612432
1775385584
1533159997
192136345
1526032440
1763499062
1680016709
442476909
60925008
996398159
133490665
2091748645
1796351321
1869155360
655754550
821361868
1022875036
207316236
1458662531
1385151874
1100914724
2076313897
482702344
123162
124272368
820610202
1951738532
1614291359
284856419
1094952202
637391497
538805943
1208645321
1045111418
564749029
287920267
684473698
1117523670
1781994314
614870358
842172323
1225920319
387116122
1452520558
591709897
232610504
265642820
908274569
1844852821
1721730192
1742994367
418419318
201747510
801180229
640414103
691599197
177492847
575712671
1328540678
1718555444
757912992
517837738
901887793
1521429939
2034102286
920464912
1759577768
917719576
1324833557
2135812752
190332811
956865195
1824635179
2087168842
2077248247
1013398949
1452625026
1061881750
1916039142
70074732
446248432
465589100
425670207
1562243092
1351891523
758607998
841568198
1806066770
2044203426
928605647
1997769729
134768069
326122712
1201455170
1172623621
1408011507
1014850510
1517140767
112533075
1140633393
1187396712
664481578
1576965943
726111145
1604777972
517557433
1903006897
1833889587
1000880594
105585219
1699266617
1455466596
1327928728
438549917
980038974
1006396503
580097426
2106624983
1524804635
1604737540
955861155
1111286167
1837083643
1252552638
1267292383
1155580746
1989002526
706911822
1293986101
443237781
1582289687
1995152926
1019772009
1249492268
734283614
493017741
1180574463
418166714
477199087
326414104
212480377
697023327
1074923870
1171385043
944782971
1439223618
1629106678
75210061
186657073
500485230
1227834222
434383518
1064429496
861238475
1523190998
2131142389
1733614822
892228722
123558012
703953983
1333507908
1357736322
1534684692
1132549345
502126170
529306774
814062864
599347519
2091334062
945344587
231263920
1277526871
477099738
502280922
1620713529
834450103
1012152222
1449637031
1974633882
129395055
642105379
818528891
62419685
1601849353
965737934
1866372062
557748133
1494065613
669490241
1179601965
781086814
1249927301
2046731575
1591010140
230185069
872034755
1151739179
1229182296
2038498704
153680420
799431401
371563174
1709605148
1341231664
194407667
280029374
320141859
1331939844
874293252
1704049151
1573169378
152221344
1612727760
1360141831
1578743736
2048017616
1234549268
1156895367
272578001
670766648
1118734864
1332912753
269881790
1232446872
1582672419
1777045227
1668356927
1760408257
1174496290
922533816
1685523954
858715951
788776431
483146458
400794425
986456507
497194749
293299551
419474546
1414601520
1147131706
1557220067
1196438902
1315017491
1375454463
55422814
134262497
738513581
1759079300
66446636
929308735
780130899
1183758645
189558607
1422090714
1732167000
1384717619
990144671
84303788
963540499
1590668902
656520181
1053451090
638028397
1577834999
777450759
1285514786
1949014028
773953555
1553092752
1346726877
1121300529
1455434734
332002304
333636648
1342123200
1064593685
1211721320
1011684810
1148830716
1759871408
845193202
1503367208
450880631
553999600
1916136191
1633658336
1125931538
2048750966
1008438315
1341714174
1932147138
12664600
1229599200
77583040
684594721
1154422222
1786850665
1709120342
925465411
1170780960
1156412125
2052427192
1445573433
854338922
1851285826
1673039409
150131221
865500420
1322210138
271632720
1401424567
345541434
1662318333
4843176
521292414
1128777855
877489619
768492228
1464212929
1865632264
376845836
1913106913
982113281
2139517227
5954000
1073629618
161291423
1094850754
349661157
560870268
983724479
1335184314
1046066191
592283392
244084266
935232245
179461875
1088105627
1729032404
1040083990
1181132378
1649395328
2119547165
1900361617
735313457
778675399
685851309
1734569646
1402367911
1009565152
353036929
195514900
1891811925
609202680
181492500
1575993330
1151691752
133092572
28196731
1482531381
450316540
1547583485
2035695932
1844241536
127474808
689171723
1566853980
878572392
260495572
1782765679
1527846758
1341702477
1356050328
1776298698
1933050142
533878204
996141527
866872287
973742852
1969087209
1578731688
804437048
552647329
1379034314
1295559909
107747365
1447023794
990758501
638109760
530358637
964313395
658411739
974099569
1971777952
436719646
1874665729
1954731015
1652126951
1902040296
1633510939
438164303
1056295689
146928606
966928321
344448784
1707750191
2110993677
1574622399
261885467
529923278
1616732662
139778137
1208250615
85066442
785688613
2005498162
129536578
429272465
1177519945
1599160285
1846603508
896859320
1826161648
1950737429
1178611307
1374034449
2006787155
1704707086
1478697766
1717105560
579908857
2044453382
1282970207
1227382173
387273780
1191668425
1857144040
1808284835
993707805
651019230
1269620508
1420179662
1306432814
329130432
1707737276
1729525474
2114645324
192783990
1944858173
1539660577
456511720
1772816176
1645674499
1111970727
790727097
1614330596
259660615
2122295817
1228891186
1457959149
249262522
1924619844
2123740546
1956941411
2071022162
1767704792
541730471
2101704017
1163727173
1468449899
1846626566
1963872819
773320888
997138714
283407160
669495985
105000991
675683740
1971250173
1109140411
459693318
47131250
759377872
481040275
627129294
140850066
1330246796
929059992
1748991721
1948103371
1786435029
384035485
679626704
1944308291
1957740746
1565438559
2094755587
562325045
1107982661
2007585392
2039649405
1506043822
1923640692
588500698
652474223
364500656
1815663051
1482137116
751441666
1489050628
1607665277
1557022726
465771222
1468482648
197345779
1269140557
994247263
851593596
1543997149
1655312359
1269013892
2052089241
1130291006
971084894
847465942
731343996
569106671
1297986759
363039973
1912527
1300986452
1691364712
2037923414
661775240
1394673176
1820961015
230213435
1906678440
1329112944
1068242667
1801711086
2107750220
1199632047
863603330
617055188
819950030
1035781493
1741201481
691852193
336880256
1206821473
2026335351
594205563
713954080
1352533607
710275420
570379182
2014681606
1027096601
90250540
133124082
726940579
397244369
600265077
1920016173
1221727493
2072708388
258961305
2013221898
1019727438
1844709910
626749572
1557597381
1746687132
1928943385
1570734734
377607129
252156998
569481337
759607031
958156789
99838940
764594618
1867385092
774552685
324218143
1269690834
1577018477
1575758202
994822194
596518968
638882404
1094550569
203720185
1763434474
19671386
591226627
144308551
235240723
221827567
788640321
2001466013
2035167140
1119100440
1053813683
748648657
12851606
2071848697
1063872344
1452133541
1862187316
1886466829
1528575865
1744401005
866557588
1809294580
90825974
2067940352
1927767917
721711338
1765076834
1643219963
67961733
159374297
679876044
427239084
242041035
340541598
1310352912
51424655
1457430415
200122132
1175131620
118728878
1998417574
670872213
738206418
972278085
597700676
523144932
981383737
729689129
1400653224
182044698
671377931
1055040401
287040291
891428656
1136662721
1145309592
1906724178
1024703004
752469422
178821767
739990602
1008132187
207229158
1128486699
138627171
1011171817
1256361062
1429171955
1622392559
1464452663
1351078701
718713284
978009355
1100210435
1983801906
274467646
2124658062
1439134118
1835755697
1820525548
907901959
1752312020
55175168
1940737096
826505673
1143961353
1257651293
1856458371
1751755194
713294536
1645212761
1293732096
1938218101
366585629
822321601
2108584080
1533723945
1025833174
959277621
1807850109
680611148
31282814
941972997
222490350
2062823677
2098232515
547789320
414524288
559670057
1350215201
648163053
1308933380
366000768
883699842
1563349404
851040715
2012046447
1969605472
707154879
1010893884
351511179
695479883
476177279
556010629
1218727480
1937004347
2124813435
1814817740
16491762
2097762394
1383051127
1921297707
1913838757
640450262
854739622
2015125851
243794042
241268931
2042210918
462821264
602739591
766927831
1535043830
357163184
165642000
664394356
350381752
1793775904
629720403
1504664476
601588415
1938570119
443121212
1693138898
1942952737
1709079097
1550818211
257898474
1331549419
748511762
1987638746
1631605607
1545284712
1665680508
998449010
1204784770
1501449544
660417043
1072267699
1424877670
1434301373
1483738167
1664270506
1648689517
107385582
1939281894
1645111295
1930248601
2057373569
1824847805
1531174510
664438436
1412566522
1120544219
1769185942
1912101421
1324106688
148260671
1856753395
2063511617
1566601091
1114803316
1844504120
1265118568
968806691
890117446
1375463312
1418917036
1559902739
1012238902
1200532180
1622474382
1738403200
1018054321
1558152360
1114437206
619137289
21965786
1723675461
1337499956
1909732409
697238062
1059852797
1283050429
1995921714
1126306874
1214092774
1691533524
1292051760
1293928601
973279782
935544678
1360826410
566838331
505201646
915351852
522628554
724178127
92677894
1167540341
1566049529
1355539174
1671467456
393088595
1032499353
987114530
731716012
722524572
1440237426
1494418862
956743442
709776438
858950886
309454310
1078845966
495176188
1305077953
465663880
2067136078
100259491
1345496965
846820216
2535313
1883874435
1868170028
1519223380
847314286
1951642168
1652290190
1147283509
2100949056
1618026708
1600832057
706524510
270232888
2041088787
1486451869
1101480409
590109126
1255105089
393865756
1390521972
1390479748
1889588645
786420149
395882520
2060775674
687030353
641294512
1157357915
200188389
659889913
663671608
2087443685
904859908
1366986430
1733932163
1670995998
1535975552
168055619
1852108653
1242461303
727610662
407463174
1661380045
207266495
1592693423
132908972
1747243440
1396386958
210059075
186869659
630566190
1597525838
658321600
2126692623
244114088
1196461492
1009516649
656870953
2145813779
1802175097
847013625
424950948
1497419806
1500101191
1333510391
61533418
1089843322
97851006
2126240625
767539122
1411716235
2134455979
1636435942
251460686
421594104
762211263
1880914053
1205352299
598507563
1009103289
32957481
428073149
2006854889
36843893
1646752535
740741464
1469562886
220777462
656208627
197276267
1386428949
1930341377
1559712578
1074721576
212264519
703586458
743663931
1136379550
1791042334
1733754497
112393322
1670687366
2109534776
1874775099
79829689
909964698
972050627
1211560485
165328104
1766124892
1156929575
1788130880
1799848574
277079179
1590633802
1856552435
1223110228
2025841049
757828085
286447628
2012269205
919325798
1955759040
443338578
1471843635
1214588224
343178745
1738884318
595842097
473580165
1747474556
914592164
1399026032
983701232
669791
1601024517
1637564320
279871511
2064392322
1336489638
1353842166
190979215
573133247
1701855132
433353852
1089645164
1145926325
1095990778
975102121
1512107244
845185114
914505464
1754245452
1171200802
541623932
1035042115
360995545
2099172980
416423750
746257454
801237970
1048553473
529579198
1965910238
1244219564
708249570
216512283
1495696715
542714072
319482590
630007552
1106270837
530459067
567793738
1744274662
1668969081
78787645
452692339
122097898
1541937801
1307322447
681381490
207356807
999075275
882954576
83590620
451577350
969860930
395715136
1007430028
1635611289
1506556910
998881843
2077318722
1215880178
1672822048
99332187
250783961
88956599
1576796934
1494132775
624928000
1278032071
462266060
3026496
2045137834
1941187095
40866860
617372671
927332481
2064849956
1614437589
369607530
744980844
74486664
2013917645
1034593502
4485990
2051991259
1872584246
1976854944
186999251
1072250773
1602115835
222194049
1585507368
2040029762
204072908
658306687
1206142115
728776496
877856931
1203613758
1133395421
560417195
1786274985
1118052881
1602609575
1299749151
505809407
1896195469
1412920
89247967
1264332288
2112196625
1253286105
1245565057
1018427408
1328719307
880909109
186461386
1727746895
115791669
1303044730
425553560
589351083
1397376013
1661729087
1459624965
1835557340
1148881160
1940604562
1961003209
1459786468
544690908
1068262467
1838640576
20852019
907360967
1653011864
1111706135
1202608312
2052582250
2053768243
1544325791
817731374
1255443526
1389684732
1439726254
1380371907
48068249
1619964978
1458437153
300767129
676868311
423964241
286721958
118300643
1346286529
1362906130
1614411044
1178322044
2045572728
1301756309
2092141435
74694451
58442296
568584115
622516589
1243781530
9031384
1001529934
504878436
1551050204
670312328
790572748
1674954252
357351791
1008653899
1801384360
1774350861
413179899
1150212378
1986764180
1248532762
800988249
649485478
723839184
1382560544
294065169
653542103
893897791
1583937988
8210611
434629807
717736184
361740181
1841416843
291131478
707966708
510648473
977234674
387798093
1374165806
102691585
1029256763
325219332
873268794
770252523
1788212709
1261022283
524646775
895137489
1172421552
1988734837
744248932
2070898580
1344172692
1169318194
2099434726
2060990716
870087151
1185586010
2029027470
1919505938
1010059178
2095725027
390905776
2078317794
98177539
521236359
1902829860
1750464362
1688502854
1444831530
1598141265
1925610248
635399946
77728530
1428660554
374034818
702782941
194341956
184310276
380463353
1166839350
898628606
772341256
254208971
1984252795
1749050388
2061489623
608403789
830818058
1999144826
480546913
1123046913
2058762931
1908264006
323356908
669838328
1889276641
170832331
710055387
1072542215
762831130
959359926
909106647
1239508405
591320446
239683239
1570715544
32127496
257835553
727553177
697798360
2092681429
933602483
1023598722
1839059794
1076808138
1544534018
1488432074
1457843888
251368522
658739258
81522992
278807217
1252812298
1774631608
1301787076
1879289871
1073247372
301558327
753846618
46408592
651740322
487958518
862128647
647736754
415746844
730500787
1235591440
16785353
1019008151
1965853730
318292718
1105933009
1771320912
265530396
1795334036
350958977
78988783
1428220345
821206618
2143502967
1810307588
843287221
217703109
772013779
1181028881
1320648909
473438394
1294327761
711206674
1024840938
1918732352
617478631
425329482
1395660917
660828704
50746952
1853285170
1422909372
853259380
1683149145
2011381005
1318274277
628667853
1940619610
343028128
1417638271
1687067375
377856957
1419363371
1375875381
1651425701
892605564
1185012391
926649205
1771996745
1342720905
1125844540
294151768
1879723784
901571465
1070469952
57094262
175497397
1473423304
1685414440
435131201
2139814514
1168714356
1437664838
