1900
984131315
296052616
1039380274
2117858181
1391356834
574768852
823341700
1941695864
22675363
75054030
892535635
422880292
363570316
1049500578
1262417395
451043634
1587593505
1959204388
1835166567
206683510
750981830
6213959
91252796
1643069866
1653860307
428199581
1298149728
978505399
244081231
1544820276
1156019234
2012728714
1099678149
1638673414
1599796044
825436122
778876320
1664109562
1763622212
89655366
496678770
1317727519
1678699334
1931239999
1637903672
2095812425
1047127719
1567507166
1070076777
951635619
1340422079
17492036
705097615
161005603
1958075270
910729989
898419281
1209046427
1853170378
2007268728
1802531182
1230801337
1726683036
1187294235
1729249973
121705764
149384059
784385605
804109727
2125883901
527560229
1268827651
1521688029
460273747
196840424
1814286469
1067580679
1700510291
643355461
335529562
2050883137
1214908598
1215234941
1508547395
1888911089
904181510
1167893154
1440642897
1316639148
166770580
260480173
287940166
856719484
248219608
269674582
721100950
1164908277
713729209
2138683040
691884742
2129196201
993871639
393619527
917442250
938190728
1618044819
83856541
1548532535
1717980517
1883048694
1578379011
356129774
47349527
420271731
691961317
1904077469
857227789
949545997
815673520
1426077361
681968422
998313655
1784501733
1029475732
288725077
1748045415
882598322
1513679667
265767801
1255046371
2062980112
686977486
1845226512
252750203
402452202
764472006
307685909
1879303424
1693299793
1343360544
1301378884
81334057
1851026658
1446876058
854045405
352479711
740718116
1733495377
2095634965
1157543217
1747720329
162084
1823704018
1481872653
765339064
977323856
606528119
1951939567
822157049
1302916116
832703896
1116823556
392618720
842721114
1577735403
142571267
1616897271
1483309556
1274124866
1172323063
1980033543
1988613535
416658387
696546667
178409490
2093456823
2006046306
804984066
1940773728
1444499083
624625645
108169438
500174235
895416079
666933476
1464952045
99222351
1266870175
2009704368
1965510252
1461770981
1680024395
224963127
1807167499
1712824909
195204987
1096679483
1442559542
1033948592
177282197
314740078
1931940645
1364211000
796605912
588471357
1405029256
779525048
290638365
548882286
454445636
741326006
700525470
1647815895
948174066
659284678
1607764044
579151718
651868203
1191052753
1486400161
549540211
801088475
458715364
609005821
1546030772
1671622401
515502412
604407365
1053220633
1849330912
1065978915
1286939289
1207613598
713046022
394706136
965907146
695789935
1481883595
1515862757
1362544905
1345356478
419601331
1291536683
362558789
2082327039
1595262894
1136233296
277292353
1483945109
1223092543
886268986
719383711
2005887116
1822276201
1637997598
515364187
744048615
1867956041
1887637299
414504968
1958413001
1481916719
231482253
116923462
118829300
1815778238
1244383199
7159958
379778249
2071502924
1896233162
550005408
149431645
1914551113
2037633023
712843283
543326365
511557409
11213393
958391746
248964429
254046689
1824486839
1271114079
1941149261
398012500
1790785377
1879306327
18907991
2140398295
1934383838
1535955149
1551277147
333724027
1562556163
1259450829
1291266947
1382821935
1152302467
180605792
1841051445
552524576
881049697
494509858
1576725644
143948587
36749399
215465921
1422987623
866441603
1061864179
99418712
200703757
1998122117
1855172982
47316293
650879951
10797997
1632026167
1660781101
291376552
1425718209
951276392
2032063675
1293679854
556333965
74418560
1047440171
1058012568
2098345858
1435182356
143128456
1436387845
472039051
1665932556
1341748885
1104655722
209898938
102607153
1256261832
178970094
203894008
1501222999
1476514479
1848796854
641798948
1170058895
1944462446
1471379980
984502909
115067750
851323649
651547758
1143655498
2100926523
2127325097
517182907
690236860
836566649
609284229
309926913
506524648
2003346842
17070299
1139664441
541833319
1969797554
2119442674
1969192234
1343472831
865745320
1387204363
1372022587
2121527158
1727384957
1599524624
589635944
103858178
1382491137
1564703467
1034232442
486464230
20568624
1825352477
491644001
434288251
2036656195
15216183
1844180908
1169856005
1073584293
133138967
320216158
636735412
708511244
553468827
1212310771
1351374596
2039685488
504557213
386228463
1000444567
697975063
140052187
733236826
569210716
577648024
1424592803
2126730339
11726097
848685363
1974893801
1532544488
1656388431
1197376966
1933369922
28207899
522206311
1390355110
1087761442
2113524765
1775508178
720108414
110534635
1253356379
248337584
1818373563
684680099
2000568135
1880246399
307560354
1717325692
1374592434
1641384226
2026221127
2081899531
2127909964
1191787108
1856947115
1423756465
1920713913
1542042757
1263269179
1790232180
2049224083
1797288306
782731613
516935891
1361163558
1027620941
764823208
1932166618
1022884890
1769718249
627763665
969374223
1210889783
1234644264
1405756308
2056324538
1974652546
842423025
321396515
34853797
756191367
868752102
1150849194
1080244975
696539744
258985739
2075806511
1486380569
1683445606
913199233
1906794222
2122126269
1159545488
430644132
401784747
18061041
1479815210
1109312593
1557951317
634126088
1718050962
570405249
1308968729
1096319169
109058601
1236411175
1191907045
1211200844
599755691
714898582
1033268040
1643785093
2052765406
1428216239
75700055
1612152761
892428719
639429463
199999226
1357462533
639177162
594615073
872570300
1178026180
70585868
1445984262
1019094088
1183020190
838101252
1144449644
881321879
1175551044
1181684456
1108422682
70129214
1838496786
1945826354
824582392
1451833029
1637424843
1743917043
1565768526
509210392
785196800
1707257200
272005053
1695125803
1955579497
696421198
394224969
1494626834
1612807886
207493359
1725533842
1125337196
135547372
2002565420
754951367
474468870
950520297
1729301699
650310866
2048066250
1189298584
486294548
837067565
1566603832
157176865
424901022
482488468
898957937
583634550
442897490
1861633394
175953320
1533523520
611856820
1781450520
1222929766
1539892029
2138314871
1234776919
430233586
876109406
633188828
1365656818
2064422538
963529501
1369640223
252043263
145622107
1614157624
755165402
1037845942
1975272455
1725608646
551699780
458330446
977254022
1145671984
1623850842
272399374
1401616573
33386539
266695166
1959356680
1014590025
1457645963
1140531381
1461631470
1780497265
243321357
880306699
337603374
633013088
15348388
300499399
1020065845
213704435
484999268
1414853318
837388159
1410274791
1194392685
1159260645
312172288
598100583
375542901
586844076
301113482
2075602432
1019337489
2101934763
38948277
351518949
1036554272
1158160918
1692242979
291117020
1588654275
423458658
237658740
457026027
374771533
2107113831
2023375703
1012148166
433615947
2026655157
668631729
1185863887
9389601
169702299
271358408
497648216
1527265726
2074877320
1194844960
83350808
2111162953
1363450972
1531287294
1478124536
707213864
1904541881
149426062
748954192
725080744
693386676
640570636
1708747139
1892097060
1338200844
2107962005
676431972
602564346
445743002
2055541137
1751373850
749320984
564951776
1922227833
2118736723
469243998
572897355
155989214
1056695379
1857597252
1194700944
455644177
284934939
597809348
436614234
1456167589
1346698083
653186696
924632682
623463337
350028714
603020179
173932030
1086478799
327289520
1572068323
415428809
1597029545
1478804946
1157473578
1224320428
393104416
99993443
455720728
709463682
978396570
418340234
241275658
1798638181
568366802
1491400496
1558994220
124842067
256070595
1178669956
845439943
787161290
103281146
1153087368
448985191
96018692
799583304
678128767
341065511
518503433
768307347
231654944
2059649036
2051321249
1809789641
223637803
982695466
1465603295
1595378039
1733150998
1969838214
1576889744
1441239614
891287169
2094232222
1859179216
1673338347
12817940
1243243408
1685801385
702358693
1538975141
1594650537
673534745
893551254
717716344
1151535014
976029113
1686109057
1539867582
697880979
838988034
1204193146
524978006
1948285111
1044580065
810608380
124893657
1863140829
1482133066
731217724
436719590
333348781
752622903
1908375166
1939234182
1346278123
744266401
1578125337
227982360
111608477
1307855361
1525295272
299923614
1861886023
1200413715
1113936652
1637829162
1694731392
1570081177
259007329
372871244
535854839
1848325655
1520151659
1185962261
1055970845
30054843
13994816
1143074505
206696588
1975874309
2037384157
1278734196
1367624800
1121174143
1274635417
1617553862
329052206
1949961054
1166259090
85820500
285448788
438148705
1942037
600648541
1579071976
1539304642
106809674
662587115
133050198
1283056042
1476472365
720370095
816173859
1215317077
1404964348
873162396
729335857
1679434494
227275325
4095802
837194290
1674724443
1606552904
1368021616
1710946057
1053598396
277667472
2083394100
1913759370
1659432304
878452340
687286776
936291046
1157305292
151646937
1482718523
622633152
1128453807
1553754987
784905444
1864480721
2112578347
765609410
1915307761
540834483
193721538
306969037
1708587794
389635917
1438810072
377621860
1492449837
1259478847
1948345088
676966828
1214473238
1604835217
164176580
1432921706
1695706586
1426649654
2082941582
177825488
599984140
1542706280
1332909974
994090298
861801742
526866655
262146739
1263853485
1395324728
473042533
1789231935
1405727908
38739687
1821458814
50806982
1462689348
1713275292
1058065274
130461075
1070919506
216469197
83667798
1223446680
131606336
1593802654
1037395550
1309001739
915576459
537048086
576204544
1712376766
1846971134
1447074251
1389090582
1047279258
376587049
1183685203
291735084
1216879083
1268640810
1857654977
2057845561
338548448
236250278
152520980
452596608
1180254555
1429948797
664634703
828005546
2059127104
97569277
1565166666
1691314967
673361400
1976681529
949174287
718486291
236533646
306686210
29801428
442358116
1145043444
1789503676
1148156479
1748800285
972168763
1485743844
584778702
1317465375
1324463508
831616767
1326523642
706897410
737416054
1818779636
1151577161
644218202
604450692
1632692623
48214360
1611563825
770248727
1360064360
252273076
2111091253
1854553149
619576901
1919637690
1444286033
1544828537
1696331722
941784188
1445039470
854392384
843316875
581919914
14223439
1280351082
568634018
1769359594
2138599853
1614393041
879527485
1249277612
1752422263
1517424123
923783364
480399354
226306696
751068267
1115327623
1398853792
1390595891
1852301025
715117055
199335464
1201141009
585030790
453471235
1225563263
1851242449
815901097
1176157460
1928727743
1702102843
1645101598
2098326109
48247789
1543591703
1094064987
960647294
2096334985
137369588
960689818
380583929
1962305861
465893213
642497351
2061369617
1533893347
12642234
1586649448
571351211
883740327
2036986025
1178841902
269943708
595947763
335923162
686985231
1766572918
1565785748
1001861140
1646696092
48648975
761111606
219095720
1350061689
161147469
562160485
1979891524
617818936
1880406644
1382744592
236389388
1503043117
1849485933
1971716062
2092125673
2070884606
894229311
120263805
816554164
1876993874
466400253
1602205298
489928702
194652629
1740584532
1824205050
629923447
349009887
73128593
429298210
1507364581
1004675619
1540895682
382835095
615898144
654167106
1021418640
1389661699
171417963
1660581858
646458016
1654199396
505903699
1719916206
209447871
2065849689
1618051872
1379181519
547186944
1525539717
1003545047
984418166
1845654699
652587764
1944917220
263913484
347094155
1182610790
1698237697
500028763
1013688211
918653557
302320805
890081674
1612773740
474375241
357846980
865043686
1652801315
267939641
891780474
104910590
1873281859
989740751
1930223242
775942415
108382694
1374733560
585588552
1987995921
536335599
1607749508
1023235825
1201885906
1235661004
358289239
1367349191
1850217221
720439343
2031756665
954025975
835193144
1432502406
1635400264
1430978897
1207716336
1776836102
290233168
1998567846
73163130
215625844
604889529
916910936
387783996
1434371738
788471878
1531163911
1258708660
1559702313
408852948
819055249
1859712499
1267427555
640221041
2035731574
2034074273
1115412117
703346377
2050224335
2085969876
1134013341
2002036786
2032771874
673617091
1056562062
2134775024
1453188359
1765527653
980237272
2033251780
1337357759
586246874
353955373
2035638496
1408746303
453537723
1026954864
688158721
1060741610
1714991283
1152374202
339828536
836947137
60481352
481201941
511883895
779890245
1457762316
1596945417
894809215
348975102
1468597111
1894340752
1065585841
131093188
352983368
1826606832
327331245
1156993020
515099185
908430566
1880902392
1883242619
1868155500
997136124
105875423
1508429196
865989599
1798747425
463152433
1198352705
461281258
240299895
670480364
1390513768
1711594117
973001095
316958579
10848425
2014057527
1232746342
1461990251
1017939268
356203307
1383752051
1555153441
94677733
1013536673
1322553528
1154856803
628226600
918944861
1088318296
875794905
1938617787
457099595
1730603116
1524437391
1056313900
1572533884
659064007
311699143
579792712
2078664101
783662779
1736730471
801789817
2002894018
1669388926
1071451628
147064785
257624046
507506364
450133712
871448883
295068713
1229863004
129914841
683352018
623980850
1758181135
33359205
1299430388
527322067
970723673
1320673670
1547112857
1158140022
113623322
1298061686
1701359961
1352590572
11700095
1680120858
1805596700
822250288
1727146355
1303924898
1575915474
807828198
2126541843
229102777
44169094
365102301
1571784746
888373676
899076992
1589050219
1274507092
1752988815
847857024
1281664712
185333742
1192659676
2093190451
1566752243
402249964
1562800425
1388392532
855271697
271326941
1205197380
2104945405
2097892444
844816206
33932350
806381492
1074698566
209991166
289961722
370458597
655501911
1123059804
1766589194
453166155
363111311
2070090187
1614694229
1737886848
1405853209
1521989760
1993572264
101044245
2017253829
709831047
45636251
397313573
590575582
634010714
2052626417
62344712
777665605
548773834
889401190
124002169
744741273
652660345
1788149274
367379033
1829388656
1902856778
435354903
2123927500
944635890
84615507
1035796483
1573059081
367959448
243251618
1522662110
1829035109
1010108761
329246266
2078199843
1573426136
726207310
1474445828
454076411
19324664
141213282
1572263322
1201917154
500074214
2122912588
1029243480
227021818
1973472948
1070488075
484095762
972278001
567520276
1037816976
1816784013
362686076
361416585
1284329715
603023688
217731795
1140344093
624806877
567660078
50063161
406213409
648419918
1722804804
856554831
573211831
932092996
1506105224
319145471
350482363
1621948209
1713397490
368682817
1879381756
69654311
851977284
84271854
1860868320
257080017
1790581540
1529332742
492808473
493863874
8766194
762861087
986795873
1076728476
344697441
690987675
1645310258
83699604
604028209
351893391
1020961014
1413729821
1777784604
189052425
1600501466
1906904587
1657511990
1331046368
1099051162
853059296
763277891
789044783
667048515
1949405456
361759722
1463687042
812400209
1761282257
1663540498
1497017938
486563199
517513309
644322166
1528303367
1514614611
1784043973
233393877
232044124
905341634
1954925018
2005341458
125318966
572462574
1204109752
1303567991
133876131
1538612862
65667499
1790669347
2075680990
1117993370
1344697035
645974534
1045973128
787926320
858089993
1647886144
892488958
266182378
804483452
1493499535
1348101888
641568062
1617894185
859522100
1570501784
903647076
1142512603
1432412282
1489859881
354958847
473885638
586843023
151376149
349053493
1955836560
1886474946
1113335640
1299566490
1635334181
644760433
268116931
2064499423
189341735
606912550
1517346255
708578197
1344056126
1030067386
1380204058
497269457
464142774
1133716014
2130242892
1976573111
250742186
1634720622
1321912765
1337374748
798125502
716179867
1669981765
987829921
415098504
555210545
488640621
426726879
233471352
321824282
174644732
826572357
1500811984
535865902
1965376506
1858970816
260936690
1442827973
770946264
385143203
535805406
1408557584
290833995
1727050311
384820867
43125165
1995202577
1707216869
145117349
2025291587
1479766435
1951404303
1594328236
1411093544
2082877672
1983136038
635843378
1357315567
1498734665
1046962458
1979129788
762735212
672472251
1075838735
1242567314
1856134304
1251325032
1565775678
1476055895
1678659600
1086260425
158137273
2018847442
1528833432
1374216379
1474544971
1058467173
1113642897
1854865082
1938721549
544673182
371684812
139259799
1687691969
1544074710
1250912901
1049271339
2016291244
1779002054
98239957
1113738205
236458977
1291400800
1635996204
1013527268
92800406
1941297360
257306838
1260619895
2073457184
1181877105
723762706
1628251379
184124855
184654692
815529312
1564452897
1034507267
51643222
1953157
836708412
1715589669
18181454
341320993
1201038959
538154306
781202997
96376525
227249916
1106533436
1627866800
938614032
1230405182
553672377
543325859
274673440
1117884277
362636848
1814439514
1550982366
1379791604
1311813122
1523476860
417510161
747932706
404261819
1623709893
448276396
1937528881
1754980013
1654519090
767970818
866081721
345590102
806928653
327488393
1840716154
1325150370
606231282
1749238528
738824349
853902557
1735237599
1406505419
1756349077
1339838810
972477827
235074495
827244977
1665275147
832003211
638531308
17581910
595780350
168127046
669313269
967299557
1049709033
1958267911
679445098
2025933725
1851721053
1296937068
1985403648
1047935054
1260614859
824080892
564979405
1990093783
1281416476
921540940
1270790477
1980844036
918122408
1704488818
721015337
1635550188
96803834
250361921
1970713047
997554304
909714993
1574304865
1780069662
59635779
768772327
893815635
2077964826
1616227599
1536433301
1866694227
836242398
1112604086
201951259
566116864
569054926
1175354657
1382021291
1223305502
45180278
1470357620
1346740893
350914092
754541475
972782768
329320720
449957542
62811184
410733931
844172963
1326105612
485596091
833520437
1095159213
2036639503
745598353
1975163240
1030371338
1092317567
497918052
596178133
2044362679
22354093
2007163394
61737342
674973418
1286395667
433963860
1480001917
350198007
1619361679
410482003
1957108405
969124187
1190909693
2013449350
831329620
1483103459
141686376
1234046485
322619986
1538496980
332182998
704250703
54972637
1481662403
1855725000
1862751865
1755438488
448374901
1283973679
1469789753
975741010
1338445643
1601758270
1675379496
1538992699
1967276611
135838913
216580823
771939383
1701067243
140529329
1795628165
892329351
2032744814
2014208177
1951505886
454498682
1787598691
2097102877
1560184313
356107661
1356680516
796813997
1166367503
1600090261
1182552234
483082620
1241679266
126588904
7713381
136954406
827995538
943179422
1569032115
1559775790
1773899077
31144665
859413002
979591240
860165968
1558779060
1694556056
460359505
1353417079
965610547
437893944
1547245643
1357095346
1922478020
879756472
1062085763
66109923
1560750686
2073811312
475947014
1880634606
1980600683
1146238029
190255990
601567676
1561836476
901270976
760813247
204994685
1475714787
724223207
653972375
97730211
319895177
304713323
1970294402
852157215
669315523
154775089
38943427
907209241
804891042
1840100970
937235247
1348321834
1255481311
1936068821
1503739169
2041630759
23200732
1387925043
196948642
1978024673
1501201058
232439512
1020966054
159199336
945707972
1210094356
357041470
1597569341
1660780607
651477766
530983305
1580266784
2132818067
875003787
365245670
588343277
1888867022
1109649837
375888441
107920484
1236457795
1418908546
113608284
355207578
1183305836
635258911
80298751
521526974
1851358510
1814027168
354263012
49436506
2130948927
415220841
575104631
644315125
839887755
1710406145
1881330288
322490821
996598255
583704152
1497240923
41774927
363559917
1333128602
27910253
831457397
1214199525
1082521201
620295823
865304268
1344396826
690739870
1128777457
228696562
829442251
427644542
860163813
1252146095
40690045
787632687
89425138
1462658136
1616556677
1785477421
772049342
1556881023
1368653312
1480071909
472900496
2131377274
82139896
1939641036
826572794
1276938947
861297619
1889826950
138952197
1706640982
562609414
1542936668
307544340
1578686259
1509366550
1236317025
1298352630
1627486
964440114
424085527
