4800
498930845
1304010701
112432681
1040018892
388755090
565624030
420601516
2043731235
1863122159
1961171526
488230833
1238347209
669175304
1912034837
1522370707
1920639333
250764325
1649746249
1337536814
356505123
1262217210
1655915948
1243035394
321310648
643619333
1922035892
891688132
257771177
812887496
1809074236
310943607
301318503
171893697
1996244782
1160371464
608760892
1859124069
1531306244
1677550351
495642911
139162998
428371673
1049967720
927264960
827252314
326460070
364271540
1720015481
2125848704
404964564
1177845108
1605759951
1268211310
165934850
1149161144
405426715
57906470
1887912340
1264962243
160883060
212616693
776644295
147054097
1891745258
2139089263
886538275
1590785936
970871609
1138813156
47211036
17672107
1243923737
1117905257
1636747148
1204045439
1465261965
210759054
1305610165
224043407
50220904
875820968
759206195
1152103096
2019877411
353637444
1841065520
937221607
1497206397
1701700713
1789661623
53753787
1447658514
897777585
2004380366
1738101507
1715111049
1773168247
899760434
2089392246
642302750
1252654150
1743313406
426320743
218926314
2035485258
1127735978
37300434
961329674
1775028464
1358604092
2078074216
1267917964
57930452
1306037336
1748374581
1651927433
564551301
180802886
1786899448
2125410578
1934205204
899133281
1484760644
1159806636
489404433
289834529
1695124921
1244793175
225885208
224567346
2095682336
1255709649
479238821
1461256919
1053977985
1962507571
1776277733
1837014636
1267089062
566190258
1494113678
1977336639
1666433675
700554734
780354355
64609447
1647510755
1139372507
132952640
1150580357
736796660
757532139
1339212806
2058258615
2110161444
673661238
1363962968
2091715405
1669938416
962289742
990866245
1844958032
962648790
1556305311
791955734
906081997
885538052
1342960055
1864849031
1211693266
1650328368
1823593308
1231009963
578878917
1591343064
1928994780
680884641
2132166701
1298794515
263324503
38773944
299744225
769638644
1405483324
1690527397
1212165041
959927849
1172429794
169687395
1708338196
1394683932
728415706
560797038
2133864614
1800864334
524519608
1804512473
1065021501
1504012613
166553256
1552329833
339218427
1404244320
263516722
669910818
1312102744
330196098
247279116
2032420768
2103620843
590004410
1339639305
371321569
1218588587
2106996247
440800998
1306771964
1101481570
1641074023
1802796805
1502108828
942619317
848188982
691369449
1096317844
1458450062
827047119
1035529528
1695779551
1605617875
801171762
703625287
2029593459
728244748
131605652
1007074674
522753614
631371696
1112803279
1018998011
1057979940
1387735329
1349317120
261980690
1522555423
172522473
483329693
1864010595
1680486128
1869195088
2088874793
515881591
2051683066
1386654065
811712083
584187047
9469661
289891016
871816625
1170758395
818989122
810711831
109958142
1899029160
439887062
1626377495
1872762779
548558136
1977668408
1324391167
2008154276
2063310980
1404898901
290376449
1794146071
1704075172
1622271795
1337879205
989288809
898605701
1759192817
794311736
2034823804
1887518304
1058093474
1538132523
1814075303
1706550819
1558847543
144999329
1802000328
1098631789
1552837190
345268469
1136353465
414417345
1608202657
22269779
1367205339
1286601075
241847028
1307125166
1580437049
200158487
238618963
1372053647
106785567
499099378
952608621
362341949
239629781
334153905
1353269987
1152324431
274044495
1853086518
564006354
896077625
1466184003
853534392
1064337604
769746760
69746301
1902269297
99522108
1970140313
1280632472
797331962
242748170
1922008818
916761176
822413978
96119514
135453114
786960305
479827597
643145733
457428937
694409475
63160289
456970242
674494561
1290257148
1636469195
785726517
137714392
1059506698
896499891
1910729849
298486418
922352237
1961087550
1870979591
7144386
1683408030
649080424
294490321
497733673
232905908
417361680
180511315
1950118345
2015862798
1122240628
1921630132
1758730493
1117979710
179585340
936059848
1804017422
1658588243
1290875618
785823253
265472975
1174849476
889623082
1078848420
945643733
1705760966
596197148
623260402
649358928
1141080589
371105002
637445281
644443984
1355562355
1029616474
35766117
906866095
663083520
708973972
1957439557
2142137948
1813652082
1036817241
1148286671
630351331
1125911243
1254469918
1700267478
1595503737
2129029050
577759169
1879363227
482322983
453192598
307211688
382749313
1768198988
56896917
708003441
1159552515
35114195
1830188918
1993104105
1078676012
617340950
842603577
910973527
1872471817
1634756450
857773538
1771348319
1652909668
1209301644
850373715
95120208
1124982091
567435897
2081350318
1850116684
467719939
2036700669
1544253082
1264379586
939568819
325844401
411481426
953141419
1678209564
359891116
343888763
1079830275
2131888947
2115295241
928819620
53100664
328102766
930917358
2051404798
1901902706
507899141
2028205893
778954640
1800048255
1008485781
1519957110
593221893
687501467
756883523
1935134933
1281059593
1237356828
1972390029
215574985
1616626643
1995069471
1676544952
2022723717
799493184
294252333
1689033506
1287509722
251458998
1955762418
1392473974
1427825164
1068763087
1771479430
1606541727
1232554302
682850237
127438572
904222277
1741715390
69584318
1350531418
903679721
1585470040
1509057438
48276264
2006945044
105222913
925213377
988719460
1022831537
1124464148
244329178
645891010
469416588
2102152419
252114834
1027231079
1806114582
94528461
2144132929
522048594
1655898058
1443388723
1540268258
1890644540
1658156524
216682015
1887075006
1162718428
416860176
672473758
891045833
1696079342
1811033009
1967901241
1673996080
2102534954
754421868
1631431550
351643955
249354126
271348106
1153392888
992577191
936956419
981381245
189185251
1542708800
1115041618
221017853
214636042
1206844270
874864918
1626087777
944429887
1532142679
1836697277
198127986
861368417
2095837188
1143934323
1530480454
1579700785
560047348
1575114820
493102328
987136543
214834894
1932538109
1812576159
159464428
1691860320
134758254
602745614
37548139
1636883036
254266110
1394344566
1892518528
193480607
1540096290
1776303048
357366638
2039698805
902629291
545028518
268373668
1761239326
1500697387
1307260232
1169393312
1456532162
628410514
1509554537
355958902
1902261253
917841024
121217990
1702305928
1287349690
845753425
123514862
118523585
1031552623
75441533
649890157
456723139
423053579
1630738078
1507780032
754302979
1540004460
1709395728
435431154
1757954617
1429870592
1180022773
1130874197
1645267354
196363858
146729891
331072147
478578364
1770692147
1811682999
1913135941
457656246
520514677
814784285
1603760459
102720335
1411593979
504927635
1144604231
147516948
1582803813
1140911493
1141104111
1729181192
716576194
494304511
1784524701
1539016556
1825398288
1838990607
944247094
931674222
1725140652
1513980466
168026552
1482358212
1203954434
4326511
1380530810
2014021337
674389343
1986482058
1466640941
2102616531
517137716
1874723768
1893758678
1752967320
966389180
1889995989
969566237
680457198
1623368634
1310596078
1194498406
484841577
1156490214
2017650316
785962196
1109535512
2043623839
1580347199
227144705
144919622
1121985600
174036586
1108921317
365411752
1608312415
1807823215
1009917457
944815341
1387895593
423488442
207917843
594454837
688412013
972009142
1423293737
320171650
1188300047
501895717
1346183708
1331313216
152692264
2019054739
1591627073
465270804
1378514548
350116660
1734011558
2052330715
844821578
1331067408
1532356695
1243286498
1670407206
101991652
1442881814
711998276
911024058
872589028
348851828
894926698
1527376671
1493992179
2022703954
216209370
583242786
1415650334
1337355682
1735283490
1707481149
1430603226
1608556938
963216296
937316831
205675461
2145561228
1385708256
1832595588
1336148752
282633828
1069731537
862418191
1934995790
1196828531
16524632
635763051
626064805
2076679759
666683580
1309834738
887994622
591318212
926172255
1780809754
1149554065
537083869
743557113
656251094
32958516
1264570725
1646597321
767877690
600303529
1883648941
442020308
2060772949
228595115
1753317970
1218864955
1989842238
673457744
743496981
1531380552
544719671
624230702
1717766716
427714212
1724821225
449335510
72097959
1417992254
1811943471
329964443
1169046074
237937046
88386910
1855824778
2054041039
1674769259
810252860
559861499
1919766925
2064847245
279264803
911169561
392250784
1631766294
1042727495
545687097
1132643757
1163076381
1233815469
1262759215
636257214
792755300
1555760574
382907848
1738738168
1462025778
1078882362
1175056015
1247716671
19856321
1474102688
885236488
609245134
1256279451
1392174532
145947944
1782239828
555087030
1623093136
1798286440
1800959784
627885917
668739396
1000724267
2024236132
484566429
495002891
259772835
1800701398
409908390
288688898
1029611401
1545514868
1672881242
1680638907
520502136
1605025715
1692219869
1721059313
631416563
1105316253
2077287821
1032105342
1380107151
76695254
375004756
5356759
480637540
1403867810
427902337
1816383515
1342799123
865659774
1877070971
564050056
1721943294
1680882987
2142195535
1429564848
1905736763
1294660586
38568450
1036796536
610477517
1187288471
846595325
1152623735
666901992
865920182
86050785
623141276
1765566981
652888628
609183680
772175550
835981574
1010255905
708446706
1173054816
1727839124
1409545171
642941049
556077781
1991597236
449083254
1153234661
1308765513
273326441
366320917
67331709
1398348608
1889610169
1814061289
1004736891
430600425
838240244
1044744980
1396000914
927198952
1009387936
608850411
1645508211
2079131690
599672889
1289684101
545158260
1086713956
2061795243
1148763437
1758799481
220345020
1359130812
412556018
1086218064
289918685
1514506120
1571750955
1241779480
1276895378
2045709578
341012804
808824102
1759890694
791879308
72695334
518785227
2121398720
764587531
1655899408
128989482
1492978266
918997727
2035417217
2108093314
1550886595
493646165
228128197
809573847
1419430378
750920616
1831216871
357739050
891852761
182995422
1442401567
504413267
1531820874
137714112
1636473612
1637356747
1461800261
793692115
812107479
2059191706
450445829
1322761899
1309678775
1845767799
707616799
514236478
585668791
1204437278
72007125
261246267
1279330780
1102253434
115394719
1174943122
1484995300
564762058
1894830683
884748573
801449588
734849834
2015963087
1172512574
1595355029
1808568761
330608535
2122927986
252142842
1230318661
864554727
146125226
603114185
1313763765
324360561
371904124
1625140638
1019963484
879707837
381060807
1672215354
229501510
1241837687
1243716907
1941087916
807301654
121575587
1190135094
1639649575
1696149181
1189607564
608369684
582057187
1500602250
1885771264
239986928
1549240146
734787913
1308009051
703530170
1299426065
1530040740
1009115219
1293732578
1360448149
771724234
851448434
922300851
917553632
2013576371
594702625
461089200
1187840400
1106042622
177187151
63104697
242233420
855240664
1383948849
893349943
1898960255
1096833675
1383353324
117962938
205327207
346070399
1029420404
1170767643
582695319
811609497
1168747277
64828861
500946565
1835180837
256941246
1951019988
559428333
2036608528
1088654318
878767272
1325550332
230052238
557433425
822374674
306553086
1201662251
788205441
563967511
781262823
211907720
60657755
1676617390
1371735378
668904343
461241190
1495120676
365941591
1427004140
1222342951
1029167551
721243003
946964576
664797387
1353957012
1445621904
1383259869
1543389015
150023198
79532331
1353671232
1041106239
1760633766
1911642556
894004529
1353727319
64251143
928640650
679932727
35875444
517060453
614141582
1742474907
953265681
1442117866
1617444193
681759683
385963588
488109977
520615256
1809935929
741405761
1871057193
682811900
731874319
2064120454
2111544133
2085102113
2037113516
1323623194
718410797
284136056
416510734
1412554086
751442581
325263188
1470789050
1120470374
855911925
2042109786
1630078747
701571299
2056861364
1788982631
133950434
278652596
1348720364
994392836
109749596
674155396
304841219
819573484
2077478213
893344267
1518492995
1097548356
1986050696
713822089
535226400
1094431874
770796778
530236223
819620913
1079575534
530694681
1745195928
465384883
1445129475
392753420
194993577
979473298
915966096
1291079386
1071168065
1181130784
795274641
419322530
1190036783
210489586
282188703
1801654907
1099623016
172904111
279932175
290623086
195165594
2051085951
1674564007
102950414
762500835
280027483
474615976
2019711946
1035352795
1799672855
1363595917
1609224628
1243858687
2070739182
788673512
2027390311
2006362429
2089778756
1272815476
845026479
188407190
1409662973
24817674
531351828
1917580467
169481919
251141032
1007168809
638476827
1616343464
1938400466
1520297908
1976324562
1654371539
1053037883
1701503146
1354696649
763224747
102121459
502836563
502121739
96013356
1158155153
1704870919
137049747
1097664666
670598414
707524868
1618635535
1831204401
523499724
1862451897
1497649614
62620163
442177085
163038507
1625735279
20511000
1916016856
210053000
1246101871
236920590
1360984975
2145988400
1042934308
2037436501
1485156832
2012521641
542079311
890988690
1405184816
1089044377
657980694
158069887
2131614768
1374345991
1574879632
962734245
1128501616
1805595162
580798053
1523721001
1160923664
1137042177
1991114290
845542093
1234458874
1575025955
365007726
1957685114
884215835
875844588
1433581493
1654565655
1459368459
461036332
943618431
1355030789
1171025137
1456688151
1878991476
1174408991
839572389
545591488
1072405997
2134871325
67866954
2136897828
1178953441
1260535182
2122787485
395130476
838729356
1500925359
1215916081
1089609709
1220340223
1201421843
2145440152
202456893
1708079330
1677947463
1568169576
31401012
1118409774
1477478815
2074356190
1372356994
1707463450
551452509
15346551
1284575458
80026262
2087424590
1081080449
2035728136
2061468355
836957737
1494652972
1174806582
751453726
1624525575
1978482977
1251290205
1331525232
1279909299
282347584
1381581661
107101196
1674489917
2051602712
1568504118
890412028
496322991
1869840686
266218129
569623981
168840986
833610666
162191495
1003743713
1651368711
1626010245
1901022577
1574213762
814141020
1280069881
88410212
1686808280
267546615
46562838
1603138168
1046257130
1829795187
658892417
733567506
1567142206
268000066
1784151966
1802778471
291191768
778482984
222521492
80066969
1405011898
818167240
2024412507
943266094
2037291959
1270525797
988709096
1146467934
133484866
145056898
817162054
1726380978
498922430
1417920340
737773548
464620333
1881416959
773282396
609546193
1801531911
1519373735
285212866
1428638703
1417618801
1439945192
1153855194
746832672
1401095787
1867599902
1139202344
265607482
1310010916
2069292851
802475
1095948306
684114476
1181451549
1573748476
461718171
362811662
1967963214
1532836832
1713917667
889599486
327787242
1925022069
971991214
1905853742
79902907
1764242848
1052621501
315244811
616256636
1652379990
168673849
1494160596
1585126360
950525957
23128100
296540764
1660551219
1141557346
1722819623
1866605862
1808680380
1931893883
452372066
390928311
512757992
1153937810
755993027
1007681190
834141693
1899151650
2034208414
1163212315
1675771318
1272467629
1877204026
2041795788
712981684
675848694
266259425
1293066628
890950013
1379134233
997964462
1884606041
2122510852
1902745436
1285743525
2032139614
624358218
2145865469
794182323
2012089598
682118713
1227409203
1334869427
362884045
1895165595
1057577840
1371461575
1493087622
854264183
1235774601
1529817934
2140231277
1378515674
350325104
569043917
1687386166
1469033577
1057578843
295186558
1134753228
1777206144
834695726
219793020
1008670727
1937233842
1456250071
851921640
1429330317
1043722331
1208637643
188108219
1638232926
1444449240
178704186
816675531
96940205
1732963614
1525919944
1199230358
1220053905
462582248
122017301
226871847
95392016
698495379
1433380737
1503051882
1086819624
1567367891
1871203816
418125171
1445134282
1486408217
1506847437
869701249
826267625
644771772
2091325561
1077269241
897513729
2123423362
1520103976
181239386
1073743488
908241364
466674818
1183636230
772962406
1727069031
755566019
453061725
446494468
1081272955
1236776431
1498165379
268173324
1183144205
1707231037
1360503622
989385254
1978424095
210791934
354338856
1050255783
1589847062
1883470101
2030500924
531371110
1092844930
218387096
811618508
1510671872
409847061
1903773490
952577450
281056473
1169847099
1855231792
524286831
1833268505
840837363
638373498
990238013
691965432
1300842018
670032987
639976257
1765399943
1059850360
216147125
240909722
2114692397
1885876332
1002037117
1859564950
1435295156
1400451282
1313399056
1569056886
1520169838
1662772223
1380234033
1424144807
1063307936
1486801672
1885250562
1159517450
737479739
2044973861
1421645671
1036671272
246528251
687645828
153329374
726845744
1384318605
187332702
1246058796
1903036316
180585389
757757660
1052843006
506484829
859800680
2128059886
1468654191
121400009
1981928938
1481322273
109184749
1557425265
11189022
1992599149
1631437411
480453299
1253191905
2143434654
855471306
1345719693
1410759354
483579082
1913697661
692162900
1045951999
717929864
32713504
1474832781
1338193629
1126405103
613690565
1700635315
1487563941
376503099
2052729126
1868520617
575606243
586333855
1905448747
1461359927
37538888
1248689808
186724035
1345960304
1677119872
647161834
1666852988
988922137
368591644
996307388
2065778075
1443401743
1713966753
1259053888
1316348190
468541705
487063119
385540874
1522681730
136066881
770381073
1171901466
1348310820
270883225
2111255190
1986792695
1204906102
1305596873
1905262550
995216785
1955872232
771621264
111223608
1406705121
1946795218
1910710354
306298142
1914956674
12168531
1856563650
1544760115
1058406562
2127479391
959985145
702289410
276990382
135146157
1382524272
1954595909
1850975234
1385752633
1908102077
1704572740
258634723
115863693
990941544
1747554151
1730429675
1452545515
2108597954
101922864
814556688
1721415320
290823463
2131844259
476654656
1693463832
266858
2098209679
1667044470
1783707951
1766658563
82457424
2107607955
375633805
1849096257
1101659928
633074486
626573939
2059164584
194009554
336572350
325067017
1814560708
323048334
214630045
996061445
1638190946
1687706993
1784566905
997756369
1987763900
63223110
1113408292
1260388681
999454032
980359886
452978952
326777761
2146836677
1103743807
1670112681
67818548
1445777165
1368114593
34462053
179769635
1181020196
989353907
1290562257
122812470
1133093073
439611655
788387133
1208100462
1132125351
1330069556
15269724
1425174706
1220655286
1532073653
1387993201
1323191339
1043965113
1837864241
1958395937
623574579
994555613
1591418797
111260459
1834915019
559479963
299473452
814088855
786802323
25220551
676162662
1759236461
54057821
1529894578
1043844672
1327012787
2073246807
186626563
1572330539
715195303
1384795225
732081026
639890210
164243698
150529954
901845551
735728983
1289193049
718138683
1686913544
1701451251
486430716
426749312
843755240
232082841
1737984460
1585783917
1093826240
986551990
1909009914
857077803
529267571
15454597
2031123140
336740889
422937842
1594110150
422924561
1853038327
782298211
1289194842
1481656925
574949059
1401179532
813892267
1168920307
1426910745
1167507750
690934665
141341950
1226386623
500309941
211654049
251717030
812593010
886229728
677160569
1217301516
925298403
219054240
1316415160
1838893865
1243951462
867906837
1890238302
1566506120
1816498616
1801385003
205811045
2034726387
1025855494
2032258353
1809684071
810997727
702540367
404407200
1264788661
405103647
422476815
1676724934
904031063
24107912
1098573634
2118698691
62821042
1782277237
949470172
1218025382
856640670
129497344
837687364
1176447851
1795805310
1579834707
1225906732
398825449
1450516439
2101779942
600716829
101006737
541758038
2072253840
668639191
852029774
1086564839
856947722
1971956378
1469525822
1882599305
256080888
1373809095
1649890322
4167392
1764905280
666310830
1428938899
182495972
115797907
1214565105
66765448
1514832351
1206464484
437642406
610052090
591247859
1722582921
1785699026
583817464
654114079
1983038935
700496787
1376721401
284413286
1735416560
1675689565
1341068817
1733466567
1780163982
1628576749
1686163715
755046731
1756154200
1918086976
793551404
1583870063
797019481
163241293
668284396
1102224533
52216333
1618920690
1293162605
373991592
29077446
294303746
1504003979
107817319
679480525
948386651
1887096189
1490780479
882572209
1382731296
2014405279
1070099750
1560383826
1304656857
1077876837
1161975818
156492672
1846162068
416615041
1014757405
918527870
1584456927
762124915
1249128935
734471869
230453513
1289531470
127813081
1878406936
769348077
954566275
1867203330
883759051
1997149890
886930263
1219871976
2018201703
393651156
1210477202
1890645694
757261911
91437600
191828203
1780211562
297608096
996821084
1574303145
1582954251
807003513
971244132
153574618
1043464681
632451409
84853319
714031518
2123642285
1713951845
811282461
658004144
2078844065
514640276
1809658391
175184441
1638331157
943662854
1816306937
1695536194
186143423
857527630
1867570278
602850620
759482170
901401884
200928098
1434009018
959230583
769170729
1849340901
2086849217
1217374377
1247607266
336773031
1472293072
245468434
1622397464
436658205
1994636543
825161093
11038144
582981287
22829056
500291397
230298872
1718895936
1373306940
1643608831
756530380
2079598177
1552745401
1134082262
864763585
1983778124
1474138794
1403354388
2126321376
2125983314
1083122204
1917097001
1230612737
624373502
407295242
1076412191
297865340
875216522
667086807
1062997898
386561302
1884812844
471159259
1895992294
1078192660
1220231369
140179376
213195767
1979175975
473795581
730432996
20298915
237033440
1611628454
1410062999
1163787588
1725255683
446398087
1493608469
457753162
739461896
1411346127
1665013587
1188582162
154538607
1327450493
632648048
1540992188
784218136
268530493
809620198
791027611
557133098
1950735542
879289618
558117547
907370484
1458104999
1728356552
1747505277
2009064021
10692130
524621888
819575447
1638438869
1742124172
1841908245
1758611011
33680367
219912295
614988427
975921476
240193698
242989338
727815798
1151851766
1551090774
1552921432
2144607545
1625686858
2042667002
1372418453
1869222689
1108833064
1175121343
1165593551
1641905131
364921915
141756151
281833596
17292356
1344172861
1745631905
1576817643
525878415
653956765
176241478
2113726832
2024301434
1405278735
1459623378
1793450711
1196007168
284247013
2077667027
168900896
692271235
1709064211
1497942489
841104634
2010805584
926971194
1548261146
1850109397
2107494877
968548516
534432157
1897995158
1699494800
1325021792
1544500758
653446663
1309758290
84058714
1033304110
1470985567
665827296
1651413697
958472654
1321624098
1397905309
1635786407
1237774494
129435154
64867051
1996846153
1240501392
1799191421
2059056885
1093773969
976965175
982373979
70399766
2108347512
1376423064
1522875425
9785301
758013416
562820133
1276101667
1435003106
1447866281
1561879644
890380239
1424740131
668801973
502945295
206047910
2096775005
1324028295
2093140555
237536042
1867937736
721263136
1702215566
1476446744
450941731
649731234
1710698801
748104658
1447946886
1510173336
2067897457
415666094
261570429
1037439786
168759212
1667485882
1048506011
558039352
1002291318
1826479574
1988061516
973692366
1750673645
1613341124
1184905465
443596222
181448558
1470805022
197707803
153392341
1954862028
1575604313
1951020324
787608246
292808135
2064258876
830024943
1231587111
242172862
1292768890
911264914
276819473
383917991
2048760072
1748470709
1082278797
668127116
555564931
1360998084
1084031114
568828280
1174986860
811123141
697900859
1415068422
346140716
966105510
2136704576
785678216
891367810
1739480840
1122942638
545914302
1405218276
48832723
435613324
1720772238
1695479144
1486318964
596712930
740920121
504047466
604337703
834585421
1666409251
140591773
1322465486
27170699
610704174
267238598
2029040139
869511734
796469868
1611883585
647370606
832302541
1517842906
1684784886
78715501
1513526213
1258316099
1099195187
1784689083
1197232501
1394157291
528064508
406121411
782857104
606364860
694193397
873875889
1627089650
1264774864
831548160
582754431
669161587
261886473
2080177268
635208724
1147756936
1334796759
1156750508
272906532
428969044
1828327056
866460025
1865625484
403235757
538494012
86147649
980812909
1337336849
1135546335
1566198054
1926597843
517943057
1102925498
1359661720
278226753
1305053193
1160651650
1686447555
1104844482
14030946
887387584
1750666571
989013149
1245264793
1085470550
1310283450
1083689570
1200624483
1894134387
1149915960
509650257
515122392
891953403
598405134
1774579476
1481521972
1605650832
1848221296
1143324918
97097108
1304127126
1861616547
1147657639
1399347649
912626715
1052799492
1257800826
509235758
896927271
1180182562
1089685990
1641476191
656623411
536435279
628554645
1297848996
1319042584
180093284
1379633457
424624025
150486102
2020897925
178452426
913060352
2049004714
393660486
916347694
1064390240
839006404
382596936
484432067
599483929
1000366174
1150800582
99791233
1418195890
1619342908
190233177
1811043448
1438783486
648810406
1009392700
951679064
1851448643
794864176
16694842
377634457
1397605422
563556740
1122487528
2098224508
194156496
845598363
1173468376
1872646496
1918732769
711965913
887079481
1306958074
674142020
1997924652
1415940408
750908765
1917924290
1788418138
378345124
1626584409
2072854240
1177785406
1276831640
1088227387
535445389
92824374
987802119
535844577
1753606355
583665102
1829750036
685614803
463398388
790805720
515680547
26280987
1209331307
587683898
1139009580
238810037
2059346599
910003318
979506676
918744480
1461301289
1602146771
1483698238
1141366631
468434192
1338034609
693129025
1084929609
799448448
1431055708
1326145015
1123610880
660557612
250299385
689346976
602225378
1449344381
932766004
218897202
1761611075
1401507376
389606153
261596754
227170963
75511179
1292068956
284033713
1624981355
645599888
879433452
2034178953
1584512577
1992119027
359172549
1320413287
908820622
212262855
624086887
262741261
825860463
704745901
344891509
16228778
982286350
1030810847
83694837
1765528438
261069176
235218186
1043522426
2133625990
3042119
101870330
1633757004
573764746
725310923
1452113743
536391259
1234442349
1316074994
860786580
665898795
1872579401
258707484
867916277
96127017
459558368
352641451
1920571975
925541605
214712287
1589937164
1508556164
1958653149
1939887804
33834568
575790749
72243505
62218030
1387333554
1638205925
2051658711
623052107
2140920262
741001864
1506999515
1892017129
1349855978
673512898
1780021476
509304234
2108356644
501870496
1673480317
44580133
142804975
2028781373
1228497953
960175334
199896031
1565919880
1361306920
377198530
881953542
1760420644
1103376826
64438578
1762850032
1832389298
2029499393
1895654744
687159978
1807971846
469473624
305828226
1267306991
1557011176
244717196
891610262
230358837
1266549549
1498036142
166340230
1208534882
437299527
308229539
1487972750
872737606
1266785502
765744410
932966792
1523558464
2135518902
1257917238
1998988585
472449996
1593173202
868953573
530531656
936467721
343701297
867821746
63122899
1628571526
2068321217
1492269877
427253135
644279535
488843854
1822572449
2061600420
1566717826
792658297
474380647
656926477
1292043459
716788293
1485924946
1397516337
2128092949
1193356558
1591194031
1488160746
1902624784
211559623
906605146
268961800
1551194920
1718404207
543408372
743204651
1373532097
364595812
522050017
1930109123
1139237732
530689251
629399616
2075571496
1542546368
1352394455
2097111928
1902803526
313676101
849185517
599518554
660419422
623358300
1512939786
464443690
695628167
1335732338
973720023
803975472
1335344143
709033045
1005693731
709760362
994738289
417537689
811312207
1268918672
212060906
2038382189
1039387179
345279295
72271469
463430540
1424370672
231919628
902759646
206868405
1226137236
1105562822
1579913117
1761929588
427708863
57467539
1750318999
893054502
304769932
1720227197
565108116
500214907
1630596462
72657656
510102067
636487225
1718132682
864260087
1310977700
1887501006
2022360661
1497286443
1190900917
851376610
296246472
1368858484
1436337882
1523465447
1341299382
787313055
1857018012
390736334
1995947922
870115091
783136443
853916965
546645926
1934608461
712400871
559348883
335521789
1854394966
1813701716
686190695
1147351539
1493374426
342560355
1176217309
1203421394
1581669535
989319839
1025490259
698453220
1572214983
1264289925
1183773527
1425967231
214358482
1203300866
1670530214
1787503479
1341017014
92396612
658115390
961959961
1591590187
716636071
691186047
830799672
1890528649
1727072324
1611414879
279997487
953017076
480566794
1332631898
845435251
1837336851
1815315653
1219544870
1583148112
1697830672
1400294584
1920094944
558266854
258522494
1503382186
1709612027
870249242
722279788
138156104
1857286121
796594217
454821315
1069997180
1549413642
1309644324
527465069
1181391566
1513860039
922741355
2135540112
1171311926
1837183517
1628630718
1599355515
1159480049
103935045
1561273883
220117952
163268999
49836218
1805590674
2114288103
717135071
489539857
339685291
398161012
126230310
1826849986
169173756
347827570
1001675203
314954739
112511796
1997104926
393856218
399419491
1642924048
2144184769
342415380
954392838
283581257
175264595
874766972
512916340
1576043872
1980525510
794143462
1867828841
360032746
2012841247
1485166795
1018809409
332168087
1186652290
393880356
36260995
311455813
70720725
1727351331
1172922118
1265679881
715877631
1204082301
1799660960
24239775
2142590551
690921955
1724495471
1086544837
889058947
1475291029
1270646338
678093849
1714410013
437885987
334682840
1478862494
268446306
927649353
292865291
671151955
1815403609
1237307024
727327512
508246894
1387251222
1442930671
1568549569
731782614
1470674357
1274359748
1824652266
199428794
1532944196
1027987074
1605843534
1179841601
531290868
1110613891
229355607
630349682
1006250942
922229100
2083453112
606779079
1885162703
824340157
1296773440
818014263
1685145872
1161463089
784971009
1485916163
1326307378
1918822189
217898551
1438432874
1472267658
1249473337
1101516979
843790937
994139708
853726254
297618508
664891078
1478469441
1650770478
181307105
494917280
1226906644
246155747
857935616
715456808
382415950
207314429
93500768
1012213153
1372189397
2047864294
1549434857
287834215
335133495
1741211551
1011196857
2124281484
1979559970
1229061764
1671661274
136151698
2070649406
1660198121
379833237
555345923
1337349527
1183603582
1557225841
189018283
1780467748
1556357459
1099276504
482832332
1327194271
1740262729
726428616
1504792356
699014060
1508754702
72505752
784851653
1599673139
1395969585
940959712
1127073147
229348272
236891555
2025109019
1096121538
265927476
89198835
1347274266
652551669
1072471835
429014370
957466709
508258586
509672116
105974191
1354394765
468104780
1738106131
2073795663
977386728
1941948877
1586040791
1100346787
1657962449
1543010179
941624537
1520516868
621453914
1395638326
455220466
780460917
801679981
691809610
338757064
1644851073
601698617
1941796080
770928752
463288915
236545309
119957180
291589953
379507957
961778752
536878981
710855875
205603574
1310375584
1061651938
1223606584
567802665
1408381052
1474694842
392540375
967880503
1779311624
1248249934
36066020
883219434
1940548825
1328066619
1435541334
1739923949
2117347442
1450135093
1659659421
1109353827
1436514881
282237194
1832412909
1568716542
224546024
1101996808
1927742990
1924399960
984423536
811044248
565275397
1933478812
916113639
65553841
1573535611
1346053650
2100326526
280922251
1171843798
1154827804
539382220
498315173
21387545
1266994140
1251128804
1784530142
1854163294
979082683
2091901742
1186356786
1930961713
1540753228
1964381825
1470677869
1062360584
918479608
786597594
858282253
1270562401
416843950
1919184386
1368413489
777950394
1562085262
805903473
1764604804
574513956
1333536051
996151857
603234782
995525846
2101847610
2117083667
1048689631
1169795680
843734751
1639357232
44642333
913369642
1477413583
1984527263
921940858
1625740506
1705766240
1337305865
126545383
1405555874
195312232
517094321
473310922
1415287682
1218463078
1189197337
36190387
1737500827
414972701
125463130
1199558068
870698876
2053578849
1372506814
561701958
1203660278
283433974
38718963
897489628
1938420251
1033635137
2109430127
540296250
1870557417
512310686
451195705
488424456
1889741979
2034487269
1349319898
1008415460
555260464
925260145
1342682352
1637337743
598065248
944519577
248463815
1627134479
1655973380
1748290054
879330225
1483309652
1728268130
670916633
148139780
262863450
1383896401
1329795933
986951342
2072189660
1605434130
903696153
1058557388
697791356
1856564433
1841441304
307981019
1079649878
869268844
226854614
1455747357
1769131105
233110883
688127037
387406714
1816633926
1542955110
1458210077
1882816054
1902640027
1687989269
1726740705
2077710793
1589182344
2074193410
898976832
351466646
2003152334
329857568
1473353860
1902001481
1773349313
1295560866
693038204
288814479
939151282
1558220028
504685651
798860213
1898418183
1313356453
280889944
771788002
2017596565
973501832
602209987
1702082660
698035239
2018455145
779511848
1605302414
2137456417
849345004
263760826
862649737
1855949664
1924400821
821718294
502689815
271771929
1831377800
1744361347
1979454192
1235080723
1247485465
1580117356
965930404
187927359
405381201
375201901
1137802955
1634981788
1532950383
582972063
607974787
32540007
1739807203
461004127
613250306
727909973
963282385
1710768922
1063280069
598959881
62418619
1661150790
613523528
1439796257
53834820
579693220
1712658157
207730234
1674256561
1228561570
172550357
90000815
765619766
1691845180
114946940
501807115
884774415
35107492
292765007
482407144
1929340578
1862334353
1100050421
750565709
77472158
849228815
821254762
1745546975
854057328
1671796177
507542354
1743164789
295995758
753192250
262050587
598116302
793328158
2003045689
286211660
86523697
946688095
1599132647
1821284360
2008473280
856222771
1239513842
537650168
1504675941
505806185
662867760
1601519726
541325428
1322048424
650047899
523198845
668756501
1393910640
1500757753
1970426281
448381966
2019925180
251723904
388251131
177802306
1241966930
1799889963
1324041975
1362699392
2035989259
191446195
189750033
113495636
555209272
1448085874
48568710
1547368321
957940568
1749141431
1939520573
1798000231
1483113885
1572653541
744491359
319102442
256035211
454744195
1585598191
1201435153
857986752
193419798
641033190
1131512789
1789014652
855262033
1340257033
1669492206
528895342
1409863599
435637519
159852646
960330384
1400701249
285868678
1016647094
572484882
1891953018
642942624
1600464383
504184467
1533720714
1183488343
909081629
1628634501
585537281
24262943
503298468
550814529
2000372937
1078975891
1098959693
196104897
770605510
468040246
1194282096
614219249
933490
410322831
1738112074
2062390518
2064880533
1753765515
294746532
290265971
664044323
1432218061
1028835150
121964516
1976926169
233511066
1320949804
1022380316
292273602
1670494348
1776182205
812930171
1380010711
1707118762
1682063844
1091468370
443280982
1540870834
140808174
1402850967
224907794
1321901525
806050790
145914441
778498499
706119885
1295260053
1280032498
411456562
1976186004
1350311493
59597067
752487034
1232332271
1996776808
2094377511
1063319804
1508976642
1760664693
180153915
2098292592
1782085378
885618503
1520933207
2052020533
1901457781
453921950
598984534
306031939
1978929970
1218050586
988504336
2088437512
1911125940
223940723
1841545921
1073446323
107258816
1344751603
1007938185
1859130728
1668208728
2007907472
650784376
1607270195
60746779
994538022
1221229306
1746903260
1056255616
1308795077
1400772795
1745184178
1039749560
420563170
1354627947
1391744608
5463116
1106808819
937465822
883325427
2016977996
67789765
1943290260
295238867
774230290
1942415421
1817121357
1655710240
1988027805
367470947
2084394736
1355873193
2093896359
1257380454
2075625124
1046604214
1182536063
1801246619
602456331
432202686
1358284094
257372997
393139176
1693354081
358671864
1619364557
1104988648
1402271390
101708438
2064179727
220790958
1512139832
135506745
1314277220
468698959
87797671
2103530242
494829841
1267958814
1920352099
707197810
833028161
962814764
1207585479
436655374
143990307
1645317389
304247246
672303872
1145872346
853664751
2064993659
1853859042
1608679985
135940841
1636876343
690876585
818220851
475886546
1765215692
3732820
47855840
1488532788
936295511
1038970073
687161076
1162963247
805714815
630965974
709138785
246436670
460084639
1994437192
1215901326
736464521
1517184808
589082744
1904725487
767329389
1515020273
1492364829
1258681575
527657661
1041926776
1271768814
1682103184
628869360
1491934385
57757455
1063110631
787318862
1285656633
166839692
1220193007
443910257
1502855796
2085113460
2136343639
531152477
686087306
1410536816
2140737396
566549193
469632156
923924380
1433351776
1225226224
1897977005
857363936
1904070582
1541722167
1442225150
190508984
1484726608
1367800884
1311729332
501793894
585215376
2065610984
627166812
1856896585
636274503
1773057643
2021429735
250864788
650866165
1645899130
1010497171
1726010668
1123971562
1096908304
53276429
1482901506
1222041852
655398393
654576842
1227020334
230275578
336649910
1576417164
1529894568
1728964993
1746858839
774319658
2051925223
1171623636
1213358023
506056272
1707611773
336823888
2101257777
1925850379
83434374
1446920042
1062653282
1064388377
514782036
975231045
878475130
127135984
2043520556
665551349
281247574
750579454
2141620137
391392328
1678974955
1709461035
782074152
1690860332
258843058
31740942
97870799
198312443
1099403511
1073561268
280773365
946718600
326597780
377015670
1534121490
1379406795
99040160
1352569148
1595532234
778928760
642759747
38405087
1600697149
1524785158
268982626
1754491274
1084196498
2138132014
1293072752
1813805151
261430690
578957200
1319908318
447858917
1263419363
812276832
1305329734
319950357
2045136506
2089229952
1608739921
114038144
815783640
236156395
1814321593
591695947
2031508617
1775903833
1913930920
1679073937
1672066110
755303036
970429010
101858361
559744224
879401818
321054417
192100534
763452229
920326368
934232911
2124171174
1638232819
671959294
976989354
1649188150
1147371865
1827495841
591747431
49768911
2110130117
1630365142
2025809991
641473276
438087080
1763271618
1848843811
1653498599
641344247
1238345186
1590799408
977209771
909380069
1159614867
2065727106
1781957751
299756043
2103918622
1074336352
902977103
274213301
1896555634
1563776036
1450588327
506204338
1811740254
616662407
377621249
2140000953
557754175
1986833518
75336551
444440786
891821509
1418758207
342546158
1923138760
1551465307
1900679475
1917890933
46908012
1398384336
106659144
976066132
1180074540
1384260051
846254108
1050972290
242451323
1341727910
1653600150
13949630
769857216
1138426535
2124235526
2028816293
393977882
1490277889
603838940
1345090189
1109385456
1661629669
830478423
840873737
2128366277
794668189
1137962831
1678438817
1812224293
938788531
33266136
1587480543
1380512782
172250360
1027466058
923613384
2128665058
768099716
1883436556
971715760
402395717
567557934
354726181
860093949
1994090403
335234519
442206042
2087555289
1157949987
1068475991
1922098260
156455937
1882093923
2061249288
1400904735
1409700038
43472597
1247254598
875487336
780415852
195674103
1949528077
2061909827
801510074
115183866
1694957234
259336522
575144242
351596113
1618456242
778403740
257582338
1707866033
1549772221
1710008965
1001265160
1595179435
286500854
360757213
648826896
1584846895
946423010
488308861
1598771059
1806731568
675171287
558978867
1177607395
1231697384
1818396438
1703853811
504595463
295530057
1055179148
1037347002
409705890
1820561988
1021579773
2106440254
1571102625
1999027328
2032562049
286989263
1696806335
416134338
349539925
468012749
1250337112
1419504054
1373831970
81365959
717742549
383677220
565489734
1331472651
1960191219
329194808
98203950
1994164348
2123104082
104233303
799948555
1061752238
401271751
2142632269
652158257
215850295
1135514908
1948455214
1577655521
1506025829
761848919
1553752518
2140781066
1211800007
1786239722
245492403
1684229945
470036732
205926846
1457079515
274682334
370072165
124240367
2009523281
1094780515
1096186247
1950528689
1662345927
228160892
942575363
857111600
1579405825
1248700016
1161523217
106009318
1085543961
1749034281
58983329
1128727806
514999995
934202785
1160055257
1249165101
1949178646
149282940
273606872
229353611
1421826738
1615421043
1851196505
59408780
766400628
97889705
415603394
81562774
1549366428
64521630
1147743429
831323855
812689178
1019421321
1654155820
536885160
1807749498
385270544
753641733
1120125283
1868732836
1485597571
802612109
497424766
139824141
741929620
1286422182
342311061
864437603
1804489933
1404508154
1381176047
999482774
838554155
1663278008
53897385
1083640184
1728729384
666821660
1396702749
209554770
1568705412
1886756352
1820205946
208688878
1478394537
1036990692
1841968615
1646209100
1004714853
312974290
538107752
1035368786
1926218400
1267819518
2081824459
327113296
22444414
644459315
1673271401
1178689083
329623881
1808160299
1197714953
161451201
1329586325
1476913794
1217519459
231300374
5805656
1912073526
1217720923
2012788606
1234802375
1895614565
852255377
1096155098
1343338513
755776114
929471253
1341859863
1949160826
1319455590
344290580
2079246887
62723171
356174802
2027585810
873482917
1881239680
244800064
2079069923
487457404
1995280407
31716054
492056097
1319006532
1381031844
488244171
896138742
1096120446
1909651261
600444256
1055352194
294558776
1795114353
1916782360
1648041093
1912950415
1153565880
539807221
811117354
47464872
2002220847
1780669242
66529900
1068810563
1976462059
1229357657
223333445
1517753918
1430193667
1153660710
495791192
483192613
687266610
279665882
1547462526
1453249625
1912292799
2047351469
707853386
1816502412
191041000
1879751671
309097437
1243677857
1277711693
778032401
1253757271
1495535744
708037312
617771586
1792330335
168871519
25306853
881233380
704169916
725332991
1030025336
993267344
537636005
2127599097
16746509
686509315
947021981
1840316815
255950016
84681581
972377515
1025906389
431958214
1396212300
1979023
1539193539
1223267542
959156160
1067604337
735042054
1061594319
444485014
1888035081
674902736
208309354
394446578
1038122233
1511859967
2073266899
2021574408
602944760
1415649017
1692987157
246355876
855436903
1275577130
662594693
2023507718
1036778457
1784624854
895256349
2137650609
272168309
542095885
569360122
1860808098
592320712
270388231
1851680164
1515864119
561017423
353969518
1583821289
870099873
1850788834
114410060
1938353093
1959234227
1265788604
260830467
1129605320
1361185153
456686154
1271693228
954847462
279930083
831225230
1794488038
1891772886
739504145
306656858
789490692
1090923492
884777664
1925354098
1944936251
668163662
1515335697
1289897847
1411185024
1139833574
278963223
1330068131
335089603
730995431
1828489871
2001318428
831974509
1743825627
1246665957
647121939
1379262835
328247084
521074818
255967234
1141875489
339615755
815324525
1589143088
1837214271
685540839
1935668081
539920397
1219010143
105627074
1873811958
1701738783
1957087031
96697602
1858124928
1562474046
1945012307
1915088541
67416796
457199257
1628037789
1357553074
985638230
2035864463
964165180
375565295
1208614040
427364622
1482276213
204950510
495736646
1068584468
1489393304
1277396660
425429010
1664996466
1505818241
269108997
1400773714
160006479
65563312
1000976020
834955788
844766575
991548232
1800188258
1992042046
1435991437
341794223
2113665706
1890091866
809396791
2057569942
13572249
1099421440
1597001841
1657103494
337572112
1901054205
196131286
163346934
1517976921
396953803
914459808
1974898446
1012846274
1788054582
2075071607
1427575993
1255365422
1669092776
2050806285
1551601278
1311477869
1953350228
1610879893
1861911685
357478739
1931698225
1932875106
704020107
1694955889
1877626067
1343056310
1610482978
1979255206
576133843
1919903987
609332466
1124375639
1845117202
137652835
1120479319
15696215
1029443600
1914831831
1576034738
1935401661
296300736
1184404070
1867881955
1915408561
697871054
438979178
203531936
1435243936
171209220
1198264236
439548970
639390464
5078435
1752241665
269815827
1502766327
1636066934
830621997
1816954710
329060095
1743752188
1573027152
1183941698
1437724639
2072495107
1670407927
934345111
1068416556
413438077
798448595
1391330205
2119027819
1123081514
849336942
232540998
1133434214
409028258
525392525
969699437
676663349
534046747
1244849612
469990232
496733334
1529459137
929429344
1075206032
515954555
1957513001
2124096690
1373787694
629860029
334718283
1325600123
582727611
1940147667
2117783815
33690543
2005614256
477346286
581553424
1419467953
1538509271
1431221818
315299907
212048031
1991833067
1898493881
735343736
2146210480
1220528346
268399143
1566553026
683313699
1008886523
1902474245
106909573
737432022
678410720
78383810
1362593372
1923037282
894458599
1078816484
1275396679
962050426
32060531
2102933630
842663726
1033368739
259352873
180165331
2027628760
2042424983
737159613
1736436222
784632143
769366266
2076677902
300737911
645963585
1150722768
1202826496
487804356
660177959
2017857752
1574712390
1155940300
258853427
1977720113
600882294
75815295
1622268700
406773895
1753587378
1095411182
652664285
928268712
473237389
1885950337
2091918739
1817292267
1303579074
871147219
839919382
343939457
723236918
1193923026
917895033
1241040857
1171408805
834333959
1856262732
2053462841
2146056771
457692447
2145069120
957984217
1395888255
1098728899
1942795453
1660449244
272827453
2092121422
931601499
666081586
1173310050
1860413834
429626150
219776544
937188888
1806850996
1558973273
104858584
617468383
1600603177
1403546302
1098778060
463022702
1977350180
904153472
1564815669
1068581146
25001065
189675688
1158425552
610512270
631462466
129077091
211465577
1342257324
245169182
638304884
958957535
105535049
217469078
505299281
81788503
731424649
949270562
75881795
1249216236
1751024981
1399666832
2105587589
1805965909
783651393
2058680583
1722529549
780467072
1641371030
1351419622
1008764700
985923892
560651308
659186112
1098718564
284927181
552231941
1520127881
528337070
191863773
2098466286
1777006821
854771276
816232242
805607369
310660450
972710164
1567607854
374021882
387264510
1619564406
218326050
1839000137
357755551
1701136790
1259550052
1340095641
1101065059
753528607
616063656
1801924301
465225800
384292638
978420712
458461746
780307290
1363143630
1702983249
154983122
808732393
685048596
1000338657
726733157
1600123463
111260528
235731002
1078578667
1143639519
1457173225
1727520489
1554921976
209161888
203865292
1649106469
855317013
213619665
1226113067
663697799
2053759359
106520955
1981486668
850445187
909101849
797582939
713261210
113452427
556661839
401737460
1389735620
1458073757
673951471
1747055224
1734381021
649360610
651387955
560447107
1370529066
1551524573
164371904
1852673032
1339723214
1024864896
174563682
1145664218
950233156
1239602383
1853800950
113145380
2075081382
2125343365
288666218
428851543
352276310
1989920281
2004508629
1139223358
1797843619
201814602
1430967174
166724359
869110168
412648360
783916469
602350698
33413110
265744414
705447765
16864166
240105066
1202925402
909626500
1336468009
412182777
1603396430
1530601143
1404279382
1998705964
1468811296
1609543405
1716646947
1538125
246836437
1795752020
1385730360
1954471310
140259989
1662796226
1554317581
1981389955
88479285
329838875
545181061
1411833689
792117131
54232097
418762434
601780387
1240619585
1893932084
98486218
627528255
373339594
491994912
338643524
1714609006
1350249792
1445632719
429515647
1707433628
1968658620
804769327
1751879552
974477294
1019184162
1974811729
931886863
1288315929
61468935
311748197
1436414458
1254309217
721411418
487935511
1567347892
1131479846
1120228493
813195119
1691288512
1034422023
768788457
1809146799
646271202
867689518
1133604416
1008663293
1919590015
2024709240
1380674741
144056051
1052462095
2094104472
1170261581
1866673341
136309411
1064605949
449975566
2033055642
1164130613
2021238244
842140083
204333726
248735798
601855049
19837890
1649083291
946841210
501975048
281252540
1959349421
19068297
1721002562
809856240
320257820
544032107
1861877497
974713094
1274389745
1727781149
63996648
1174740346
1633408000
1439822487
2076824387
634548489
899676103
46319536
1227168326
235397960
2058216239
1478344087
1773012562
1438033029
1780149154
948825492
1888782409
1164289534
1863535284
1330508069
161880433
2119035426
1899596013
1475409466
1569819015
406363550
1504767835
1881283394
721311176
762312200
2041315914
282792952
945849949
693361608
737674133
464721174
1989285106
1329813797
1629387919
2080835727
1146805012
346805046
1070977147
853281405
1060112491
305072588
563730047
1065168000
1838424232
2096160694
1969585342
905282250
1403027975
1245571864
2024173887
2007463882
711029705
1423691204
1084478900
1768057002
2127412159
343168384
1018230790
762808684
1833090422
883712997
732239458
1466896746
42868587
446144211
1966155772
1109307262
61733528
744089831
1909239839
671237572
2039517008
2011668891
1779603586
1490546455
1581024364
586525986
2022118054
1721780607
753577335
1598702952
2128577303
1732512905
1589270597
1941934560
168129332
1866458034
164176951
1130956719
1311607662
886543233
1754750860
426545618
1450939814
1517381125
63041062
1631617535
432834388
836427394
272283614
1478445157
1616876493
1633138171
1346936321
765588476
1144473229
779886381
1706556070
1989311113
405513630
1374901126
130328142
1176947084
667310941
443770511
2003207679
922066410
203548949
1279222377
1489609222
638985313
1076158850
364424294
1222296528
1610310048
814885523
547401958
435264547
2143052572
981944248
986437617
448885226
1184511477
1696705600
1210499270
651778015
984918299
556013069
722388818
1895081
1761530863
2073357999
253677308
348035096
933521252
1986967318
95508461
1566862423
1261487615
614168692
712563476
1799383172
434693135
882130817
296709675
235233586
1709764528
1193123382
276738139
767648889
2008465876
1169831473
56688053
214345750
404362656
1720470209
224193710
569114557
1898678569
696212418
1713115465
462281571
732652930
1555220257
738068908
1608043982
1322331968
473854863
1382601392
117873182
501546567
1267368548
733438898
1482082984
1746116240
882051682
960991980
1118555928
2081322994
1267784107
1531462158
500539990
841498275
195051482
755552793
968030557
1153395585
2065621113
1370152883
1550973145
2011659326
614042914
808929120
1364816900
1583479664
860039191
490172948
228831878
1528320274
1745718740
856942880
957595281
1399282414
1184729110
563688040
336477111
1605225526
661833586
136574171
1159644242
615405177
1321002556
2098554011
200462532
1635162520
1031172607
944830253
804463828
580639707
746520129
1839488974
1019528829
1958644322
2139963154
1058722739
1058700236
1566933426
2146576996
1314690635
945803624
1382161690
1430659813
1465634126
1743169765
1561202676
