3200
649585604
2061059824
1833933313
1556605953
1240211717
1454538814
995169848
694953502
2066994325
1923313832
1893134733
1514506321
1424604959
1761940262
1186076493
1227485872
1030279165
516819026
60120250
2105299847
54214048
32168598
418643726
207417433
1270524397
37915210
190425683
755135976
2117749379
61366990
954533644
1116524723
536091802
773592511
1554895143
365087975
51518944
1826168845
1577022858
1984659178
1028427794
467039604
242301040
2081714990
280379905
1450669409
1912923229
649438990
1265623737
290399989
143982396
566511703
555440963
603372818
1341884827
35995204
587739397
655909637
1517962386
1636858150
1110569026
233787494
1561165765
1385564957
810130874
698230174
91385855
1083574179
52638108
1339854818
935988521
1815882978
805312859
765277620
132217040
1446007531
1246740966
1634528027
1514728527
248292470
1805593232
1349266823
360853222
181051152
1217429086
1139009707
732927005
1240980317
953398965
1016496722
156008924
1310956891
1580811706
202256008
496533246
362163344
555206772
726240354
1031653732
92468301
1717420347
1900513712
299660300
1845914639
902322521
991137652
373493177
308332424
2094541824
1242756657
1698549376
1698590470
893196435
343196196
730156752
1912553376
1938955215
2126817114
460703063
957191091
1164063635
1958893069
509070606
376836747
1267681248
448663378
1227076556
521226621
676601340
1474003068
1183338686
967838487
641356287
1153165239
2015256967
383490230
1870485882
422609147
80835128
182096206
1131646370
112605469
1655130592
852208407
1370897869
77310713
640606776
919024274
1088538887
1842504507
33547437
1746424697
1759953152
1871473847
1691595106
1807689960
1862603790
719791310
216067485
378312120
1001013080
319051663
860002539
424207381
814450916
2081596406
575909005
410398385
393560731
2129012773
503857520
1281331292
2020086689
1206023610
2104311217
1262886037
1606241130
521588234
815238150
681353144
455817984
1921885776
778819896
560146127
379754531
1794143234
1774705206
517165227
1209919320
364953893
1974868768
1840145770
60550543
2005370914
1819628862
564016988
513682234
1669060749
2101103697
960088650
2091146762
1161937738
952317545
945734841
1950223229
478318160
1287366923
330344395
1986728595
1094660510
1518342043
1898893074
2377440
584981247
1969465854
1861368240
537203235
320158314
422318705
1380194747
1076829863
1357993596
291326947
912141546
1856047554
1868277804
1445025958
189127963
207166963
1570684865
1404327906
1918052252
498930881
1200336993
1700670612
1192513161
1826611666
906003709
86158079
1751077036
1214153826
1336998839
1299271658
511846667
1739383237
1429375777
1782414911
1218631791
1607182352
1919725042
2064139571
1283470428
427833213
1118729980
797224685
417628227
1682412911
1808428529
346003091
1681575244
257779269
2142876556
399771287
769139370
1682960414
1667722717
987045549
1772711443
1958356013
1281719251
1236697778
588725110
1725739507
2120970894
568086585
1292907941
1257185529
1285611820
941333752
1649110805
86110969
30661809
278166936
1777561762
2120928899
903664824
1122931494
1779110812
408138042
1032892255
1908482542
1241325656
1311123825
1304571441
1276096344
619165638
2146146534
418617667
1139025961
206865194
433815409
578401495
489656150
1093577760
619760740
955317305
1413100355
1911004433
1266628935
84289276
453799262
433818028
2126621716
1488123068
1364780748
791068371
813343070
1848656293
1653696454
1631369934
2111807128
217998015
1643064790
1135742526
925412431
377801151
207079721
1573520155
1631377554
1256845679
203916267
947457629
622117113
702845542
1930055621
699205393
445392086
711401173
1512848560
1154230119
2054914078
522618528
2032826009
92001388
101887087
2099069985
1213058016
2061512392
1468894407
1548464185
1790426156
1856334428
1518059124
1914084888
692784481
1011085026
1475630114
1875198000
926477168
1242579049
1429116927
515855327
1295748387
1455927125
2031670669
1196201579
1621582745
325767203
1202072702
1706459231
1469828967
1247198379
1068264002
1825393277
465330090
565058457
1246424391
1408317763
1358665783
1480782017
1895009810
1910583913
1042300700
827471384
2035192325
749705119
550384613
478296739
1414702652
1381919681
922471736
78957656
1074389099
2093203238
1004322614
291382901
295488187
913793845
1852541331
187804576
1465676890
766175061
1943694958
2115331355
1621396818
485284971
139784147
527256323
999196579
821584421
1956304512
1894733077
1586414140
366082653
656261092
223433292
2117384830
2089985373
459945041
88181184
2103920480
1449281184
1791313291
809181797
2023086874
809652522
1963439303
1441223616
578276656
241810134
148873468
433872288
51555726
1561540976
1321319700
480987330
669031953
129943232
2045972018
1380806409
1980740775
117927157
1731473976
522374035
368273018
944658971
1488399758
1641157390
1491138809
429669751
1797833160
695964733
147848435
255453969
800476065
1959780169
1127731422
664881154
186198350
2008758162
1455630953
1703378763
298887362
175557200
361933157
1860271390
366181951
233877454
736588216
451130241
2049032665
1050391475
1294912912
941500296
616592980
534242439
1871173592
116769742
264738677
1598352540
1476144729
1272706590
105623427
1215246833
1740942315
130388683
168556169
510181081
1829972714
1417806342
854456279
1912533429
804933470
364098259
292536396
1348335006
237787332
642439216
962172194
1863516797
912915822
1703111905
437793239
1199465763
1989823295
92766297
776506895
1692815369
363107201
1089915297
1411263586
2105242333
1548049410
599033160
1282207896
1203788611
1043814809
1585223762
1849654630
1524931886
120156850
736165155
285416295
1237631619
85641531
544241565
124921474
224396245
1674956059
1458016536
1099302146
1018480807
1264801332
1147985154
1272554877
2098524059
1433323273
536446282
1728414826
119725618
330577571
724508116
1503542199
298342927
733061896
1375453527
1805555769
1838688356
2046044899
26047879
707147667
405501570
1098535143
1177933714
647343947
271321619
566510816
855576463
1546730192
937179415
1749759750
1288900017
1133703449
487434922
1345892703
775294490
1532330939
177725157
1700198922
1471505597
293635211
1484750649
89357929
608932391
23016602
85947987
1686914173
538615866
1703598374
985977179
163669278
184403110
1846647715
38692586
1713606345
529747777
1589833353
75581543
89690091
1249893648
1909095396
1625487719
1261365294
1422644300
1994562565
1242198160
1389978585
526133741
126309305
1148772191
1168883015
1822911588
1823660451
371933949
1701922807
1491605822
2060232137
708164559
278307183
137181192
882116371
1691987508
880766263
1019887566
1978614107
564636345
1954616758
2009547447
1000879172
1449008585
1109104388
2014470675
1430227258
441829655
1026118009
1683196673
1780443493
460128877
1893655280
644053698
999734426
1451408700
1687423510
2122779333
1898311366
984766955
2104397867
397395141
80101092
866205327
1479031585
1830993676
284464310
1884239671
273205374
486981936
1382604643
419077550
1548545669
1383772080
595786687
130632269
2085840827
1156923571
261497294
2097630206
856228862
1640953844
1482415155
820799598
1588380548
267873031
1744274830
301556832
1243937098
485936638
773017377
1881019388
1950250061
1165805333
1321193124
1241068239
1431220956
1927121753
1440683352
1789068361
429005795
838746788
1376013579
60013579
1488929388
391230578
1305534374
1867951606
157822630
916863794
385361081
1322993274
1222815937
212205845
506632046
1012189865
244366082
856327326
2072614304
1538908456
58836013
2007262197
1183098328
571793744
2105946526
1903718962
2044806295
1106635917
116246876
1985155807
111033363
1148702163
1783245991
1582489255
172196210
1936237103
1806588585
1376489265
1349491629
1514621201
788805986
1929524098
1607700783
1223072914
1160849725
90418347
1323720266
1806135677
2011340390
1559654795
2092495927
979001246
771474429
778607347
242466264
804934194
683484412
154876003
975613807
1922097127
1675583433
632024080
1941232627
1270180786
284811287
1562234661
12882872
255331326
2024710197
312647137
1287457445
1319713669
36959440
73739285
234522161
2106544744
1005936202
1976967410
1770132488
1933231253
2116313832
1570503699
1117636634
71969713
573731222
1097294079
1206551140
1057953384
1347210172
753707953
394280547
723820860
236156860
946064613
2147346468
1168692783
132397792
1578069570
1952561909
1353307495
3316769
1835818687
1018636200
1836565979
1720053282
1036666549
1170424599
1588366353
1373004057
1496228818
771275700
937053298
2015501706
864226905
1310480507
770814420
1060333151
556778534
2293455
747699816
682672864
593722912
1324499157
1233970291
632304067
1198099316
97285095
690234689
1277583998
1099904565
1179733597
1651440389
2058024917
456749046
1612451329
1958430631
757781125
1055638919
489170642
1671859666
524378827
1679924101
306542670
417771807
1460798324
1476047469
1124404333
936541641
1436179231
1591472846
212295131
534444632
1872152484
1850049047
1404380580
1883667894
1009897301
1161764296
1544270372
2023657808
349674472
1960558851
54904002
509712559
1403419684
964005786
1233778855
1638482297
1410690813
409144048
753381480
1335278470
864662684
218533415
1468763415
1517664879
1840540086
725160573
20212547
1017592850
850471235
2083601129
678554344
1015355887
989771519
2116528485
1884650524
1552900361
1737142668
370776642
2069820990
1012167244
707349570
1848297673
210613707
732228230
82973301
709335996
194986710
851727125
1696247970
264804551
1101299527
392665520
940099435
871899622
1060527376
796020961
1467204980
8091791
1572019214
528726185
1267714525
1539312312
822939875
1954844074
1750765124
112068194
131330877
1552327370
1967348069
1208039105
1128379152
476528733
1552349378
1221142471
1630787627
1019563228
1371063201
347181686
102393786
1241267450
1964090543
64229741
755323502
1744096269
859712659
1794383047
1612278639
1673297034
2139401204
1244024546
2077615568
1509220223
138171899
1359212559
62085952
2051777979
732850799
1923861269
1992645143
1699510016
1033529351
1794197910
1596423112
452825991
464930448
20633624
119472929
1842887534
564377852
78680586
1392116277
1858985703
1123252294
1887188685
919931121
1277892378
1810863366
1576756487
462445424
642344297
1208341052
1709514653
1180544976
1780530443
785057492
1350801734
2054124759
1391055340
1051756729
2017675705
343056359
1226977740
379887288
150489310
1268515745
1851991092
771160726
1364915119
338832832
1117541055
2079996824
727505029
1402785182
1885550961
1996191863
320269065
774021619
1932025492
1816711700
1530003623
849276958
1933792163
1361055060
147494077
144146706
1625718066
1853764980
1072747667
154937562
137077377
803817015
1292235849
1408816125
227165989
1735188083
1045940860
2070093254
2066270752
119732763
746304706
1466724191
1150897848
583119968
1057604619
1575068918
1739811928
29823603
779694177
442580153
375105261
620483797
2063537636
2064714863
506048396
1613124236
1265662062
662470817
268332042
182868730
1716031460
2065982070
2059061159
1372790776
2048154858
90776843
1634225017
1528047692
1906607309
479771970
1849982420
1070484024
1535538578
571014904
1094716318
1306373322
2070270633
155681653
430094287
460706621
1863788788
210245652
2141525018
811642401
1747774166
882553763
2079391974
1723184850
1444394198
2060580342
1478096336
654446695
2079512939
1331899581
1413353871
1241166617
1346254301
921231997
857797275
871472535
736513524
2110846248
1999722241
744951815
958115877
815739806
671778112
103796164
1100653234
470647856
2032303134
1657366547
1864636125
271749957
796256863
898994061
1208542608
2113407241
757264391
701853551
751326229
1179207639
386115261
811470653
1524817740
914600634
427388963
1075756241
2082623785
902921075
1723470035
1051885403
280501202
322435233
571444785
341151915
229834405
876774511
144431157
548921494
1483534847
408085078
1230059805
474324499
1521638427
1019227542
586190216
1805568494
1115917394
1779257202
134104356
152490399
460423230
1386216806
901720714
1781870643
1320611763
796999588
1550709714
760224341
978231521
802193106
737843770
1702506118
1986528458
464657115
1371831081
152842601
196811525
2074249376
820002884
1504955966
1281138431
1765210345
1603964710
290480678
869497572
1718912524
973636099
1015467626
709920029
889645605
580315230
1706381828
1107919759
650100239
1453936084
412118185
81295541
1156005546
242863197
1259456629
727725889
1946655747
1955242748
1661086873
504839884
1711001318
1511691856
1568110374
1807343532
1009448823
1798117807
264216516
1875158920
804864806
97992287
257016287
918033783
1872190393
1034054671
142487079
1158059503
427383876
2096488814
699827803
1085130771
1625182385
597163128
1265032618
479987831
1777416946
1920485931
578348205
1210271328
1412211228
169041672
364517988
198844479
902408128
971077542
1014892301
678184631
2065934249
1549852838
519405183
2063280625
823745586
2087528119
114551256
1573907878
966036946
95686497
150706768
859809101
1166100717
1262049526
1862935368
63100879
798858358
1006256826
1237171276
1465994493
2007687028
786554154
994880504
1974673506
631865323
1147085495
1927788832
2128092898
1223186668
1963841357
1623238269
1525049830
382767275
33763624
1544401764
1282499642
1635188493
477055115
1252206491
99214840
907811669
1063538790
1406919698
2025371881
1877177166
1605670621
1185545768
806640945
1798023274
1123568793
482894287
1756566627
1242560363
2146178481
1797684043
966408053
1656505584
1601790519
432466439
158060847
2086450497
249138555
1802123837
917734324
1871825301
1348781890
796829621
1221833874
326239957
431866795
1861085203
844365879
406987666
1395340086
2122447952
611448608
221036096
890241844
532286512
787816942
1315085288
227763721
990398268
1718045978
2100063712
162112435
1150406684
233971090
1805066298
1909371199
111783441
1229122809
293842926
602116655
1533003647
636874296
822315368
1891598179
1352459419
1529452781
1141534407
1696979082
1214560321
1895521969
631170433
1794235368
1626797175
416196142
617753947
409544225
1319658021
1516179584
1340653084
1892023213
1399653791
1488913649
1245466119
1244288876
640436040
1434682574
1736466608
38585446
1712858721
1065240714
322067436
609222035
610300835
92742499
991831911
525751661
549130991
351645602
134238736
780265255
190465440
1586250610
661569658
405966483
2030697812
1941253117
1179706186
1936893973
877475221
1225994998
458257824
799250732
947148376
1787193861
80462594
731586795
1774558734
1877360527
1173517723
1048735659
133207127
1221712404
1523969183
770181030
1713734531
18333083
727063202
697656687
642382879
1851111144
418638751
114913176
182672649
1251086476
2075276085
437825360
1836083268
380571309
508437365
915689639
84597624
985248576
708332087
158919381
1800016441
959761109
936843238
912658512
864006506
1839284130
1606151712
1354737432
1921472675
899987352
898872602
104466663
1132616848
256865955
96205349
204598227
670599430
639798408
42309285
578884102
402058183
2073512012
1179508030
1134608977
820356729
1325986918
733434072
1661667413
804112569
604101582
2104156814
1743502527
1189622418
1158452485
1659549681
1666340313
1626242740
1682610056
941586783
1446346403
365360337
36771628
694757445
884570383
1501856647
233646314
2115796275
826950782
1741931234
1108356844
1869991515
993693332
9305839
323325103
1110080892
28863410
1162561747
502440831
350351014
889771828
1707905710
1522669170
1979647470
756742956
1261883517
20666118
1464020485
228868446
406332147
1655142681
1576265336
1964387031
508561861
782520075
1514920309
1021243539
1452514752
2112278173
1629518536
1317399442
2120667934
785234972
382021042
307545413
784581499
310747105
844428081
22966170
516489403
547291610
481009678
1842668865
1080553067
1645735272
1316461453
566145544
137110772
66698944
887956865
87901001
1999952683
80492131
1824793724
313851783
1754880181
926864725
256474022
2017994568
831615063
1602847086
493677115
1664449859
1440416342
2454050
1221881887
315340398
1744144058
2107597833
1931361600
1975693823
653041387
409212281
932849641
1038842529
160084232
1451756236
870558314
55053735
686590291
1454086832
132475255
1086057374
1653539997
675037659
770654847
698773707
336577187
745816073
1470620223
282588570
16375874
781810673
1824711252
1450358206
1159182863
1360834355
478441541
325616111
736277916
542759740
725318418
2120628059
1607079160
316343501
1090218455
1327366076
573165514
2048801008
2130598357
838949363
518682270
1711265924
87614704
798747245
1961040973
1074408779
1506308060
1071649537
909527253
1795900785
1342504959
450253655
1912795888
2121406478
488610440
893415668
1256358704
1142157671
1012279730
954296376
869064038
1914382217
484830093
758850431
656110475
838866391
1342531707
1857223766
159670167
1619878306
223277211
2133721906
1829144049
303072931
1747231507
743837695
232767367
1224190745
2025257816
2094570042
767953993
1950202776
125233231
1326471388
1606208853
908447739
2044488141
279620403
1761543910
585553680
1401599826
2012858639
295152475
436767531
385543657
751090317
425782328
340962958
754337539
1468405944
71538125
995069750
977851926
455775601
313487478
1585632056
1865797373
243289213
23440218
1570082110
1683379316
1604835915
365841985
1708693660
78368317
1693990424
171029645
1822309813
1422837587
2078703773
525274736
520887806
457397312
933373159
1860758588
321284160
102498682
104292555
352374730
1559582024
1714702582
472390895
1671087942
1170598837
2020315503
596425965
386010914
1118243894
2036970449
1559080880
1722268849
1784923585
1754663392
354863016
1490317273
308015795
1795818690
214260571
1837501881
1690049419
795363880
712125720
116556493
833987694
128015303
320347060
1816694112
1886929125
634307829
127441478
1567068043
1540206646
91083027
822014258
1818716485
1364771163
174246277
1363363221
870931298
429432743
1129168035
533621234
122351865
32597789
81382235
1846507078
1676931600
958070740
1070595885
160704685
957898207
695681896
64399767
775228650
224881953
468740247
350636262
1007054225
541105157
1092663119
1369241542
1239354158
1579662494
1436845372
1689870979
375758254
1582371074
1905752634
1546012109
1186339750
557739557
845028319
1142912217
1389349728
1854301481
1358734056
1293510521
1964841580
2046719531
1583093290
1328828564
1803959856
1721846378
1241427884
774093925
1436523614
1336538797
113543309
882095808
2091186824
914179346
344034625
1983150344
1460828057
236586999
1816509080
599105682
583813717
451507081
1213767745
2082073910
2112244563
2145943732
601866
720144166
2000438303
407066238
848481232
1795214711
623642654
647740711
1131981803
830843924
1776440330
1901303870
903379531
1968536093
701200183
357853253
1129661021
1519083661
1507377928
787273155
509322621
579291050
1886110594
1920811747
648042065
1017728590
1826111327
1825334807
1910103536
875415294
1452146842
1694297047
1775675195
2075311897
1176200282
1077748173
1680888721
1058016393
1062843256
1365878867
2130532187
1883956400
1563705935
754723977
956423536
881719713
211507706
1807690615
721482783
707731774
1431562006
1021295445
2062483827
954958615
1953821500
1108762229
417758890
967003820
1434707182
1858067821
283114774
1123940884
1145079737
81733905
994996825
1283458924
38919190
1361134736
1507904637
565924862
1092923547
1897674900
885640756
1264774563
1500315966
1025641574
403649329
606827037
1994072182
1629538548
528555078
1132524573
1337304728
1177059967
320521178
1077635628
1697196746
676359132
749566368
161129758
842974007
315879195
2060904424
888327596
478825617
2120274231
878943962
580021118
1791064930
1940872142
845080741
1149956742
2056041354
1587384105
1848698616
505731627
1745004766
740711680
1280046496
1122515629
1449117377
1605233158
722098329
809694268
178938332
37476598
545074764
1425366064
236236411
677157916
151891346
1972270175
386761269
1233309689
66169022
1566615821
84990861
1172413833
966023834
1870141010
1281962685
1037640847
1261730352
859527074
1144164555
1210969408
303601516
1686101291
1645244712
577004385
1608171308
1593494149
203909482
683235301
1080846173
1897356431
1259051237
961579883
1368630098
979097656
1249174066
542261338
448962633
900071398
1084877320
1221645616
1800038770
1873285939
28500151
812607307
604632015
774853410
881136052
31620122
1960473398
1960645204
1433943060
1149481996
2098853366
1612401168
1786163862
1028752616
1775585672
1060485280
175719464
1876163492
456271514
715163779
452979726
595560202
232432886
194346320
1800948245
1817102753
1011546164
642820821
513991419
1936487453
1728214056
945140528
581445675
518399822
834197641
541494530
1118718194
1031888724
1188619720
1291112872
983615929
99312746
966867115
1568052149
133883130
110970472
711749431
1814543450
319140672
367844976
1069651090
1923150600
739973957
1742985509
1508758807
214764210
1035897448
697682241
2114485024
493221887
2105308391
1607352715
1348612874
1984057400
1386323455
1225783010
360748858
721178375
452667451
687729528
333906997
479945969
1794141648
761765766
1477293468
420039968
1600626878
189877518
1191717380
423341201
352727775
74525009
461098811
1025193822
1501431477
1002090203
1537734157
475094905
817391426
431026241
241176451
1598393007
1355794483
2136535748
1878601843
1404227963
1156140612
684003148
659283333
1415529570
2015305665
1716673980
2114658372
1671281407
2127330407
1037117105
1725031153
1147349461
229416336
317808172
644322369
769163401
727539441
678176085
1155339458
1769083016
1240903327
562255103
2118314511
1135966891
461882558
630198253
1104788320
871835160
493561030
1702452474
1774065189
2138586618
58877278
84658528
875592182
1617836075
1569374164
1347097401
716876948
1637671729
98265506
787929844
177428172
726400159
570340331
1989893813
1824581676
1853968228
985068493
229063622
1537000347
1871206832
840970953
1210005733
913814278
1760590722
599762661
11081985
994092230
474656041
57799438
784758062
1227796095
1712307445
491335447
490249841
1854888544
238556563
1770764391
1772521705
385497844
1462635701
2099562964
549305719
910870318
2028189948
938990579
405230584
400654239
1173704759
799526301
432666016
147675468
752946661
914543530
166848448
1721660226
528327003
1130639845
1813519640
868422091
653796176
1753004748
136401029
762307458
180524366
1947408324
1947084696
2117373192
1962665883
1198315948
1815436309
192773502
1727694415
1697730773
776007463
56887921
482505101
834088374
2034721442
994956484
776985129
1556998195
1736047673
519861359
1371490412
1840509260
201395870
1657695422
427576020
1862969873
431967478
1662150829
1707060033
1102652525
1440031804
359513978
12988003
718187374
987569621
813121583
21551452
1100354477
2012891625
818366047
383762312
2016072429
1626452328
702420631
1343773139
302047538
1923600502
1549894133
975725663
2029019143
1098586221
1515377395
1850098808
41290694
2098494094
352190886
953153357
1543074600
795277790
126037894
42567815
2114582492
2058831156
1274768464
73142122
866358848
1554274880
1213841836
303969800
1940682422
1649028945
1128892381
1896826691
2147238998
1136092461
409665937
986563799
1985891971
185532955
1852784899
1035109834
1025470688
1036989322
1085559562
530144453
1977140011
1960188122
1092793350
1077954070
1715999138
1776129226
237833337
1954946581
270998863
1061628115
1945318440
871489365
2115150945
691066461
1856602061
906717381
481440418
619448731
1736790997
1160694943
1282521302
370117565
747635146
950216078
826142208
1853717720
1860234308
400422336
584349526
2027312817
568324792
1560022235
22599642
1928459890
1766925864
614004253
385821036
1612164894
1527432600
1431170802
415079659
1489921050
878084449
1765893410
1159053847
540912326
1109330076
139459807
287741903
1832449476
506125451
158867194
1230529779
523093524
180710739
1045499730
68376534
88991177
559381961
460753728
1108471572
1886300922
932171824
1693577060
419441050
2117484661
1373444656
2110383690
1245216477
1716517282
823804135
1442946643
814718686
276868096
74309083
846235689
2101345036
1553207552
125700689
771464460
1294341724
1262235920
1480160316
1540959519
882810014
555472192
378976802
1588081980
2037859314
726991416
1808469946
407125398
1334015082
2132048219
1704536505
1247723544
226867413
1672692792
628716037
403117606
1967060394
287786474
981238980
1416228726
1385458458
177985009
401142739
1798393757
1658682308
522936831
2041926373
1930302680
646594101
13834368
723487965
588514916
1953747924
1809423022
180518544
1873898057
1598524019
117552870
1386929187
69936077
983417756
1996630845
437017884
564550050
1315808621
366702258
962080767
619226302
212767306
1489274047
815118117
269993266
1712875990
763877116
1795067219
1977737809
672370768
2051610346
973000887
127356694
520732566
1892493656
618313884
1340004829
224960224
276633430
828010627
1338876324
1623663484
8194398
352140634
1145795818
1807661187
1565542778
1297410221
1305261920
1277767588
732122362
1900705286
210424060
177502449
1542768477
606936654
2139366135
1759322941
687260676
1854706783
346851206
1124115636
480299245
1610584495
1557616405
1448635050
772538481
1075292558
1040447151
948875744
877816889
1004758623
1255534233
1086203706
1489641085
1753197884
371296268
575491950
1159036250
576285331
1838543989
2050406301
2141293632
1138787950
1588460031
344911216
1129004742
1703747641
1160784800
960053087
486855288
1412961173
1655154326
1541162285
1014247688
703054863
576608201
474427270
715348769
2018652647
897698806
429449440
66837149
997545442
523994101
865717706
1625701221
1439090154
413521039
1926866037
1250332642
647733443
1755728830
1900133750
1865349568
1586086717
1675009854
1106072602
1145125966
212026119
1153770163
3704433
1633179445
2056074375
1828046368
1528241571
582166651
1284683211
1663868012
585375309
116987558
2113225649
195750078
352002096
1183957855
953898370
589804802
1502375783
1357432143
878592429
1970073959
1698493319
773220971
844655022
480385165
826466622
965116550
1773448834
1315790708
30421239
1146499301
555756815
1479830210
1002168458
1816250262
2032091570
1810206176
393935490
1444653122
1671877928
1121095739
1352296226
15020028
175829299
1682308129
1175094215
281192472
1823710040
161215770
1487766500
1059275112
1189673605
700945840
851024174
261494259
1755824950
709744113
60810038
2128950156
1827596968
199162350
558442578
472886733
1654105119
618104685
1754879448
1507571870
1286120673
470926466
608880603
1717160363
28684355
1519435300
844257849
47301684
1418488922
313382259
354238418
401811842
395279700
1200740120
387556300
927028377
2000743107
1877121168
605753640
1230289803
1469893480
1655578402
2102109021
1604991549
1392851319
901533132
1903885825
2058970166
815828612
277879681
1287392813
321576794
590014616
931221877
1063424426
1462224329
1616639295
913822031
227633017
1390088290
606209878
452027336
1839900769
626919663
2048094637
421203476
353535718
1902691383
848768098
1206317350
265680840
1799332986
946192573
1411886906
551952836
997647223
237206817
584735265
230266473
1749361895
318042738
1458039373
1631867420
356389115
1208923812
247937926
1599570956
728626616
811692609
1921553668
312090431
1643082205
111359085
1391703569
342569384
691283835
1830227602
646016324
1730086283
693728567
1704196498
555333298
2015889681
1442986389
1332478186
2006933806
551321282
273587297
1542764554
410140250
1101657482
1772806504
1636955642
1043388125
1554483553
1481523879
809752922
1109568040
1637346133
274911867
165221706
2010379296
780939631
988767679
587629955
596376474
494432186
1841071669
432343588
1231480811
1345001403
361589995
410430533
586948626
1228415311
1982202969
1819544145
2107256952
1099496025
2042032699
700648459
457259288
258097050
1130932917
215473934
1822745648
1557150823
1457424777
643906229
446620766
1485517680
682292567
2084629633
1503328813
2105831014
298682581
770813160
1772454762
40703678
1786005025
1371224688
1910870251
2074596764
2119749707
724942530
376145027
926301282
523414926
180189947
995964865
1532163236
1339527691
412597064
1621666212
1435089024
1556263359
95032318
1569076650
826151713
886839977
382002403
53694738
2041702539
2004424514
1050813989
1382994370
1555875389
1924044942
2111405226
2002762975
1485109976
925804720
120231303
732928932
1470854979
1963582562
832490280
1858165610
1014724253
114163343
287510814
940421785
2093936065
1721387287
559622144
1607339894
360236193
1122191346
1167006441
1983843932
1160107489
113134385
2075394581
568555405
734377699
1806569860
2142310494
1632683629
481052874
285831682
1059186421
892221110
649924620
523570865
1693921725
1127176943
252794083
722013860
1870039988
1928543106
933891089
1608245346
842705575
1506868179
752780786
1825244223
1492440153
45812060
1498998790
1274732093
1993382356
998363424
697396354
950440021
1769659455
283049731
886663779
184081728
1441601762
114443050
1395074670
919016006
1212022224
1660461106
1542679196
1416034681
114836759
178733622
597288614
1761137641
1956174380
112385048
701323475
362699858
1819624942
854363822
1288731959
1798820050
1416323676
2004702800
977585885
1516242348
1016813319
644415863
1065344846
360742664
982310321
933342872
142143328
1022792576
1338035835
573887220
1300148049
1398969992
231732051
2033895554
1694973588
1113197067
1366828437
1062331483
671794317
634771836
1494790426
328078406
343529746
651533137
708772114
1860568669
444642211
1674632172
755274769
558290387
107488526
1068461988
455030895
429343281
33904246
1847708818
1537511562
1142123835
902386148
911371663
597810868
1854546221
580998008
722025433
919149011
707043056
1660477470
24772998
1788103062
243397790
441362134
1041687614
425732678
302963491
2012031190
551544418
35592730
1604525506
1383606659
281572004
610618316
697140937
119531241
1072426246
2142192748
1985435322
1886067145
1617579543
937664199
1135100478
1973992991
65389656
3217395
533985480
1698341648
632971083
1351213860
45757011
17417053
1781055776
1360873199
985810427
1570071952
1254939013
307265566
853231631
1898841190
987342607
383250179
713666635
1913454334
1135804978
1756466040
824936557
1729761425
882798398
1759617261
1371283963
407867842
1046739070
1156764316
1551914140
1489928193
903352554
2086299704
539247859
1976782396
1046969882
587325916
737391090
1792834633
1205750283
358011898
1626721240
1416886477
415415926
492964999
668307919
2016167890
280847876
394722866
362789106
427979735
1688672148
2024568184
561977822
947242522
1341523737
783258630
1237362411
1069958758
358801666
790763065
646441866
367723511
717155500
661970375
1824329914
1961960678
303314227
617596828
1272802507
1653915466
742964533
821544645
1568119029
453277896
1067300874
1287932334
222039976
1038151464
2122566861
1606739374
1957384913
237561969
291332039
668486557
495622683
451103642
2145904031
1788183574
2053638436
796385220
1428503791
629699476
613903875
2009585109
2059276431
962766509
321947461
1429673860
251019784
258041514
112710206
1995923544
1651268545
2135561615
1362813134
1627790726
1492978561
1199428045
1925789867
711857810
457417770
935682955
911390969
1551752457
1548789833
1117155381
320112708
29623615
1901026429
2142435065
316509035
482485768
385048901
1176769754
1569940331
1801953742
44520884
1655771398
1317073887
226833943
1133871472
320057706
538407208
1502237572
29591264
1430967847
1189803608
1677541199
1469718003
1166827245
80978988
2067724858
1414649210
880236009
289162919
441184653
735960602
1380410747
1808237480
441087763
856546414
1122669307
177508585
869794119
79676222
704267306
361525973
774255651
253408583
1018727188
1145094541
1796780189
1307308201
726841762
1006958814
1421126931
559857644
969555730
2014006450
156456510
2120774769
738511667
1433274636
19396155
677472699
933542674
1361999600
1221256729
962858530
23776590
1582451543
1369064762
2032858766
1124212274
1986567405
1105295779
1615263651
288844760
652174088
467171528
665208990
1505534627
1639086913
61593417
1787145444
314159528
1075656759
1641980172
721725336
1032562178
840398613
410450467
2008396844
1228083388
1166491272
2122745518
44272139
269660399
1143989520
1455397609
811886046
532638190
1602731608
2062037995
2146720770
818052778
2109559411
2132522853
707769318
793712087
2069175196
485260301
2045134916
1963722307
1491651682
1201019480
597750585
1462954902
1420893846
1603371917
1313996637
1936032143
1537419377
352052078
206152257
817514902
235551706
627132336
904363922
966882735
1202146299
1117524003
1839346145
1180900750
863951859
362424127
253615665
1729608363
1872655505
2029585014
1764412675
387705900
625124179
881420818
1688538623
1126204376
1038516243
871106978
541991076
236443976
98941703
1738000543
333031445
140601236
427439122
951773785
2055611371
934588394
1761482729
898102654
398111644
1030514545
1971029758
1553950168
1581441000
468904507
515031828
862397301
484535796
321976376
2011162225
474006277
286472269
1191164198
413737372
783257272
586879633
1639909751
1136558339
614421921
328184424
676400475
81018039
1159529633
272933626
2078019131
331386120
233965225
1837579791
282304008
1520830985
984837128
998813418
837420153
1899204834
687201282
2129525969
950727192
925020900
2121747537
287251570
2090892609
1950198609
1596948782
168692410
1426286309
72736066
1851282987
393146126
1746380087
431217354
1184812616
1266304444
1719024031
145355424
181267373
930222418
2007321489
1527924381
694440098
339940851
142577120
446785845
1789241254
1304107804
1527507624
1427539261
1641599757
2062366139
713455391
1433537217
1602479707
679287477
1836822641
1769727529
194438452
1470789958
989265790
1258438047
1536576708
924146926
384140664
1750710375
704013219
1616156512
1827549194
1338526772
1224233389
1335309280
1210062266
1839436694
75104410
1487532178
1626872252
487304341
592036945
249151708
1784600643
1061920483
430885613
1800165291
425712553
638077345
1140282687
2005383732
981145434
411490844
687716120
1610733934
1116843253
477350398
1907695262
347157742
680458267
1857250542
1945052697
62358777
2014241588
1088739382
1672162008
73362522
1952613111
1549846346
2002808418
918958935
1316223852
1000106841
148110890
1856670059
1596631964
2130327818
2099995601
905531332
185639388
1513164442
67968422
231828384
1796888676
865266285
113237731
1389862908
294762865
781986038
1834588044
198406263
1095068489
1062488982
825181536
1873677104
809329884
740902361
148278098
