5700
777708689
967041904
781965709
1012078057
1629464849
2145667793
636375318
1964854341
1609434564
2018410640
522191011
1025448342
402884080
690141453
370696880
1963497601
1317815530
937650552
1513254606
59391423
421226929
1602612184
110786523
914587567
610314389
1610312503
850497968
1439057733
548654397
1322457234
1923055806
1782589521
640634267
131507713
1012674228
1702519006
3334999
396495898
630827577
42050080
306654931
1498912041
857189298
1785110864
1853579538
598815297
436839665
1537764956
1064693147
1221596928
1616402074
1291425103
1452361074
1464573487
950529549
1089537656
8231165
2048947489
1261153563
1096271428
956342735
138482109
1416631942
1038378495
1888253484
1269328990
526689705
1398096699
1418092974
1123026435
1611533183
1291489509
1832306907
529150985
1483339347
65087390
1786450530
98677689
2033016443
334437577
577935971
465536863
1546018173
946021485
327134124
1014503983
103451765
2118629431
756384420
964734057
1385884088
1552615405
955012938
1630406641
1118193499
646754952
2018799471
477985830
647184756
923944255
1736522032
1340678831
930790544
515081365
449146051
1248357129
1006365568
300907658
1339635537
1893592951
982703660
1211848803
392391817
2069074026
140154592
1987838836
1763623336
75880945
857975263
209424598
118755082
1532997314
1508401789
1577806920
1250073311
2032614771
2127000007
1705267741
1328507567
909982698
969811263
1467289330
1878302460
1383033892
1945838643
1223756120
696898539
620718192
1979889340
1108316253
1050578087
1268692851
511546189
579663084
1652532525
1992370253
2135635429
1587440148
1033948305
2093381561
1913699712
866757779
1367541581
748436135
1742557831
380728168
395393392
1805194355
1344083296
1128769712
816560411
24260995
1864602687
2062968999
423356450
273419399
1555483058
842058508
399038293
369588803
656646821
419197668
36040663
1997274611
1065684232
581232296
2138350971
2045797713
1611042220
1760145568
458371430
1182969182
218848896
70797171
1353339971
1775250970
641930581
866303398
684204100
334434017
886362416
1952725631
626903928
996803393
1072296336
1910782552
1784449513
223301131
1895912472
71931424
2123722793
268701386
898898648
1154372796
3956136
572314899
1404369547
337986015
1418063445
94141790
326308187
1214402406
666465627
1931105590
787039248
351714783
87031636
1064339201
788735368
544344802
1691966622
1907609405
857760775
551070672
1174418192
1045788459
1574944813
1082231864
1294342468
930126558
1098549858
2055952050
1559279528
560182258
708422169
253396365
1212216193
1039625935
229452492
615594567
95232272
125028019
829379536
621928049
985087357
1076128078
1281115445
1631423365
121123195
1777165305
2034704024
155138928
798563166
749803303
1247128954
160743559
512991543
1768452966
676045667
1764132418
894585705
854490349
1764643858
1340020924
48883387
614471653
768211851
1863546271
1111813755
303111579
499223829
437068891
1740242608
1379383132
99747942
1982272940
363220709
1938752456
756177126
1192119503
25506771
1976697504
1721285480
2094485316
689809829
957335861
68070466
1320770807
830400198
687472159
1092378167
1449160889
1738863987
1181654647
649377739
1290209377
482236058
274598137
636148381
1000912206
2116791167
1884181338
1394225246
675181584
326264959
903669143
908722732
2081803642
981176006
1472159425
349542051
624147944
1284992873
535085408
1879168833
785671861
215970988
460842801
625573831
1438156046
447673586
514080099
1107874754
1695658922
1628179600
1730005355
357686584
1981706729
1576632432
1737323794
1917989404
2108093542
583706602
153264649
1557349326
1739308446
414343014
933955446
94254205
1521941927
1659241075
1471272063
212612428
425835211
701328825
1430724218
1932291418
1505608084
819530165
1295029066
2139645714
1333091590
1387715834
1768191834
296748880
244438873
1572840913
1691347015
102107893
1509540158
1284832586
1233742413
1239813453
1641546539
2097774806
1605418020
723326620
1799140614
1368130722
1784476409
994947592
1399373482
393137826
991551211
1274579968
1582645173
511956848
1402320815
528652421
1093124190
614929843
1077940186
1643233583
1583622411
300928971
230363664
1488526310
852329393
6420067
908068067
2029889640
2131133114
739804751
574101260
937203532
1260573129
788656949
1575646080
1885083614
1987718823
1432852847
1715510883
651144791
523126892
1721317589
42080329
1100550667
1240754344
1865774613
1762151256
55481379
1406395083
1890084298
59489962
711986530
1554664767
1402543804
2110493662
385045656
40272102
421483344
1687177603
907099323
1913348659
146404541
2049624362
953949015
78344257
2132794436
145799816
1112069800
1403919962
203652800
1633099770
1165196328
1758458682
1006806493
1668037285
1023958606
1802400200
983249506
1418835830
953858851
1842399560
1964893990
116924963
1993468604
1111379337
2029533892
1098687109
1484133526
148092758
214839760
413794356
109407937
1948789785
1652375924
1723723491
2015036482
334696147
1195456825
1408475930
1527775806
1241749618
1630811584
1735699830
123768546
1727739677
1468177130
1685135420
930949183
1230747469
885790169
1174403655
865175787
983184376
1766500078
2139675719
1978275884
721931852
209237259
1050149989
180412118
1451306673
1544496883
1176343307
232457729
1224068146
2018805155
439948886
746577293
720895384
64366342
382885726
2054318469
866570473
381968292
845192523
884373919
375565335
1682619772
425771768
1024083591
1071494486
39668041
2115777021
756914273
926483137
2056507942
1803595572
1487893817
2097124230
617365190
552247239
1910200020
1257246551
1248651231
2011335762
1124002159
614878950
859830974
334425522
364990953
978693247
50389748
532365679
1726282703
870652915
953466253
569730440
1923936116
333318765
805753353
2137144614
1975431337
2126448583
864163354
248159334
847881377
1415788058
195081754
914455816
1667039361
776962424
1745529055
1650752103
1031094087
2127995239
628902324
1012372986
157949990
975495276
829290879
1885160179
428223742
593800208
867551771
1753987970
246466604
223145368
811348079
1413520471
1756611463
378153559
33341018
2031339719
1321565625
663972654
1596712195
992647186
1365281052
949743016
326811562
2108442644
512874922
728931346
785507522
1933097678
1040612244
1312836878
737952145
828537396
1782698281
1765133449
1901787915
1498219583
8739168
173714461
349919594
1789943748
1225981392
399366712
1986509162
1570961318
93513928
166265783
304908035
1789575223
1132848299
198687532
1579827134
2008457901
1691172959
575891966
481131555
1942041109
678510448
1565853549
1197867886
33400494
971968212
44931629
351659147
814752562
1836532698
211189679
485595335
368197613
1403380358
1214938291
1147809358
323280937
928836536
1457034644
1731885560
552619480
1686794933
1208069816
544231822
1980996933
1187200186
185726034
642436819
174349015
45803071
1778846472
1684445344
1698659697
633508130
1333004264
1490105849
1674355871
1654070293
489959725
920414147
456432377
317185826
1746765247
1957333956
990651379
1495200655
2112097792
780993995
1463029532
1175716085
796849155
896381657
1200592093
1383240712
1937793980
731669224
1460795985
1270676753
284242580
1165581275
1254391332
150254892
610357500
429253206
1552256068
1393642977
1979580815
1711525263
476199516
1770972780
1084152350
1319968909
1183517608
1803364918
920292102
1521265899
2063924803
832034665
1146384500
1556135126
1733811811
1309789382
1049881035
2098251056
1503322841
1926996012
1909881442
1218388052
1600164181
1867431098
862827000
2095042458
35842863
1246103732
1683610581
1007502907
1710284972
902632627
334657646
1895054114
104730122
900649231
999128313
1729070040
131448733
1380764731
1496734603
2112681372
370294083
357038435
10867661
1693733080
77160543
1436810871
1321962183
1992897125
1979674088
86903343
89811815
429985455
315702417
1091580629
1894305466
2080781146
1806081989
1536842694
492137396
463524198
1946033318
1835640010
1094848639
1035931648
448980479
943152914
848634347
1601513148
1618878609
1169722415
588440470
625901248
1783918361
823583877
1430227056
2024332989
1947256564
1907123396
1859849037
1257413482
714968144
1238000916
124243613
1696912207
1668085217
745879195
239928519
1005760552
1416739369
18696641
625336554
2001121580
1667826313
612293962
284069458
902233453
1515628610
1643197359
1784672555
322551387
1244969188
1619939679
1240149782
448954812
603406780
599540726
874905159
336700295
321217674
1187049262
664321862
79610191
1818801180
120153106
1115642908
1294414680
227792832
32358120
355332247
2051641156
1539405937
995790212
1456094058
1010250378
525104211
568900931
1462425006
1792332875
1417829147
944574935
835531508
549658623
588329681
1932010215
1928555061
912807767
223445827
450880196
286967173
1295252647
195930905
709602440
1377573604
626361690
797408094
788257360
1818684397
641668046
337452070
537256773
1911049745
1416444341
1393440980
1952318036
1397660549
1695335090
1698853912
2045207519
259713701
976717255
1343366247
176413896
1813073673
1352745093
967989285
1015818194
1631117583
162363615
2131042798
272215122
867995254
1124558598
672083133
1672137761
232632940
1458890892
527669302
592100059
1078556260
1857911250
1551310142
1015405195
834795901
43923617
1043036507
1288938302
1697399078
2028203686
696525850
1597968473
1658057123
266609420
322259575
1186371500
987090405
481178960
2036208452
1133291337
1136787409
711819123
1881091020
649177943
698820852
747995121
1197382550
223386915
1456945655
1074859043
1998184645
462887152
953619355
1707969168
1791448313
1301412858
1628040914
857421136
1936185375
153586497
29985924
712729496
453625448
341320078
1304178328
1234558241
1268659025
1863214502
1213814632
1462645570
908160599
1340606567
598626981
504505376
641191684
662702940
1486062883
135922759
1904200134
367234690
1000572239
1987326258
2029669223
704259966
1785002880
1117031202
1040866703
315276935
154683961
88144028
1538069328
514192842
1807351244
391376559
1202371850
2086606567
1718289845
971900242
379741446
786205115
831501304
1911525342
418419507
57201241
1918272928
1689468991
93477329
525145862
813151067
1780666748
189114759
1633562518
866027778
308197557
122154483
1615149510
2098038402
189915342
1278472513
1047312780
1326335948
615148477
1386219797
1620786604
1960719586
651197723
1614645870
1281658692
1122564862
1267993749
693798366
263874316
272747363
1701494741
734448673
319138842
929850595
607571163
20789760
458308108
2108089234
1823466619
714231024
170864442
352672010
1638343702
1544093315
354534125
1188048010
209653858
508488203
1047569407
817251242
72390604
650164077
1299439181
1619259998
156638156
481808451
1551714793
2133832357
1146455081
415390715
1319731414
623748619
937580660
96895830
536960234
1595595916
1936777982
724696604
108330761
1525769748
1045649969
175564262
1113152684
722872693
987370548
1630983050
1227970051
95520217
1877983065
211632696
631985395
1675868708
967484959
965360830
2078044842
1703286231
1466693649
1078874390
417474047
1665790146
675683595
1104727358
1362328092
572943356
612568831
391725796
822791165
673577169
1162066831
1685410806
644944228
1136962242
1364291617
525584109
1418962693
1815105145
1884965427
685630155
741189164
970672721
1945219724
448271267
887997379
1408452387
2009980823
1066587843
669103605
1349296086
1356553954
1033170654
319824529
695441825
1021290654
1371529235
982128114
338978083
1652799543
374322409
1264386135
839574947
1941942313
758581698
955137112
1179337202
717259587
1257791937
1164516745
1341406225
1669375836
87933623
1107855038
532435527
1114427205
1940887741
69535585
1074439907
713928056
548135922
1611694860
1166848047
1003470223
2057218924
854089435
1681502505
740431803
1843182182
547829688
1840577015
205867393
167879530
736043252
723513166
1799567753
351407572
816147108
1435294598
1370034340
818104548
341372712
1164150427
935079092
1089022236
671869546
1244173815
1745033886
103492442
1266308842
2033759591
832280794
2013389357
1385551206
589858596
1677107478
891136353
131078619
77224859
1202944898
2079826529
1634525751
813347397
645060630
2003695798
541357361
515146202
1973088535
1250717157
310355878
999180283
1579529622
700591649
485911330
1224794598
632421228
1994779699
2046420116
1551445286
1798355369
1082738116
1282607539
1083535083
1000819380
876376004
979290107
59737292
966768265
109259408
969978506
2415883
1811940695
173801044
398801102
938292892
1193384163
760921810
2909221
1664166255
622956453
1282889835
1924538012
728856329
679685859
1490150339
403243196
451945063
1851610255
181207645
1462544495
1689014347
57405854
1828684324
1527813764
1164046210
1098812486
1469991636
1815647705
1597909353
282905392
136286502
448243811
387553674
56231438
1475892253
818052762
589909653
1559290118
812982245
1178760441
674730507
1608511140
953097062
301079120
1939175687
408967686
1589533717
1017921199
353778702
1848613151
1089110396
129403133
1434802013
1883580234
767203966
116430065
1126724475
556615401
1478840658
66099785
1325274337
10603581
390225786
1463196263
982127955
689565453
2088651233
549394100
1595990699
371860956
1198614043
1230917265
616728601
179111701
1031480581
443352615
1337359905
332280852
778217667
24106095
557400848
1345342131
1985847175
1099036985
548190828
1887887451
419326178
1684847534
1071404684
1495106414
531267970
829706313
1845888955
1642382945
962213704
1208174522
309916805
1824411947
813868557
947749901
1354431186
1742797868
657128291
363051061
1699084144
1414394383
676201326
2098228536
1527633505
242211271
13171784
2104987878
1327524715
1629293024
2033758998
225545365
1892684254
1498792314
1967515558
1975181845
1777997097
1664576286
738326893
636572422
1545200015
1857939250
538237678
1660391249
603585341
889970123
899501681
440953368
519290689
890444142
1053059608
1705154822
969862240
546695330
388326538
1855322776
577892887
949651661
1766500509
1771791217
179571039
42571787
10564091
1283454442
63051135
1297125373
358822115
873266953
380062561
805390056
1327167340
552951242
1605018327
25656204
1300180117
1278308478
391253346
1127048698
1586055479
1326615447
486307893
365449887
600267861
997652512
1143182047
327566344
1208620704
78084439
1450598650
1316330989
162537441
1099389707
1914540259
1040176736
1156559395
1558186113
614112644
330313920
1419738773
951134731
1607644511
1103069233
253745483
495864698
670460804
1946022052
1478831652
120785463
504835951
1439947430
927251606
2073480183
1415286160
1043504277
507812882
434699447
635647813
1013874007
156239857
1929303191
495702907
119182917
1716581489
81503952
1273468528
2015348187
936372772
1595717473
1171694127
258451837
853224180
103913968
1649684255
1737793489
647372130
527046463
791182311
509596579
1328677367
1208130472
2035320143
1817595181
1295052460
897068618
789350282
97389806
1425281890
1569516967
1319519625
1628188077
1236682337
1753618316
102767026
599068469
1513347102
407672260
488492481
1136625576
1549840360
456725980
997735306
1447304890
279818212
1903470049
470594811
413224761
612262319
536271922
1014576116
1989005730
1049618973
1682605073
529945401
701623935
389170568
2019677587
1101008448
243325032
424987809
904082028
1780369872
1756040772
1216806954
209153364
415114150
513983929
724475194
1187157858
1600981808
1426808053
1062467980
97539791
354853326
1745671634
193308659
719111464
1778803401
1864652597
745825433
461559184
105780187
1328199636
1393051811
1685668486
53607765
1481248764
2110801779
992412948
895216146
196826215
1405940193
1048072728
1849028695
1732573237
1706525547
461185281
170787211
2056492704
1040594359
1652177521
1464025803
346400467
252632351
1698024839
407776499
94581739
2043202786
1734905564
647263430
1134207277
1456407516
1046240890
1952037850
918254391
509845412
887191067
2017331088
197665416
55941708
618864550
1381696167
697824763
264883534
939848573
1227949330
1218569342
302530128
617717203
227861397
833191861
1787737072
103034439
166693081
1388766798
1405718729
378858763
1514165545
673365525
116652308
701676028
1735608155
1742681617
817905114
837939676
29092808
1992757481
2072613250
1993989618
986060335
1702606684
200279164
1645848791
699228283
335237656
668977349
1636687351
801928230
460844082
1596243699
1734307531
1184176555
1150852484
1875593679
1980056004
1405227301
442350781
1202678465
1930512523
2052305563
402725234
1874536094
733093263
1541953079
38485770
1551184027
166865686
1059161108
855031342
312532998
1910331647
350678351
1994030982
1171286978
433472407
1601710990
498343400
300576424
1904474242
190728667
2089502892
801354609
1323384592
1533940743
1774660980
135154052
555115636
506212368
607054605
1325326627
1424397061
2080636239
606997283
1579773777
1721348332
1256340875
148243802
1362500141
1366017330
1961133217
674613265
2100260228
615179969
619606284
1153453134
826988194
46969567
353741827
127610583
1261201642
786713239
133542403
567169782
130476508
285333972
656171738
1550683268
488187200
1109697807
903895468
1777685087
271157781
1015586785
1091702143
2033416315
1707150772
1027115822
823704013
1546973686
998660336
938318634
1697385915
198286265
171588631
1986373138
1132176782
1787760316
1224108820
410573265
1932872163
1739815348
1685029325
710408941
1115355452
92374055
2086359133
1786522122
192525883
1270233098
473722685
552678093
1089610240
1501688841
737418121
365126144
597941064
408249926
530275260
1148838759
2133632710
50040288
2101635785
1587980386
772562811
177849919
577072587
129291835
161394375
1565448156
1238200101
1883159506
1408994701
810161064
774153061
391401675
382700298
827553144
1142486302
2084256510
1667030619
1776143586
1786239303
1934712060
1425423730
668725500
362179546
484109487
811892433
1857157568
1720243065
749015236
2009596074
79397543
1305079263
1166411775
1269225931
1744827568
1276396742
602134056
1996017956
1322113226
458049855
780827606
220339938
1461072400
75749372
1161474904
233698340
696311773
1730348596
1215969209
347720456
458426435
2023372241
1582207641
757235675
1147177591
182153465
1672180418
10760209
207714358
858853120
1249741401
767419345
1696897302
2047582365
1482355892
977927426
1027077204
1334387537
1375872304
937193639
817914565
1469480718
468737260
1511507494
475605471
1001146700
947431868
1812586563
2012519580
256365019
1340369734
1119980748
1171703674
2002876084
390488739
7200126
1810047295
742474008
1992902586
880297818
2073446026
405981353
1080223529
573213721
1059371621
1152999614
469027307
949053781
1482142270
2063960900
100885059
191697252
1474357012
1938601698
1514979927
1713400677
1912500228
734282168
1671944929
1588599739
1466410173
2015413745
1320501511
537023394
1067190094
731557456
621444248
2008050257
1540175620
890835566
580968046
215694523
935127522
1581505181
1198579368
43210172
520117
1717447776
2067989245
696639165
997669732
116006658
1910459568
1237276543
1058010751
116832001
971255598
1987385084
45849061
1561930600
11406883
1256624798
2122387826
2134012099
433603567
1619488642
1583867181
1648496311
1090563935
1136876196
624848006
1403468523
1486277148
634169398
1151076253
1079066290
413091765
117882078
1117282833
763372001
880097934
381500736
1003535681
433496182
1991361391
167315250
1786004040
882795919
780355204
878964879
1496341646
1413451902
165489342
994857185
183901143
1410105496
470359840
1274630350
649174591
77785545
1480780275
1403060883
539788006
558051536
875019728
1349599756
1702126737
1201606407
1977751877
1883004265
1245600447
1052802911
1713056788
1383761188
1088455865
1825174014
903529914
1752237125
1788517305
846252131
1688128405
393232546
654740799
2117278461
1393768307
1849262831
212475108
1214890825
1928568283
1874691975
448958275
1282912743
750730112
713348614
2122537857
980912688
537431258
221438544
1948313111
1206421000
1397320438
632615899
505430700
1962648294
1011135138
969791144
595918543
255989084
1109291671
1825526603
2140533668
1906181616
1987289412
1869770558
739385547
1014404336
1121606538
64976039
818843137
1078994691
743680748
1897317288
701904307
403306816
374854522
1443588493
2135226195
1998716252
457583135
635470135
1479971116
2071985598
539063138
1943690245
1145217834
1634273925
1034012997
380924326
756988120
1264332011
1891961139
271390769
1545558886
1723425808
1093061362
246940769
1030827155
288614590
730390107
1281921647
218302510
1110489611
588599748
2135217556
1060777616
1582461398
1677918374
72511697
1101625181
1116954642
509978866
1741567679
505711352
1064235048
806521348
1780453965
480781622
1807438949
950176565
574142075
917528542
703888100
1253763253
1664390910
146146329
1910065436
1508207501
337881165
1823204795
1801199680
1147217575
907569200
175457406
654813808
2088025501
1705291096
1903048471
1125707192
1558917710
974700578
943660245
330279094
545537096
2113223479
777263261
1872099188
1145120226
1495315075
1550946815
306200271
1352086378
647111964
1744748774
382099778
498110529
1413559292
1723809502
1723284196
587515514
1431118627
1322557741
315057615
1118944209
1533780500
1895898128
1786529343
1159608615
1037064945
1363422268
1259626266
1636759439
685657048
1007306980
84798837
1014445949
1796466311
608739112
1657589196
879615545
1891825929
687723196
1241556918
718282041
1095065007
380684613
613179957
758816488
360674086
1403419789
886038526
19021459
1755405582
1671943205
877986687
318063848
825756718
307267586
453049291
776875984
1103040151
1493175054
806017054
752942944
621029293
1067809987
219702320
1978404164
600682739
1170187223
117591391
940927480
2119483901
1393160258
2128645456
1002292124
1162092653
1164936720
1897930712
66180087
588052668
1811762851
797113863
809719582
1333943815
481039297
235627359
837978380
1422693073
352035247
1777555685
1794190500
1038424147
2071458021
1425115868
896014642
1005357041
576805223
1445749576
512250168
1221276304
433114041
492597271
1334878242
1252886836
835785746
868158856
873513372
1024281930
1124475972
697982009
1687359022
1763215559
1855677991
1983085444
955626271
1080512077
72488253
993529735
635203402
2047951325
1604887029
1539050494
751033042
592701538
1395923699
1510787418
777991137
1780138200
593797101
918184126
1527363124
14295958
537779197
374886461
1295284308
407759663
506234647
1117152969
232379019
214754474
1770123563
779286899
1528777996
167905151
1069454345
2087149176
91166112
284980736
85241236
546288171
393346806
2041005458
606855665
401531630
1098057037
970591988
1905190403
1360004581
685072045
1901282901
1959539131
1231418030
1214648158
1930255333
664975789
233449437
2121402679
1098884037
229880419
1016854277
967430556
880543351
2102548969
1470167502
1845211026
1148877043
204130738
837274863
380461609
1078148390
1352192489
2018383181
186539757
2131290626
178772704
1500171293
1337694052
1914911743
1305792382
289264281
1422772374
1320922272
1858801565
623234879
1089163212
1625084875
1182099972
1738363151
1962314265
1987415856
1306271556
1784691851
1806809487
838922952
745073533
1488617325
1863414969
2040791339
206182455
1256262946
1503042436
548547572
1724749725
2119574350
974706276
1453955993
2091722225
2121913674
881499226
1473789908
1415869522
730325385
1650442435
1358604315
1657428651
895732877
1096780510
1615176597
1883640349
179586615
1875595758
460040609
1595504332
1810814275
149071356
55511525
760828661
1158990931
1827535817
1395778717
1733079162
671253818
471393508
575990405
1024209733
1012000267
193252480
1544938980
274365444
955329812
1916646
599722587
365859277
2125399256
47625874
1314393163
243881024
840753353
1847653201
904528641
768538362
1044947258
1685444663
1187450682
1878884857
2028896110
873320869
1216793598
2121883008
870597257
1138934753
159942394
910746541
1587460863
575308142
1022116117
87554704
1976731572
764528779
135493022
326940315
1582375225
320916064
1843047352
368444658
1801662101
164772042
2061290993
792550798
939598327
944102542
1328630377
1944354268
627776525
672641971
1597373399
2019043850
1086396692
2063898586
102095044
1157691516
73163857
1327852606
1239248058
660284222
1623938348
1535759418
2047743844
350118475
879776394
1318809983
515970670
917425772
1474633713
1540532752
2139837502
992987843
677605658
778434243
1584595116
884078469
9684569
582793641
1550316030
445983655
1531154779
948870104
1506790394
1951889432
1789108342
599290779
114749671
1277833386
1104139227
972010415
1012349365
1086717901
1166088525
933060717
524645892
1817640890
1944760475
1984532080
2109125828
1484381422
853784406
857761992
1169052608
1566769324
916323901
1815723938
1795545346
342410071
978002941
661396928
182423976
1950983678
791739042
630482807
406125438
1067947322
902706060
425394212
1580332068
609301362
667964203
1889499533
707637792
1142041322
817622469
466864417
2016576744
1575192561
1850223572
2125465218
170220680
1886722829
1351521716
1506259431
1656625874
1965614005
1968187431
78217841
849455834
1018790410
11579645
1012055023
1594810822
82096505
15299182
434048446
1722754710
278055570
966004869
2038298758
171696854
1645497834
1179567226
836156645
1137293940
825128347
1536874711
2015613334
1084918824
1422905362
133590699
762241253
1056389633
442884588
911378657
360075362
1626487083
1793904862
1445355817
535121452
1033103980
670176468
1954612056
2024236887
783399469
1491284855
1016738497
71345645
441518449
320962908
1166251411
1093875688
903273711
2104749321
1169893804
1067162905
115693120
1771032772
1015021637
2085379242
785904635
1016188217
1542079232
1825719478
1525651799
1096788682
2112323418
1844064146
73359129
101467432
828128039
236016202
9120687
259423450
1942737252
1509495532
988353360
2088513760
1996985761
1623680782
1326874631
607797904
1636188355
439138690
449979067
1358077466
1260692742
813193433
1152100890
1934708163
1328589442
1827958199
492454989
132748401
1740608284
619870485
785049202
1793330867
1701873392
168909399
1024941231
2079776279
970745984
677764507
1924604668
1054923576
1913909593
693031457
1784349963
314625834
699209070
568174712
1174701773
750892925
1845538897
1205639251
67769353
951389726
2086238416
1620791162
1205402084
1549016522
2096446848
415967197
1432757643
1476483850
1473866013
886301968
190754204
570607321
2140917197
757726157
961094156
525228181
291552070
1380933500
1139319878
119632117
1886345483
4708331
592627623
213668704
249383967
963240176
1665743220
481995004
1676845650
882184053
1871196539
1369573943
604440349
49741856
450537936
1029673379
616120219
1839713772
2028298115
1133344224
1937895144
193400771
1337563899
41528334
63087194
1407344451
392216410
788959649
2089952630
445540012
850502610
1369349978
363273937
1849390913
1172353831
9708132
501347243
1106159556
1281086573
107348091
890696891
514357788
1352866472
1484947348
1977209303
1382156795
1844395502
1564547806
1126913675
766100327
211212936
1038899808
688549570
1632149662
390298246
1674885100
1040806478
1903751137
942105789
1166378680
925415747
2086118089
42284474
1398073173
1717008549
1029252011
1174028230
547864996
656139928
1202369563
639415221
1499645663
1275307477
1703498581
1914605617
690060141
1922923297
1656171530
491149926
1944865287
987580613
1146653526
573480666
507944380
971723540
279010900
131938439
613286699
528468995
1289500809
820208171
1740854403
1745594587
1081336508
299339257
1610017311
487570626
1472753647
1704592817
1387320839
270737039
834198811
1928680297
1036920133
743035837
1995060830
2018210264
1567369888
1818019180
301286792
1461764977
228249797
1013185633
1002686679
578147392
1185870982
115615126
260452391
1073799454
355321648
1849712031
2110448822
1568155626
879376489
896615968
2120226173
272498877
1561159954
577921359
1288245078
249543894
1726162132
803649049
1261443502
284708807
258172172
848673921
1541266963
52936648
210885276
713134730
425678199
1643142410
233603095
1316452196
1369652939
929743677
1799500916
2082181246
142089581
1692508254
57302288
361821486
166969094
310789684
855019404
2029978532
1030572633
1418658338
1427588350
626326604
1976751303
1311784266
1863095055
1254942473
1816363319
1476486383
2023485223
1959706222
1710695919
1887345202
707000366
771024053
1050442501
41429875
1392986348
1980948472
745984174
1449186170
2034717254
490692065
329534739
1351336506
1699233206
369262844
571847435
1871408356
1121376010
334066477
903917664
1392649848
715751178
1390429205
1001763770
1817542538
901064178
785583020
1130515110
1473605330
768560351
1110923110
2087258353
1040728406
87429307
356441615
618132838
32264878
2025274515
2123660330
816218482
1780518255
508519290
832862254
268699173
1610920715
607781525
361828036
2132790213
1359113297
713796591
1662273277
840144602
860889513
1804548225
783289976
2075770625
681483127
1430192757
1873649175
1045941594
910322085
1213409036
1133323702
153526830
193598751
1736298816
547799262
1038164902
1410471649
999197751
1641919052
1973580849
487037273
1867881637
275179867
477933577
1634402044
138437753
264490233
1599157319
1652765829
1187498853
1395806480
261319853
114477069
1139389025
183718314
213854708
318753052
1862692317
1122515024
325812270
759132544
1100695273
992536415
100871358
1022793151
1416824571
1448275671
1531675889
1566563418
2080737443
1349716039
1526918162
1126743791
803165051
210361179
822071736
571888147
1124744365
634194339
593049530
1357043114
1502614160
350585745
1614922037
514133384
290475506
546055145
1683900323
103964836
42061107
2080740522
1786837570
688702146
240752065
1696496317
701629375
1015898986
1752145627
1181280907
1603188831
1495082747
1637524342
1503405162
1034439719
1684792976
958135471
18323572
1470829090
481785937
454329439
246035225
192364852
475234289
2036039286
1893658845
729039686
29558347
368086058
1194310504
1543998256
1104468586
1684121020
681544991
641200891
106150238
1503534222
2002574719
898015870
1559969328
1473226260
1865242051
254180576
1602394867
502426962
864275633
1289426890
1722685512
17116590
2101447360
99104959
1199070736
919229580
658757388
345693167
176456526
540224583
1006553817
1326760495
53077661
1269698102
1300655616
371427225
613076545
1437637706
1283922905
1292648765
1883689293
1610024060
1104031292
1632936957
1534723628
236014023
1092875007
28488189
198835297
1341626297
592963392
2137780710
1474395240
1098816341
276839521
361573501
35393357
128247423
579707895
1971565260
952258544
1523734865
1802789786
12659980
2012742223
1463981354
1900786184
53669911
102560917
989034048
1038375677
309713979
1589749459
1787860625
1853336285
1775223597
32553879
1827985216
1127195645
857167481
1117663122
117109655
90798679
684957095
1479367389
1064704756
917723013
1576793185
605993045
1431016200
1504077777
1004638527
1310094830
398877280
1222520172
1860932375
227331550
459145787
2003705270
116299717
832120158
1934170315
559318154
580352
879293978
1783970818
1637462371
1024187246
1762885214
731691891
1454533387
882674105
396048506
1708356106
1967959012
777190957
604904408
839098777
1682023982
1833089007
718644454
1756615593
1006112948
158622265
1298638223
378455263
1181334094
33170224
1068031239
1808160382
1680828106
1030189542
2138200216
1334479077
101970633
1049982189
2093652773
856522257
969916480
1203562445
1518571175
1437434727
464349762
2114882203
1410218785
1711154299
368624167
1544754834
1047873400
1233732703
842601132
1631305199
126828935
1463894339
1599581439
1898721481
127512257
1992105414
1928576101
1030171832
1854792768
1618457366
1396990942
1613140349
262186597
694873014
571088867
2135425240
1249743430
1451230634
1882223948
1649869721
1391414521
1785584735
1960895486
1591588942
482704365
985545625
2045256524
1514474002
988382657
1456683118
711894729
1621978502
229841461
1843762475
807758438
1950951515
766345720
1729440300
237504016
1088495242
354334596
1220827392
1878329984
1263348100
599869263
446137922
771597761
80279031
893515667
529636342
409833167
1580099992
607271152
468095904
736901618
255758900
943742654
1413286077
725112131
1111628722
665231123
305648375
866028831
879382002
14801655
1010870348
1097635692
528192421
48312054
1957480262
1017219354
1768589323
520047342
1047833007
222065015
582258039
423007005
1406647777
1638547154
1281157992
2015430388
761604644
1089727173
848786719
930411252
771921438
896396942
1632220941
1959749570
44694813
1405746799
1403760257
398293840
45582560
495718220
7407183
1125470192
1069577167
1023648224
1208213006
785376756
2047603272
1544181680
309991471
1588900541
1491543563
1575538242
386805814
55050698
338499487
266519801
1459918966
797777068
779860303
1930135450
1241948476
1867332382
1974399192
354657214
303818317
783563598
962242999
90236103
1233864147
1295262378
85782458
1294047195
487349666
583034214
784404711
1940658244
1758630582
798095164
776783925
2000397342
1998233172
600122083
3174176
1287354262
1258529986
1698835393
1072904351
1655779904
312267762
931247309
1003778746
1391952669
1865451782
702411073
2012926232
1644829638
989200115
1984011577
1911209914
566488697
1332905098
52804949
1931262997
143700140
267598642
1223632743
1672263849
221423715
531127440
1809633923
1413187116
1516093484
856361250
1893199790
1614497346
1955128081
1482071699
211208494
402646473
930521344
1660851546
698575797
1410113341
1612061547
1512695756
1660360216
691504152
1786591407
1650262026
1442542021
794562595
1658659193
379268613
1474466626
1786102633
1668416482
627615261
1197916701
1746650158
1485775002
1245054696
1696794774
158763344
1191714422
1675520049
1372949806
2078837881
945334074
1962995836
184332771
281216130
453725051
1260319603
2069888310
1988077593
1426108116
1569167513
1983236392
1276671670
2019032244
758778044
951500076
557222986
47817751
185017656
1460669669
873528025
1256545223
693880134
1187348835
536128695
1006923466
1128037599
162810080
898518687
1214337235
1780214384
1376227184
1613710035
2072345070
945065403
1351605845
1231460842
1709083474
909059478
1007568225
1583814260
665566065
863934038
19155705
1892890151
890538492
804935738
1874436954
1722303805
71941240
681602379
600355328
1260484458
833724995
1082646554
1419956683
344722236
1161863502
1068288378
652043265
421884841
658442562
1247731437
305703566
2000456336
2044539248
1804645
1710319168
586074851
2014763806
1622967001
1930313943
1576702808
696704834
1795423351
1700395878
339701664
770450039
1605324188
1490774153
1906666521
440455298
1884891492
1119628052
71593564
1550115248
1637113224
1370439425
1606719718
1501357591
1271404491
2064140818
2098246939
2118523481
779531518
2127868634
2073273531
1069597602
1974998729
1181188680
2002377977
363975846
1641054805
501812015
1502603266
1201461389
1961690614
1788566222
1593241715
2012686412
590243815
614756554
168317392
813000356
2102107348
72302566
1419850858
1299465223
1848952030
2144630146
925839083
94210910
1749005081
1742473927
24571942
1846179243
109509533
638098471
187560569
1111770885
860129491
1509788170
1891644579
1654927945
1410382614
1316020431
1656421813
1790149963
1359941065
16386347
74818888
1951210951
70338161
1013858418
1890674644
325133518
970598992
247191765
956907353
1364988829
1816706285
810893649
388679257
1850867489
1196754542
1146934970
217129525
1898917314
1244094912
769817341
1520104687
391049609
145969840
262403578
7624633
2130300434
517923924
1759583685
1936579892
2003559389
1532989295
586466966
1111071632
874816752
7710806
1216576369
581385970
945869103
886003023
137428435
1024992165
717208098
1593576757
300781207
235173952
1614073810
704224533
1326185925
1537894406
1350988947
1501804235
1785824043
136334639
1304107347
1626277770
391142937
1981999864
1123394053
1601754419
33439285
1226354627
1851920903
957621687
1469543249
2128805960
2096332746
2061331573
1447028180
1010206856
634671575
377340116
1626527505
575903486
1586086417
1072077977
519203119
655850990
2146151262
1559175673
1074262047
780140315
925998126
2122050001
333842684
249150590
1702245475
1190812259
1008564871
921875323
456247429
1914209486
1563811380
1607057079
743263793
1707248635
1419448154
156508355
1821282466
1284411922
506487754
2081559983
2067705065
903884796
1031449791
659254794
537646493
405566015
728890774
1978478697
440885164
1441226803
2066496993
438387758
1723930332
230951414
481394765
1507402683
1738594571
185605778
1584079725
346330726
79657845
454298183
180271605
223179495
1243608690
1619041565
1082505922
2010212848
1028250041
1980971101
1781725614
1718802311
426117261
1304004055
9889485
1857658413
1562295949
966636849
324245413
1096616095
342088500
1889813269
1647417142
1982837920
190084742
671368741
665222547
2001110070
514768193
130238229
234770646
1152620779
692524297
1342020828
632860044
1011766693
489130187
2030326855
348829169
656500963
706247870
1887018599
462867273
137879308
1785965293
1370801542
1972047254
111295584
1782736705
399944909
142058445
1319936042
2076716015
1276630407
1187892269
1818160512
800746906
452521437
504935588
1803550492
1854322503
119465700
1143020301
2004148301
455610238
549688141
843887884
1198854147
1462543222
1019464929
535453903
1504496388
1923922992
510927681
1362894084
1510366576
1242823168
1669665382
439339324
259227141
1321064923
1096794132
14134726
1286582191
914784257
1199850188
2094255355
664054752
1368444361
1653764093
1711077867
607769963
1285733679
1204171112
1036171786
255308145
832111797
1087399168
466414782
1955097376
1184040087
68501952
663894933
1990090019
2140666343
1568228950
766792411
1130996712
227965999
1745203065
152232344
52803597
817840205
2026731056
1151754780
1592266905
1398547859
530306565
206809472
587779375
358910398
1242913691
940130628
194930757
1479533843
571767208
1972864510
2003136910
80195357
808102198
1389662343
260919322
913934876
525274662
717022764
1761807490
644528193
920888956
1029828801
1039344530
739104624
1012531110
60243720
475750273
1635509497
1843426862
477072522
1218821093
2043775694
731970150
62558801
426069505
449950496
758800321
366255869
997079257
305030404
1295856328
1043920621
463578580
167307389
76879553
191364280
635881475
1859793493
602385707
1137844454
518645329
232036731
823263909
2090375968
408579404
107991492
185435730
471132595
1568737749
156250549
379946804
523770234
942066346
2052734379
981875443
1777522482
333859863
1889762370
1498303478
1610041151
1344268324
898732888
1147924423
2084939048
2129261354
1336453932
1387169028
454339934
1635122191
1420434291
1502984676
717671442
679745449
834953012
1082604154
2109543988
1503474321
1337282936
1093920394
2147027300
938306468
1944039660
680890446
547230924
834106936
2121591928
269370044
1350822007
427426809
687093627
240258831
204115400
1543518091
794813930
1273258999
8472738
1924538081
1504317749
923921149
1997618817
62535001
704217924
1198518174
1463609188
2001005979
126348310
1493847228
795166127
1142899778
351952022
596173653
1642456738
1392597642
2083851387
833984719
1056484077
449976210
1489724697
32234728
95573504
2111886091
223172219
538622012
2070472510
2052196363
919794481
371352127
32815534
1847070251
491214036
2138464213
1381854350
15785205
1846790212
1628252473
1118016344
1023530301
1106002369
516315281
1115172332
2026542028
1704859993
59793383
64153971
1934085017
417468070
1370933174
293087175
1698637779
1968346622
887223466
1721749551
1355626136
1925671824
930182804
1879959415
40786595
91713779
150592970
940437543
81511956
492949515
1942952605
1541542747
993360910
1570728047
1403281904
1247219630
1796365278
895320778
929733940
810414854
976171493
459460013
347496293
1630312937
26596229
136290713
320234521
1984296842
1513439240
1768590579
2044958007
1365976830
1828965239
774514940
859019567
603341443
1524912306
793589104
582412792
348128360
2124901290
647101750
1064006245
479276801
1570880457
314442236
1932309731
834714868
1366306381
1543958837
994736563
1624234292
1336102882
1116594158
1634665706
2029297690
841656316
468569911
1681773881
10790483
91822490
603879500
1261693289
928008855
662392551
671899837
695373632
2124401849
1821977365
451360511
2134751675
514010771
236667922
726103561
2048319085
1971706871
1466787150
1160532702
1199398193
1148656379
1574377981
2045964004
1182625071
1889027219
140721922
570938910
1616286615
937542677
1271897520
640926184
815964673
118480981
1081970003
1034200634
1770405033
1321749278
511483397
284427504
143910913
1799977501
904416025
428575567
2099945498
1796523654
670151795
1072231705
1362687477
1042568700
1997431230
711080246
963491345
408799761
2061831158
1630207523
704583367
387102995
1588686933
1669092944
693202574
41938442
251144698
81773496
434532842
1365012863
1568904297
1757316237
421394914
1705597089
683849233
896935893
1483821689
1326669531
2109944282
525560013
49418334
945243311
2048868859
921981960
1358262225
37353851
626571757
1974645565
1609906811
1875216957
255463727
1440203040
1020212651
748411629
989230298
1534731955
1252792553
1599088211
1021436367
1309097653
1358367651
1725449747
1924810790
26780124
2129570899
1397146473
1687860222
1918303098
460889475
522104563
651264083
457909691
1677761922
665993453
49451398
1562283387
1296835404
1612530215
1084135233
2020335371
1833665974
999046035
479745770
308345327
1293003033
1352756805
1457585554
1905470826
1044067789
1088984271
1052015258
470203644
254695087
2087348821
1163846020
1049275346
498859806
177273724
1728304355
1219088883
1338751190
380485260
579925961
1871853508
1708849908
395473815
1211394183
1433647931
1798899602
114150584
399524614
1643576015
1007178445
1027399258
2130979424
1804438158
825126874
801265487
1082514444
679243937
2122025042
1880392083
1822542141
2040653994
796023289
45287958
1423751625
1536202
1933163812
1278578940
181368345
301014351
274772706
222560754
74807656
159069572
1698560885
497661102
776449027
360126362
1238643618
1410618600
94119450
536372355
2084797639
1227854449
1273231506
346256731
2029103410
1777244700
2105540882
1177425473
1001517981
368334072
1963311808
1847823384
1733639358
1412133297
99437043
1091362501
892064228
2025796576
1606489241
1413378020
1445051242
1824918803
889783841
430691527
457085478
554630228
1867079979
21167230
1265753794
312653548
730777993
1584372343
11861754
682203209
1361071772
59235397
1051432050
411523767
1309703641
469984461
822835934
1713215200
1669758138
696095004
540362230
54922541
1840786206
648283167
780552261
45462659
967724404
911375287
1494032690
1201247283
1158397752
1815931878
40489626
341729962
842050825
665379902
2126667743
1479798492
1295177396
668416695
735376487
469585875
876861881
1960771954
407933040
1954471259
272532357
1859830277
431833338
1757081519
1211378645
1349059058
1885134025
1217292448
1022563945
815861458
1015892871
12452608
1604247035
331158226
290804549
247819092
1620305360
1624928505
1541730163
1339629530
1106171045
508651709
670183009
61610236
1261508216
625279814
2096863264
2091530544
832267979
271337227
681122953
477660676
1123509030
2134225978
1176799579
1689003843
2125014343
1753614549
874678419
281620551
1258415366
158551283
1811228323
1606037370
1525457668
821897088
1484841230
1745979064
1647172326
48462299
1418542086
193301481
1687108928
2111587407
1774838057
1530425655
1047556645
2122961514
1031882109
2138895501
2069226282
737292127
1344395216
2062080242
690916879
827908477
1357297380
1772496376
355065415
1685843888
1191768123
722743355
1091997709
1985293489
906118336
887712208
1717803527
262196179
713718172
606534212
100409301
1099578609
1243097960
2035228455
1381461014
2113949962
248393597
1248809939
859173587
1515300423
1306425155
380584451
950295581
835869737
2123071776
1278573135
217945380
1433145340
1947290902
2052256697
1405414418
1343824072
1558108876
386290834
1699819684
1735146527
1571369260
805831272
2103566321
1650799051
117500867
1420819045
1020745079
1207177280
808669437
2133225882
1290208763
833325340
1918890041
1081097441
71614892
2118360303
315345137
1946681822
618266201
581799882
597358611
1154821694
583281078
261760432
2117725842
1450293452
1668481906
477308481
2061447045
1926211944
98566139
669591935
1823381245
762276182
184005108
559328182
1915168522
41409292
527318275
1968794116
363093880
287390557
1448595505
1663239813
165419716
771999901
1442719668
253883504
39974264
721105914
1317803851
985902195
1079589734
1466947758
206052529
1613834463
1738432204
1693891893
355924439
201763382
282129843
156850931
69162758
774357687
1355235583
1748381339
956787970
1039182747
370424393
59445344
23443385
1965416494
1231628828
731534483
140357628
270730085
230409781
599503634
830574108
1894386455
1362745333
1925838957
1991381990
903066644
406022757
452885986
2077581119
1271021497
121929923
1043032375
1228784708
1054308013
841438266
6665558
2142875400
198112794
414718654
1280311931
1600491158
2000536432
64181471
1901538949
611894955
1998072083
534225963
1834071359
191277660
100588038
1119103382
269670470
1070366206
1190420138
1066167198
144871320
264601983
859556085
35308606
1357595115
2002649797
591507509
1746556861
1439581405
1979611076
1586525632
1864471103
649077862
566731012
2112934311
1366699780
1756214505
318288765
1308075451
344180124
1053485482
194546374
123869883
1472061621
1368159655
767222905
499188849
1658231838
495793265
618307711
336891296
106089318
834689413
1558318342
974728472
1503963097
187787528
999962650
1814487151
1041630870
1160968212
1331317153
1789112801
1307252448
1645032627
133162573
489325470
54962464
22885965
1423546599
413606986
1786313682
1853232596
1846297983
113814328
528618168
171232756
446473041
407575728
649106654
819454902
2059779771
2058966562
1684419255
1569445440
820347832
1567113856
271225983
1920816965
1059606639
1754027683
2069221510
895634242
230461158
610948339
1673226635
1032491545
1334269900
767842832
1323226177
1101633158
1634933771
935604561
307922602
1755948802
1251039184
1120137387
977440127
2046432807
828918824
443931890
1852549869
115941965
1826996665
487364126
1268776053
1740285424
1301271203
2395043
1575627101
743215289
1437383934
1062189300
88086754
1765418636
1429912745
457484541
234238184
395249878
1085337252
265405191
713300858
238749145
530725383
1775623946
1145312544
1905766824
444285655
765403471
1156957237
1316013687
2092196907
1227956059
183342438
1931496460
1928377028
487803827
771335098
2054129878
1654851308
963160700
321201475
1628289420
1928466108
1144114546
161702579
1737331171
1018456098
1488590900
1263219809
1878688973
427672610
1330728135
1059850668
2000081959
802557927
1066557289
1155888781
1064528319
617850783
915968804
462047698
976385762
1232179289
94625304
653798275
1030085983
739949297
1020105999
1789707209
274358010
755191204
1485725974
155281328
1648399842
235468505
1609988670
1943425251
1162130836
1962100349
748235967
886463261
1447432816
2030899539
1414309218
1704741457
1247769067
456121060
805242022
1721932245
814818166
1903839059
1107410029
1577505141
1325260740
1577752039
1229730561
1346987113
541815362
1513497445
508997747
1532172196
383264859
903279667
156144013
870903743
1888881116
610813536
411354487
30910161
259840423
264973445
420974830
390048758
2007227822
1789669191
855153389
1133160546
1161064223
581105686
1284522210
716410429
562451116
1548026679
1096758063
363474514
2010568987
1367628259
572479676
549148475
1730922212
2094224689
604306368
17201832
806552873
832989006
400637503
1378475056
571480457
1561128618
956749132
2037270393
1437099555
1731858340
1592921745
735792706
1293890223
284596017
466951070
146607851
1729264585
773121151
357148234
38044330
1665764309
1210047526
1804119424
2047562641
321280746
43901320
1319741676
124009198
743094142
207673700
1888089412
1367402419
354563496
2138846311
1427998949
1066822807
1747052829
1268383924
436858817
2101949961
1403970394
612893953
697077758
1909033276
1773960595
1895162397
1808610677
1277790558
1666410550
1534934388
1826481917
798344839
1364361924
1915548575
348717488
1446597709
752516460
787501512
2049875434
834037449
922042330
1431001425
118635295
607943187
405412346
1208289393
446280696
1701117883
902806702
1400417715
161381132
35624374
1007483226
1734820239
1527914296
655803327
1754876571
1564592421
1549211311
152453697
862856274
772128753
751752427
1193003254
129633279
1692699220
654189991
232481671
1485207754
705622043
415814082
346051028
2040626267
1931320800
191204157
1066626233
1182544399
1018146954
1858806129
1267733748
1171191902
720914083
1400372584
1674619252
569667628
219421368
2023024194
1641776408
2064401851
18883982
1402211702
1010402666
1226227790
1563052310
1502437991
1352603842
962206549
188023206
968437705
1112593550
729982240
883368245
1669988053
363631396
806267165
1805684823
570868711
98573017
716643873
1993153030
1227248481
1240877914
10887239
2121153710
1762466985
444847217
57421815
393544991
908996509
1230795833
382024465
195358834
1416660902
551140732
1616800886
1138284045
1989779858
140272963
636339401
1671617215
1247696377
399579721
1460435609
1939892800
1956314833
1411506706
493167137
1778071999
1884545910
1117585295
786865749
1991266764
1983835141
1501192694
46979220
861282567
699899705
264804813
1936736489
876254811
589194468
1865046168
1139611336
2060599980
247731123
233665975
1909684442
1871807474
2057487430
1076133313
808533237
1399371462
340061777
445368365
1650889007
121401548
56347711
304289154
1784046501
433242975
1017513869
394573358
514036420
1120830773
468168071
86194171
1120658781
1265738976
1255435036
330734788
1678887733
1677689674
1978470620
1212291307
189130016
112743895
259088279
1933269314
1151423834
1334218730
1671896329
1618759941
335664996
429348517
148336436
1137217813
83403030
1110899087
1082360034
1036985508
591202752
577402412
779185851
162658704
1228143504
652149010
1565686279
2067516491
1465723602
1743296821
1608746562
1913495619
278337215
1097376054
2022235365
1177336995
72012350
747995807
277231979
1987720016
548442687
62674720
1796480425
163376782
1014892741
1647680394
1739812472
520570889
544178785
15067593
1379948323
442574540
1446826148
1103346524
778401483
784311546
1135278296
318452445
523260783
1047740035
1569434857
1818816279
44570422
659916730
127634414
1749345567
342332372
270494418
55585223
1509311063
1767608165
812707538
549904370
1277777540
1508268166
1429439790
975529175
2036369063
1992925768
253747337
1524444521
542721719
1884793114
156259011
1365414991
129899519
1720491539
2045293410
1258867363
448702291
1808882689
1996279143
2127794160
1111930783
457728928
905860603
1429189328
2091738158
2124816209
1545300629
1738758302
936717855
515207045
169252626
614927884
399911839
2093580180
910255127
1492688844
510343478
1518199067
862088573
1490598402
360396098
541454538
1936719854
12865760
825704739
1651278513
690503704
1180356895
342297557
2000999942
1672468517
390207506
1000088656
1215156746
461385286
1291400017
1378177934
69765550
1745756906
162196018
364576543
316868633
967989011
1664159001
872256225
943219963
2071722593
1452903904
1996420144
231153801
1823941110
396255367
607124136
291424343
1376757078
1822499500
590017568
1327882927
1381598779
1759218877
1475620233
1132012394
1797774834
2073405755
376014327
1734666316
1702581172
1951585718
851052620
1975123174
317790992
1225165576
1960742499
1440655134
1610316315
478276892
455895584
1016920778
1875695465
946545459
574298278
2052028205
46027025
1731164392
913701908
418179571
1478154772
1468089776
97721835
1536465966
274194623
1947376900
508033397
1683736145
1290042840
1599981449
531975612
1010650274
1725442421
208437796
1176696743
875348846
367655426
984549176
860148998
359512736
1161390858
1813241336
1684123194
1517310785
462531083
1102148556
1809131514
815012564
1760587292
74611556
1401274009
1314009004
993613104
2086016498
2143799247
946842968
1344195337
435471029
4619468
1677287665
1919514373
1528502110
1990986933
971621704
216478346
1013661890
417445533
1551517410
1567262511
1997949615
1457581151
759222520
912504105
987639825
1378778117
1985650844
633094534
162640836
523813622
1074094533
599657492
1397948455
921823040
1193776032
485420539
1822035902
287251125
946418783
1038737410
2130959735
368436376
1184740690
1616816265
308239493
1874883590
1784690723
1417744940
1535719835
1130494534
333648353
38840681
138895798
2025065783
1460901925
37880756
1366643612
30806302
491992232
1425181938
835860312
2057808623
791069188
1303371319
954318646
130497355
1935487003
331062172
242274078
244146152
273575740
1381292748
1550773638
899579419
787719602
1202721208
2045606773
399201505
1991879531
1596361570
1530246352
823760889
1947127376
1661364225
2013689952
1340969195
2060246591
378282403
170580050
980273703
952140251
816749427
1002074756
1113178378
330224107
1015461741
359960728
799842260
425344740
1413182656
986124319
1015349358
925350940
2138805919
1110577934
1391113763
572863515
917360979
1037662243
1462476920
1330791747
673218930
1362434687
128484531
388777541
1554115055
2112936651
1560998035
513708409
1024064054
590180051
1543316656
1654135294
1113496627
2138241449
1939670610
1252476794
1180404501
1590062259
1375934954
1914509951
2051453237
2071113475
173442404
1717082423
2115636877
2033618508
2114394688
1811645113
1781278427
1202222771
887515088
1944669169
1503655780
566293230
771282283
1141990392
604337787
1302132025
888653100
1998962657
2025035861
816375493
1855831453
1501474681
1988419122
1099268277
401972206
1351415972
650079251
1511484268
1661325009
1700478161
1913759651
1767024625
1833998360
968860805
984374740
91406173
46290761
587125628
1050898703
1685109535
969333727
1539384653
1105072234
1235740160
1935589257
979054971
1056928947
79319963
1814939671
394958781
47261522
786837675
1369133596
350753827
500682895
1763498930
943571715
963632045
64720338
1984742635
1592394618
1705066516
21811039
711923411
1541407074
1876335686
1653522254
1208624645
665664154
1284933850
1095774058
184134104
1937657391
2109691811
1748766605
1215151122
1454938128
512612583
493513610
959554084
567595571
1101031186
1746596393
879451247
177454913
2033662563
241304219
1445265132
1875238076
1225983684
328287008
1175507313
553590031
1819467331
1883553615
270088218
1756342956
1238523534
287149653
1097687766
221950191
556344457
1632829681
1104922293
398733201
2022476052
1113806825
711679290
1838076989
104113300
1380778615
658812131
719510723
1443208179
1171874847
1142659632
882311722
735982706
1688347457
1466629736
527723011
722251796
1620705090
435357960
1523491031
376107432
1392651986
1426810766
2110299344
197323155
483739139
1937388968
752863191
1882999089
1087415459
631289328
1198919975
1521778601
157641896
854511961
1798572226
604110400
1828323434
2142134332
1564213474
1682162813
654641234
1062681138
256325680
125711367
1688928709
1086131829
1088818216
1256598930
799495556
981992394
725365726
1599829102
1919546612
2072584577
934412607
481516366
74613091
1671134919
2016652307
613726319
638712278
249772989
1907860526
180756864
786166027
643514573
1206184797
334458999
1915767928
1438828540
2060613561
1525649132
23497150
2015079525
771268145
805800845
2068024664
554336993
1502446681
1278997878
75692243
1116305894
1436916508
2121105510
1432160476
1266614795
1620123814
1187639803
2081553317
1021918789
403680004
1750488251
212074360
1483684883
1460844988
1332966643
1913169948
877196168
132665529
1197319399
1966796223
764350563
1019648602
1472776529
1387705223
1663271205
1188139350
1188670719
1594283241
411291693
231977880
584949213
1194245153
418792335
419609585
1648447498
1775796605
1889715567
189359273
392694696
441487359
306746420
1269772721
1763975165
1450693819
1164032770
748110575
2008129493
351630533
27611644
581905979
288646681
1360071557
704218523
2122768843
400187857
1572761865
1778804840
569020114
1055074989
1367607208
1320847925
1412930298
1257102548
151294741
187848886
654678819
1292778826
1310037549
949176205
1318868499
1598695043
627784011
1082900675
1741671755
1010842750
486717608
122215680
1593528541
584640618
831806059
1389552609
167024849
1375903216
24505575
1524732832
149940085
127559310
125226295
1566126679
678310832
1354872454
6190252
146892092
1215191988
553814150
1775669336
119984519
993680961
281199172
967417317
1895335053
541695494
1386733756
6230781
1888625683
1976642245
1655434288
576588438
1682171403
1975194813
683979978
786398237
1439257003
1356711310
1142838942
471398636
725599940
2104255512
1930036658
1411969810
114151176
330906917
249701040
107842366
1598829881
511915754
1514444600
487515961
1969350197
1378306643
1797552418
111546349
1705220293
1345258973
1230239811
940136437
963132988
1926567807
1833406834
1650936209
2099460662
372825985
569609015
1442389244
204825416
1931086318
1740945962
1773516456
1866844928
1628778800
1440058670
76426751
1532186278
1014663279
429941119
215800408
349171320
905416103
479207116
248507046
859238088
7128112
32513028
1522041641
2125381689
594048579
517753686
809984894
1650962256
786399349
1089646115
1138758787
864574862
652026501
262607276
122396700
1436090620
1006820028
255464179
523488633
310275249
1204897685
1265920883
1391454413
1295376706
164827737
1936164031
206311705
195208441
1289937185
915690884
689180192
752771985
1776636220
2130281733
1883942675
2124240620
258996459
849991698
1897312399
1163343769
1274442456
2058085527
1770924742
805696568
305557194
604245593
262768793
426455737
1304153382
183093965
919012404
1710069648
527810704
524889692
1346875131
1044305698
7731266
1959902911
770637492
1545309436
1393742435
2012451226
953017486
395697266
1489344079
1280028255
2141350526
1618729262
356366009
136363187
330619457
1351268099
1564613519
1940977370
593193856
138396271
706311534
707946288
493713799
288891049
1213372025
1971743757
1762607617
238049287
451269936
2093057018
1633626959
299147301
1908963159
1623744932
1286443578
179501688
1563108023
694372601
1929912563
1270878622
1958500579
1883812412
1208069307
1442833121
1013446790
113260306
1337957402
688074191
640469023
1704904441
2138428836
84585543
717293458
243081866
1436169789
851514125
283052928
539599043
1178111537
295492152
1026743975
1064712884
1542465795
1595591877
1258417266
413392805
373545685
1579311500
935703304
617353687
436573850
1057282894
437419496
164219493
952536235
1705521273
776153049
1514317203
676647128
1821293614
2038621494
781276976
2070907008
143439327
1575884362
108160641
150643088
974942723
950215087
510931717
1864044483
107113019
79451671
1665876091
1136956283
1125256392
72078579
1884015281
1281492896
1434736269
445809822
225026665
1113667736
510734743
1355483778
1816088909
982204824
685546952
1895943582
1925023292
959607688
334012928
949157967
893634947
1432273705
341640026
1577562861
1493399853
155303664
1406518702
69922330
1924009246
1851461107
1621718012
911201433
344957850
668366232
1387802771
803327476
576115963
634152917
1047825802
2071443560
669700268
942545417
144125034
1673733111
1540407529
407249590
705570584
1121227502
616658731
601268128
1960394686
1917699650
1831886881
2097013918
1873008857
2033913462
1185202345
506114383
1728951791
309110181
1508260085
831057840
1622377415
1212748604
1612550626
527432285
757606443
691115103
1680527502
1333488245
1798298240
28413904
1385272003
68644357
1739457594
399642385
1769780077
141141739
1658251393
352993556
1769617015
480219150
1683363121
577111197
2058386761
617311236
1832557125
882604489
292406017
446217173
2140801852
602447280
940761277
574700627
553338327
1840376606
58349987
1732996410
767165367
1677395330
438087595
230399622
146026937
418540462
491978487
276858822
1806831857
48836926
1865999123
1443128766
1511661111
657441028
1053729349
401317877
2023867012
275818469
1998365437
1932130484
1372310590
1866622590
624502372
297222547
1478864230
29969246
607211155
1598855881
1146390030
1096963450
1559652646
515062011
1042477874
1534074526
730891369
2102244201
350267175
612552015
32983872
1856297588
612682405
53743463
739387850
702617045
1646535694
1110449175
662747381
389630616
1802242093
1325710810
1424782168
1400916366
1509102159
628057434
1606725926
739886533
72393925
84099939
342224060
364892799
1141649592
287337294
2077052479
614590723
1217742557
559217768
1998160071
1954969608
1955950390
1382110684
1010421206
1001912602
1007471028
1446530811
5013931
1940295311
1992980114
326400779
1263376443
373762755
468829684
1524331313
1675014256
1733901776
1616720146
1403529126
2026981668
484174746
986716522
1031093091
706495765
2048641553
1577603571
1220568538
1346746195
350365773
1239445186
220191844
1721366334
74374051
701750687
241354285
1105788109
637900479
1347798548
1341502624
1233323288
1928840946
999010695
671360880
923631211
406060002
823983137
1508906269
1961966687
394515615
602410065
2044231290
172160145
918648257
1066292065
956827734
505872864
1634568465
585635264
2101648956
2077323856
1697563156
59833140
186194850
593713564
434367810
702441179
357695420
1527148084
303138440
1840289754
839263773
1590160899
1620301400
430936393
128223773
1020512699
1419680000
1537526495
2057310400
517020049
1160981737
767731832
1047681737
943774089
559302627
1842002668
