100
1038587580
225942101
1638527869
686199393
860058899
1870181404
828199229
1620878180
1141208852
2074110886
1561694383
683001650
1553090782
25717831
135076396
187658078
2067073078
1166142086
719766558
1458061442
1632821103
180775183
1096339591
1622203036
52406012
1256506462
1616999699
68511778
1374457828
447449042
1504569135
120649714
122279535
603031887
486339499
1039899697
1163164522
1186844121
2019957954
111432546
849938364
1668265269
747519979
2041034870
781473113
44592891
32687200
1836350046
1413177893
114734697
680808908
915316049
1100163772
1315296907
728370575
1514308276
2032241513
749795033
623272381
991475958
1000352624
1660661522
737561400
458986509
1622830805
1238426490
369373123
723488259
71266553
642312612
1218919620
878669510
1329661529
903345223
944262306
1490894014
985188122
1315292967
388322829
983102625
1668030818
126858316
1832673547
1355680315
1692955572
1024843593
1942423155
411611211
865087072
1502923285
315585903
1090775254
332529363
1003235554
1200095731
1763794333
381878578
802422483
103693042
2087452672
