5100
719628305
1860104959
93318518
142140616
35334736
1256647016
1151507397
1159404718
1158611538
13738311
1444463533
586853182
65716630
93968497
83485380
1682746357
1152676471
1555372776
1803327549
1302478555
471026139
1377853345
1481455987
1236969194
734093747
541846719
725152197
1927361455
1025670137
327647994
776366032
1820848405
613993319
1873793778
677702606
1022369561
877709166
1409169629
50015749
533820181
1130169605
335265960
1539210555
403775275
807082424
2075685630
1079741516
1471783676
1257932239
948430933
429506858
1787061067
1088333433
648291907
2009205488
1751518040
1786032052
255312736
36847460
1387181033
1475784487
1903186688
1076232820
527357065
116692539
1146755709
1222521709
1542585052
1776045003
912657455
628089747
943737729
1192871794
1251675449
1319359674
985123519
2009608821
1385398311
896499435
1273916143
873272106
663231103
749772590
1076750124
1700167418
734593079
1458851153
2096783861
1691702224
153495631
1798478519
1446301088
514620312
1340606695
931641290
1066016046
1215182186
219777990
1091806018
1946172423
866150563
637815297
1011441572
1049742973
1126235803
1105203457
1494659391
468302214
744703171
1238806099
40723928
2121233474
1939822465
178062217
953622759
318054076
2083296339
1241670514
467448787
2105041657
341840731
771175867
103414449
579280122
375925288
564912838
1417102132
855165779
230553177
2022246682
123812558
1422771911
1256582922
1709307989
1819829571
1831158675
1834516395
2070050401
1525750347
1012602919
764127731
1062783824
1417481265
780029716
389460000
253564301
49763818
2003926498
1846069201
1761011282
397152650
1260774991
623629095
1677862293
19166835
1065508333
604775480
196361913
1082163066
648478400
150881764
130192479
1602689256
1969135472
880529409
1883979013
615897034
313463611
634404800
1765869393
582563536
983118523
338615037
524010865
618028302
1866050422
894081576
49144485
1106210049
1218156794
1286150806
664813220
199973261
1286464585
1829345481
1949651457
1634354473
1441557708
1197011596
1700043436
1540319177
1886255099
2026615155
1920946114
734625017
2049436152
64429257
1055874749
1923267131
1012450717
2111984667
440511995
1187073469
556430573
2108190991
1946987252
367092664
431839598
2086974107
1218714898
2142352757
1038951377
637644197
879444690
261857027
675312869
44337435
1177957703
1822408205
227820958
1980579497
1482396926
709891941
288626389
1197794786
725056934
1578157484
1529866833
1043531389
855687903
2011705269
2145452684
1599271297
99710061
508020308
1420716868
1994532194
384018839
1884703529
1598179624
1648408181
1805883092
442801756
562098886
2002567733
1163389124
341185830
498258035
1956768039
1015114099
837113897
192021655
386257253
556985277
1624164699
1460460435
1238020224
54689759
151614076
707658994
1571872283
492105783
2136439607
1706791553
1399877012
2026144965
1519855526
570278357
125030651
2139361223
1079860859
2067696358
1928102656
1413431812
1703065288
640875037
1081784616
806962940
191631107
10440419
549527110
814393505
855091884
264693120
492672021
1862237432
303552708
525919827
517996134
1861671083
289677907
2024455589
1954026705
1719962759
839516188
1932615065
1781742853
540420436
1076238617
1816806553
1556311280
880561063
313460949
92622505
1072174431
467218683
1794813427
1572883813
917640203
573936385
721878948
1384474748
721137012
249351394
760179844
876430596
1133350828
1673610958
2081931491
954595077
780786860
1774856713
2119537796
1579137248
1876311024
1460362767
1820410203
1417702314
1096676641
921226229
2142724431
2067718064
354751130
1531308850
1370740069
1684464771
1866828504
16946555
1280267004
1323770211
403665826
2032542575
1397258824
2095691045
346373086
322556058
54621498
1242078947
1720511870
879978349
1962613980
1712254523
1221556329
2054239830
1811326985
504871556
2069824586
2137541354
868672019
654042383
731728655
1355151107
796518373
1763680107
721091275
1751489679
1118072646
1590738112
1791565863
2073805286
1136104664
730253793
511023415
980905558
325726718
729148736
1938525835
616222108
1159641983
1476759410
15791723
1764498703
2018420577
2128333719
1694113502
1459609496
455367738
1850648284
67911512
1077762335
1250731377
1663832519
2007503854
1193170050
1680389027
820621274
2144698058
1871392227
581542307
1315792738
789131996
1895049309
1161724617
650099471
314402259
736692627
1323170274
1176037570
1226214104
1374682637
1515476634
953799355
1175262158
1027392942
1411333173
857845606
11877603
688465839
591384512
1557234171
1532878307
1919921941
1716285103
1726896667
1465861316
1154068127
1781197805
1551064293
127080354
330403159
1677481869
1908708496
982400988
132799228
1071860767
1796442368
2144721570
193833854
40748339
187080650
2036872590
1828764731
1250655651
1494500557
1561513662
525459345
1981404654
1822611939
523132926
1908355371
1127105097
1444835268
2054811971
793219732
73941171
529876489
1726870219
1917251408
515102632
1384911602
327179942
389990680
184917016
1583027314
485680178
487328686
2126069655
814016507
98834683
1743465019
693872319
1232611997
1652339728
1204519465
650741697
357360084
1009897488
1368590475
1487638536
1362012961
1748317417
236142031
1383666364
1262793936
1699523217
948988387
1598701266
1409842609
1407800080
1104945377
1759698446
1159486951
1031277811
203689741
729717361
315807499
637787422
1454771392
705154167
1924639686
1298358667
404388823
1115804162
982237493
323636069
268823060
311422035
944031215
599253342
700645147
270640501
1690411833
1734052118
1523953653
1382924258
2013574359
766008050
12106591
59026440
249874750
611367633
1538682242
1390642768
1061546558
1929575240
603827594
93363638
688581787
887097271
1496600730
1751810580
1192282380
440735193
1407694400
1970444807
2091170760
585195725
1264365016
1828471300
419835225
959507294
1902092603
2009690491
1269129801
1796557182
2027293096
524151149
1223685146
375747396
1391602856
82963334
681316572
508403466
705306407
1124956025
1401127839
544744243
540218035
1123356956
675251508
655909129
451012809
535891744
1389777778
2131801760
1811025944
1469608440
753635946
663517476
1939056606
434651200
1493464055
1116141406
1707207889
2131783393
747677813
64521021
822275345
1092570666
1636374202
1451394288
458327076
1406435478
1905613968
1309906150
87203842
1426356374
1774786177
2082250168
1645661280
1410695057
1999237356
1741686372
1481181124
1463763781
1632599887
805561722
567008995
1364585678
562945313
1307589059
849728019
1795800628
1111234059
19017315
1480458316
379861299
851924428
591225709
2022317115
1567345985
1113841916
2084847884
1324263424
838274568
2085409891
775967130
2144500280
1389916400
765701871
1900258257
453413135
1831572567
1847631901
517747923
675479434
917310813
434413784
1983013647
538614108
589675950
1138644057
271280082
1055213252
689091293
1163046864
755554776
1849891237
1033014108
809134721
1528706900
351828292
1203856880
256194220
1884649661
1946459746
1204573976
125026500
1851501093
1391679470
1311074183
475625758
728665766
478877400
593566356
154608264
2145667441
806896243
694582338
1446980600
1118179572
313972030
180008875
175427564
217507933
1461403625
1020343600
397868352
268395166
24876814
778649735
1604847296
1018653682
1616512637
857880380
1967332394
417799397
1242664283
1502559980
135301541
1511494622
1780876063
1496548247
856277217
1097652121
1215849328
703593853
979249283
964804982
2006999678
512475022
409580796
1635708900
1590446217
136302132
323897403
2126889038
1588074448
2018475159
1908464258
1084772779
535623328
743855069
1186687666
1472695925
760866228
51675201
820295048
483409653
301382375
476235985
1402910512
1617961857
262301192
1612123172
1020064432
8132468
554532209
792872949
1535345204
73415132
1566708123
1783703076
552595416
1293099312
2063190483
1121457159
1575802128
1390744893
430131284
2146689078
1825653726
2107920522
739759774
1883758681
942470694
1504660448
1264736582
1019387947
876758783
1185812432
1981320524
728897413
1781461395
986418863
946309834
567306349
1087674986
1466435453
2031391428
1511138604
1085415337
1381855156
716382779
1193221950
620671161
554624494
1735479013
251575438
628600488
1620847570
150694874
1403049706
24270138
682764295
488109266
906764572
1977756067
1284600206
717013873
404428318
1831154815
134471853
310282900
487616099
1619460256
874129930
1885051778
1231822699
277570667
1638564058
1141043584
1720311915
1781666049
497631306
1205372465
1991391681
612625347
764714832
1175973399
308746973
1524313435
1078749510
1721121883
2010445792
628574908
1640939906
1589915579
1769042282
1930274051
1987243109
548513278
821068059
724042298
475734722
485710099
936980640
1782697168
267807493
1718346336
656595065
1974803586
311131287
102303713
1667490977
1453885080
1474668732
270946295
54207775
1615770931
710725192
312859967
163357125
1055443229
1116820250
1097896944
1053489808
169640094
1112876524
1372488991
1936084078
911157397
1482344878
1269343039
1478074483
634803290
1281582879
757382801
1204805955
66018864
298116818
413976939
158947927
9350966
4264912
1686266901
252362020
1966592031
2034681361
1176482131
545173562
1882145032
165024816
2059825885
765650116
477567511
123768319
968781032
832157109
2049405690
941522534
1810109290
655969581
1540592705
1299330705
390626636
76632841
583855841
1360158405
616800650
327164791
1026874542
601117245
544856779
912297096
1978542151
1326415823
1433777132
1421415658
933191193
800249227
664206488
754305593
2031543193
1816474138
1446519996
936744671
578934865
891936549
1560994089
424943774
1476836848
10622001
2009929867
1327050451
930408549
1243906020
1620514378
1687590984
1004123696
1455676174
933496826
1897773647
585928867
511541905
513130650
72709611
1566749738
1013520776
1884603885
1771681560
1146863713
769799229
567124950
1391297109
54005903
853870829
1055688968
138971946
1581898726
1341598707
576203538
673796730
1005723011
1142247517
1972171464
1517603932
383403237
993989398
974745665
248287037
1159441975
542756092
333256662
2074380489
1229316648
792947966
1196049635
327237086
794074807
1242454593
1573685237
166170327
1220978518
444555031
630470949
1235683234
1881562243
856070657
1227380228
1783084239
1433738550
814512416
104834191
1115980308
839544330
1351334857
444735528
702226703
597158450
85032201
1341369740
1398437562
1394801418
1247561098
703141734
1744343619
1977964876
1609770606
243814943
651766573
589648944
154000159
1744111678
1443735361
1798759124
524743534
459960018
913811792
284588916
154207885
1537434066
2039948999
1076802601
461892671
1192347593
1747781358
410626950
1964441601
1904623317
2092648433
1699690514
579693329
1812533252
755740221
1628496095
773420556
348482766
2047211979
1778687522
1036248126
1946677728
490644809
491741352
92558561
712078548
1338452883
1562403602
405253745
2006914766
770233943
1549680972
205623155
665363057
663950480
1665587478
2021771783
1089875691
1030117395
496169529
2095506924
453905631
2120514652
1674489556
1684449823
438041119
1383052459
381142010
1690677138
571645498
434176619
1284667617
544668512
1869106921
178205469
1032220792
1350345017
1653611458
2000643754
221526084
1650617605
1852842802
1423449621
1154785896
1619760605
1094069790
1615843573
173204436
690780145
1779143683
873467005
1576173043
1248417502
759785570
1931876631
1764880039
1345529743
1810754948
1727670592
784017460
1788568411
2050249135
149294912
877842854
293069094
2085597890
1897167834
215437136
743422174
1600809854
137479164
2038469290
1269443690
1210754653
563556199
783397586
720935680
1461533402
1337577270
567102607
7633645
1854394741
1422252884
580758299
308960148
876826530
91199875
1677834109
529199168
1566543045
1277348669
2091889114
1643848256
1752255826
920232891
1375645853
1392257683
1183549470
436487842
1271392702
1462023436
302313959
1460260428
563134989
558107078
1430966816
1024186770
105817741
1680359455
186785474
1186308671
1899342732
1503688718
1826087181
671062992
1059255743
926162295
1375854814
854628512
1767106967
1596469650
1485871550
310737254
322643145
1988861340
1125349156
923296395
979647932
119770328
1982879875
255883929
1618430870
1982910187
1030708502
1308832017
411907793
1596408376
43776220
63966130
1982190093
1267746304
1780240448
1077935491
1966127342
1332819097
1371528416
1060193562
263846363
1135535496
2124831161
1505284524
1458275602
772225141
1509947068
184693539
171206032
1616488040
1938281907
1432817381
1351008602
1998052592
465161886
874979045
1690149121
550985602
1189378904
172603197
928743685
2132619994
223906928
659674317
1022535950
2057080326
68576567
109949981
1504201896
323065241
1417346930
1575677447
392393653
109124880
1754077347
1700274106
358132199
478573075
883664272
2010978185
1690531845
116927982
511610515
1269992487
1337893713
2049773587
1009431581
2126666388
1414280793
197779492
636107438
421088204
1857966283
1742821597
1464475466
1861444694
600948727
399448400
611193790
2016131325
334192403
1680252953
316383877
1123601961
1040793456
1294945567
1953340364
469663193
2048432233
730229640
1982908580
1574856117
394363004
1151354173
1812654131
378527085
1977183247
2097232704
2100097874
1357411527
1523414918
1411901916
1953605934
1423833637
963999281
2084655419
1525244749
422250741
341887684
702548162
703869408
1830756129
483264557
638548308
1298874508
293813330
782129470
1060904589
1568309569
194774852
1236644047
1804194344
1793827361
1970437337
781763232
1230052676
1875069100
1789666716
1295631241
681350108
1899075198
1901843618
1107620040
1788818827
519501087
1649667445
777904462
1245501706
1065233062
1554199052
1323212220
182296057
2131539502
1006967303
1254719492
417687161
1133146959
1513009083
1430183163
1497914086
1971423023
385939221
1508340424
1003844290
1108841489
1003084747
333751074
502269851
820065800
1239197688
385315314
697396945
59819872
619381073
2146389548
512466110
882994302
1302818938
848405093
1512426931
222259082
156921564
1078668460
2068592991
835630657
1597176983
1276911333
799788169
798029103
1144766329
2102396662
137554716
84642703
587048996
1404206836
697318064
1374625908
603529736
1964090816
1198027978
1382110871
943638417
1426022180
387727707
78237843
1737531847
1692556223
1226250298
1466137936
1200942775
1267198361
499133474
24325144
1237544534
2022149123
1430674646
740583587
970340877
1089035474
127938768
1659740208
1453793938
262157151
1681446947
1266453653
1669502476
361272611
1860384496
2076961172
1746472555
1237151460
164361831
1529049170
290981772
1949537226
2051252377
1443044333
1167293804
1772946898
408535371
1276818974
42529516
288687839
2137133442
42904137
65339244
1081470952
1604102387
199959330
2098488686
1968820708
2136619054
38170200
1632219262
1887886865
202722199
523479155
1220565947
896046468
303666347
809939309
2053537861
2039923352
1265778026
503998813
2100693763
378222486
1962426727
912929711
1420196692
498554981
2054803739
716162185
801122487
1076521593
286505699
878064705
1517949367
1343859778
1089855258
454253608
757805506
1002124915
1844160483
1637382659
100163570
2114233184
539069982
766188854
206025763
587104371
616603918
324491821
375551619
578651323
404298488
1109149617
93230398
2100466358
154466626
773046738
1292411480
891453360
684433554
775321373
476535455
1807131748
1538229636
738016367
1309783031
615986524
317644854
1740679551
1183871638
1721786947
2046846249
5766456
1638156364
769867665
1567951047
1536706804
1579776698
1774417332
583518506
1081402887
1911689361
2124593569
1141145614
1789014455
1256163644
313199942
2014508
448499812
1118116315
921225127
1391569177
621656982
1857778757
1342530815
1308749449
1145459851
2117014889
1995710239
356167060
2087305655
51518093
1661029823
285111532
630215140
1434099890
1272286856
1493517599
1158392257
840346148
320714136
1906350626
783644464
243174745
1789429111
790527479
2135452997
1502538245
350957481
1898226213
1539607016
2117282010
1258134706
1778156430
16752741
53051552
1145011266
1273598712
295907082
174687540
1358372327
12740659
939031162
1056324879
1918570745
2116418709
470020738
1879359533
1469549668
1522920499
1569775109
746610200
679518240
2136916271
888033178
706038769
197274714
672613801
339632319
520805092
1602134444
1763696005
509130788
1985361535
678267547
193653051
123818910
1768860375
1286265407
1568092117
1985256910
327971441
1149765069
2059751792
1172949539
2115702022
80733167
565264633
239892753
1984437715
51271029
1489553116
810460071
800575805
1435284918
30935915
768856413
1351076742
366219839
1870997609
1918276167
2129239800
1436953534
829670489
1233732945
1757268507
595475899
216642350
556999474
28851671
1288343365
2114822751
1451922179
1555524648
1093651143
670616070
913164002
286711235
860299004
1207215913
49979258
216420605
1349002661
308133494
1076287728
151936741
707761668
1438934486
1008303754
210479941
831765315
1527027578
1059497941
134846774
1819784591
925748113
175012790
323324527
1540260373
640932492
1262517611
969123063
1501481776
193062896
1820598533
209592752
173572393
1604866948
914859715
1515725413
1502427635
545174711
2025209889
20779126
1346132290
1261624309
131496871
1039499824
2093220273
2111692190
781318530
953854536
44551141
408429491
1160210320
1236356346
1425950625
304449648
4703530
219496149
175522777
1030912149
641724536
1778281278
723836539
1429937481
1018132907
235430379
1299012847
2127924932
1747828674
860188182
1349766428
1429737048
576607517
847655811
2141940821
645154960
437627461
2032064064
1815206008
1107337171
72287351
1901242298
1304954877
277380661
1540667284
1219452218
1180305947
740077578
144419838
1069600374
1881575209
1371325988
653470263
1386626012
800536772
1263697836
701099832
305273888
1476047443
1532509455
1516865601
1901949882
1207013562
1099135318
1126758479
452440427
1182726879
569134434
1639424732
396105257
34478730
1850407347
281116977
605397653
1054692237
1795455065
1875746275
343575793
1742750916
132061089
727177811
6832201
1665765420
106437768
1715927315
954786265
1022192300
1303604339
687862689
816537484
1842214214
1459502912
561485390
190252673
1094868129
1230887647
717448241
2028183811
357155164
824398758
30065510
1442782478
1958406195
842881116
1071215076
1118419464
1327608581
817955613
720650520
2085732278
1530617863
677557330
653335087
1222097811
2116195016
1305998570
292768508
604260450
1650205705
456876117
369957159
689462020
1058388532
313235136
250060775
1581324705
688335143
1350449131
1366422145
400046542
596089713
2021647469
1438157358
494528015
159875449
534399202
2049308868
320417107
1262504516
257503119
1015932578
1683748895
1720378367
401054505
478369186
279414648
1827537822
893249607
2048601588
979794597
1536505146
1624897713
660345353
1144086005
2122429673
1098540207
163347280
312655967
291901033
1366668735
338697685
968872597
1304266112
677816519
291870008
1895730284
382748259
1254520943
687167499
554851226
2037734800
1009659670
1097004368
986208676
1048803500
253231415
1542559537
1180437229
1543597626
1327083513
1181536381
1053664182
575114757
1756426919
36089945
1424152379
392346064
467331576
109846154
563817911
204096656
349149529
282099709
536928920
328833994
2019191236
22127256
2053065474
639547184
124302350
1517613527
1325908908
1605259487
2005357169
1272902358
216934260
1888413228
1009269685
1342572681
1753599318
99319582
1051272383
1094811726
761794226
543112925
1765026639
1855317490
1500337684
63618241
1924368330
530554837
2046932107
618931074
137447403
572314375
882770167
907221577
1109135571
1790414984
929987878
910783499
1242163444
97601541
122684684
698984617
800197381
204506442
1013761126
1827411141
704036787
177337335
1054963049
1637089822
1660436482
1245555701
2029266612
36009906
1950982047
736216392
1015384477
1118622219
1652604758
1293104442
1166395502
2064196538
897205939
2079715695
1398138066
1972002058
1019913908
195910967
1193188841
496254195
636822564
1867906276
222682756
790038713
1143073233
409563931
1414247361
818875495
1194074691
1888338857
863488701
1885070239
570497732
1710285055
1742763762
677415073
107572506
1685160007
913588474
1845308865
645214651
1022768347
1305410608
2081676553
1508129415
1735644407
851666213
1877532760
1476613279
994322049
1453475913
198177280
1821872867
747492024
1852321693
431437104
1754308623
1419682333
2115672251
276886891
224073945
104399267
1270723645
742207397
1405873751
1844825638
292268666
980673018
901632155
1106995506
1312189254
1892754469
194617366
1265308878
27067108
1034160059
488827073
520460255
1836939633
515981373
922838000
698886874
780941222
746230679
1822458472
1214425919
326760203
729551436
673054424
2064128144
387003986
562042821
1210087464
1530550302
1102330053
367727193
1301222333
1628586310
2059701368
1484788641
21178175
564458041
2057115559
1568614698
65858458
449276766
434614300
2006875080
1753495186
1251046514
725039214
1970223271
1270758808
1077987378
1609516829
1759461766
1361141641
121473254
1906463751
615031860
141555499
1143012539
1697607609
1151327152
2084779409
381653272
1023967206
1660016591
214893550
1398220897
1412040693
1837288954
1072164380
1747103008
1668117809
1673449714
1501828405
1270083185
1593767543
508375407
1578117319
462734483
1776277858
523740724
303131323
567311535
293499282
1245068289
548255636
1260817883
1535935989
1240534769
1288870475
784831589
1818052543
1344850229
1859413525
597530311
741593238
1272376382
41834534
2118160837
1443571746
561438949
799851160
1977109612
1115738919
1724436414
27934230
1431073856
229304664
478101713
1873339623
155452015
1724035972
1567130726
1792054380
1251272319
1823265334
2076500848
1551579022
400882710
1921510319
177903280
1498945912
1750943226
1670046232
1509460065
1280261865
2087744361
1033605631
2050546571
2115881344
1893051289
1042749476
1802779798
616849779
989372951
1692704909
863435133
268478333
2101342987
1548467131
766042619
371896266
749389858
665271749
91811813
384795589
1348912041
718120009
1828566911
1065462973
924792217
933758065
1184604032
905495924
1424398209
1238401412
564257151
1874400574
398151928
2024884992
384782910
953954644
1606992855
1823286037
1137701184
1488168970
1806016520
1274702943
1449411175
1235137144
1878032638
536461567
1476619545
680259237
1019990041
603000732
522790042
1386226219
1121579628
1110721258
329275577
496698424
2088418502
1021603677
884714923
833818543
925576964
462326065
445430975
1237409259
1946712448
1997710097
2016091122
11962491
362236042
559723521
1983655677
1500615580
1410357442
1855448591
302825153
1479663651
2022921174
296053709
112024138
1392322194
717288419
230678434
581074597
275937399
727544025
861153544
1306101479
1654868732
700199829
1983441780
1756587302
631998753
2027279063
663583827
370549277
1742843483
1141462886
1034510639
1872110880
60287039
44681240
1487230513
333989323
411517169
1285094979
438754412
1961730665
488493485
1498464760
859262926
1137328574
772340944
1574645283
990872947
1452767761
1416933327
760962315
1977676263
1684218463
832089649
1927765044
717576175
2035059251
1481433823
311716094
69074414
229652891
461224846
985035920
902523984
947091937
981043606
1836314731
1220981946
94414308
439348559
1307501186
1942306508
262488520
614221872
1130643845
1420828616
312662885
1974744659
264411350
785905656
1315156779
793973110
1180235054
99506396
748956500
599489295
576657588
99464222
1182924999
6811212
339212146
607703336
218254232
1090738865
2003794741
1180355551
96421442
1954727358
1117032403
2129697409
1039064932
1148778011
623933419
426056780
1259540650
954016931
1866229918
961064734
1774518200
1620949082
1217818096
1110265395
137094637
1501038206
773232457
286275718
1255195018
665722542
1560636239
1215962803
1604308281
1750309975
1289004189
211736894
1007206390
654999764
303773022
216377029
810473114
36246983
83203161
476246795
188326559
1315035129
1208701020
1659675622
1584898950
354838627
1419439440
1553068222
1294182005
387876815
2064451505
1834991515
721284742
1848383461
1454358925
1132104823
336209282
9774657
106657294
431413021
157487963
822935073
316782169
687413508
154476297
360006420
1195871553
918963281
82876081
5247738
1575750640
864930105
165986155
1325150295
1222385145
1129719038
1704242726
955528340
45393312
1469380533
137816062
1248447015
1083433053
823894782
1693501747
1186328340
213586489
891383714
276739900
1698119376
1151433534
2022980726
1679431569
894911690
744067823
1090040846
1938690272
1955583670
1145670898
2051214190
848040608
1130985050
1297622242
1160857642
913384934
1821097031
1791931167
1238371914
382534907
1528351257
407996392
1710421832
136051775
1806484569
896504243
529100676
1766101468
1970951406
929711925
1993940266
495580845
1058878827
620158143
1288097201
834944486
215728515
1457111177
225897759
1959746992
338727086
324886192
799966017
1480718091
1653938400
2042965346
1568520962
530376315
732322038
1442709916
1121775440
423926773
2094828072
1542236759
184894141
1437940576
53402480
1960564279
91077765
243434677
1629237890
950681252
1064693804
802456631
162658125
1601838289
401025597
1009912460
793371985
1875043623
1838491516
193588591
316139041
667307106
176640813
864817045
1656812512
545887126
1362332897
948121837
1582564207
1804868537
2037610270
2063632168
488502801
1943290587
1459440894
801775038
661755013
892045254
860438786
211615213
2140967205
1833105107
955016150
896802765
1365414334
996728177
1183977690
1529160092
930562412
1012451067
1004332631
1698941019
1691380801
166641786
1922581020
1851607198
29958298
635888978
449005846
1253856685
858708173
971649923
404649111
1191639804
191999647
1045014389
1275373848
1160198951
340825355
65577121
1719194656
1527740835
830118424
1291292118
1836127008
403417497
1388196209
322953489
562585846
443565812
1182762741
1373785102
1130351754
681055869
2068764736
596133086
2098739003
222408180
563599312
1160368400
1466800741
142460095
1686312489
279485217
706533115
998198068
1531082064
1235308171
1667041835
247352324
1646371291
569654006
1381330168
788435941
1020499469
715538860
1419295102
1592467922
966140871
2027620713
1590630796
1531675
115640060
499743407
1423416687
1599545365
194117428
732660635
97139058
2105437243
1397060293
1623860392
1684229199
1052380690
124721374
887538926
1015131523
533851158
1995516652
1818414641
847266742
1237723211
1557438477
2141622433
1230250625
425199857
1753411172
342388873
7877020
1898948724
1955303
2039830757
1389320658
1919905231
1336816271
230389961
2076589110
10898699
1979897344
855131871
1746759718
1127337743
37251785
1921699432
468011430
658563614
2063818178
894124737
525608766
986214852
1391775943
2104024144
809519200
299550773
2064880878
1492057147
103164973
1156756676
927083613
1404213417
1791260388
2011397538
1846203663
40432058
1098277064
1044289412
1737136881
1472760990
1402317760
455091664
1297379851
1337293053
1481450125
1198736094
1061509342
463068227
845454786
1524568237
2002944573
1579927255
1185911637
1756205195
1090160646
738283350
434580395
454902747
1969399153
1903425393
349757671
1420727214
1120467135
225728528
1643291792
1612579250
934596122
1678710184
1331006903
1021059160
1743647059
1652825134
2092437357
519328313
2107902068
1777411027
1551939451
1181963185
734983707
1420852410
866284455
1669237250
1021395767
1303192393
1273192671
1366105176
1661309367
2014125358
2018975886
206820131
2101352149
1890786435
1542830078
1637138834
921509093
37252295
374863257
2099491992
1026919973
1998595845
314728336
441478144
1077053082
1294249412
835168810
1208457880
328789561
664826277
1709946406
1570483618
82189188
1043529082
533730926
1850105464
1663466964
669207077
244522706
1051986222
1049579236
1243634698
1160411647
2030685805
340020768
1579230634
1168263222
418871975
1824686604
1849996585
1196016889
1250309738
1770586751
1613998093
1157002646
997523256
1488505870
396617580
2091310915
672392930
595892349
2025827467
166577636
967777522
1315553902
273730775
682553684
498777556
1212886877
1794198998
1976990854
303065964
1873232119
732054015
802401144
2075110894
54644918
1028254949
146819355
2056395524
633024789
163196702
272469521
1313097595
833435747
1946172085
321883862
1142193557
1443320527
1792970574
195047885
1355300728
1350737020
1131560641
1530047897
1693027752
505873403
723810547
246452086
2078079063
536507559
1663655953
1364805946
1527871255
2081622180
518858018
45959084
1874528649
1902461770
1240493168
302879082
917053212
1724338976
682948842
1441328082
451528582
868375734
997957908
265259646
1024109451
2078985200
11832185
646333635
501795902
1939386119
807580198
1657951348
891292636
116988163
1188278225
504798131
206274086
579963657
1059902245
1518039970
224886864
1181640569
393116636
678036005
1271306622
458582854
1412349542
222566547
740958866
1937060286
2070696088
1398905241
1907341057
1982512272
402308450
1132226460
1516530954
815138975
740876808
1137957758
527357266
1658234278
362983734
963690909
1507902376
602495769
1135558600
1276305811
2120343391
1547685849
1141643611
1433471805
1459878728
558579254
298245100
1351921095
464664024
710094302
1016470720
238679438
114024901
1762735459
1850905638
1195209258
77346328
1185596750
122786289
1581270386
1635763831
532806095
25278815
1036769481
598262520
1484158332
88802751
1079909415
177406275
1129267925
441652936
1944538077
2136525879
472301488
560383129
1382170392
372866026
38899279
1273625520
894451163
448976578
727289844
273605101
1510039408
2100181207
2043013020
708133397
1085436146
1487045803
965280711
133382240
145318624
791403422
2110632144
510154502
664354846
1633295710
2046571297
1998297575
2058791763
1419194586
837839296
1808155418
872801772
744887466
58325012
1703642896
244014639
1876670113
1432320151
490647866
2606370
1841468523
641578684
1161332701
1342745968
788145130
1203499387
878508101
213299482
1203962651
1219372366
487721853
1424629602
1573449903
1792958124
302588363
1114584178
1104907347
2136347738
366704634
109237774
157736548
639666378
832238231
1798363826
618440946
882849294
295187151
1969018813
90144591
1873362542
1858007683
1329493808
2099291883
1422845801
369731724
1933203146
587317010
1614421015
783119579
1126198651
590033246
314898172
1925141678
1341716948
191392265
1979667625
1697881974
313063655
1262147653
2046586327
725141999
903291778
1286911529
1256290604
235828153
1436185957
1011652922
575559337
1301920317
1100692186
1257949730
584663262
1394071028
1517266677
1863411284
2046199558
2121268861
320664182
1700808259
1455771787
935695849
1942356312
1968549745
979002874
571186818
850432378
1072483207
1078068186
1115321880
350875833
710600994
1007793346
736680465
1207188230
1116505122
1795372046
1009333312
1241850188
1285756224
2125551406
1017917221
1048524429
2110040927
1882194135
1053397383
946784097
1101941452
1490557617
1462788944
351483801
1167726106
4233193
1797216675
1939728333
1680489924
1694334751
354847525
854566228
1932114295
1071512849
1045654507
322805450
1561577282
1602387567
1674056284
1114039173
1567831190
1011077716
534692533
384002396
675966388
1250186395
1897579480
685087324
970282759
1537482718
1615297344
1139239965
85322887
1274103715
306631062
1557921072
884779570
1309481854
19914302
1239333904
857586781
1516204017
192863334
1958286457
855898073
592507328
1060595514
439854689
2085788323
1831174136
1106902276
1781007442
1283904357
1248824698
1982713083
2138568853
743051886
70618124
8374892
807359703
811999562
1593990809
404228451
547178373
898368404
2084164349
386294541
1458715310
1132371682
1227498529
260530602
1025456433
1699883818
1131644263
1038251229
458481210
1771137766
1417589528
96628170
236178143
641313659
601591389
1158235149
1555866664
161385749
41991728
624959785
1492490838
1919325084
1996839614
937735406
397505905
2112978468
2098044555
284480019
1619799403
899246092
943956384
1043943978
544016116
1080012865
760552293
1760641574
7748179
2142677632
160378013
580802075
2053841289
1127814815
466694655
1423156752
1607855859
138437027
1605344940
117944768
1230367370
124431729
1572855293
747285859
1201617280
591503657
707149238
1877087632
2010458972
542310883
1956569269
2011859775
1225265283
1747718667
1801107720
1849751782
1354733862
1976089269
606702065
496238036
10140305
1797749400
1435103885
1369350785
1731075505
886251331
1666744252
967661043
1651119612
156452224
553043548
1773023283
1240538773
2140446883
753108409
887980008
468181405
1752828822
1876742658
12557937
518505874
216490119
331695679
1417218936
937231417
1790384620
883244568
1463144853
1656309901
137083363
541137188
454111914
1359205615
1989016378
786269357
143563880
695218607
566806768
434818362
1947526029
1069834992
334757685
862992923
1652345167
1551345457
1625223911
53505723
1087620830
1335016791
2127282839
346019099
1452548525
310031136
1722576417
719720455
11749468
678378345
1867691892
507737599
1325888996
1034259488
1948502609
1481871908
1822793475
956875982
2030087378
986034138
1324918205
214490288
573863847
910453707
2121454936
234952971
5854885
1969573723
1725605766
2078215055
1564823632
1100575225
2085867563
584259563
1747965629
775431091
627413347
812876609
1415651082
534552478
1096767526
1490749763
920404706
1953482199
1302110333
1584134930
747972554
1649860111
457777376
1627448616
333655877
459301156
979779707
296992195
1761718204
1512557717
905105671
75799430
512701520
1053391670
2016810184
1497952973
404522248
1105168534
760154676
1500273843
1039955899
182500135
1028194257
1881924923
1990559521
555382214
2115400015
253026588
722875524
1017033409
150153978
548424848
1489841830
1855915474
768521857
526627096
352731893
1858971143
1384124130
1051759686
1242371345
360546442
581147872
1360751993
1620484068
1750749824
1344568141
891495459
1949465901
565300167
1133642432
399644327
587527653
1080473759
2122489574
1133619173
2115689181
2026320861
426043781
2114541016
415769722
1285480966
826281943
670193563
849500935
587084469
1225031133
1709753285
2026358732
1850714963
355324724
291716869
1615096812
1232353504
1603739426
219820482
612745711
1925155526
746743063
1481082553
32392387
768439475
150235216
1615327477
1438237032
1531533547
1839579378
407288470
1636003355
2145426126
1760180061
1253907090
165595807
28907659
1292855573
1756238678
76826897
367308285
1876145417
1319622750
204652047
761970215
448163647
263437656
1405524073
731956956
587357655
1383967698
514318906
1303050475
999521356
756818272
225445942
1830673517
1903757518
805418646
1648913012
769259965
1739904966
2025925723
870495482
828017641
1299771487
829227667
1066139411
399522693
895774972
1367054069
1206629548
1770053730
1667283521
1228458477
790578612
2030390250
1507845519
2028875346
1073979069
1763580761
1717403392
1896529546
1671260427
1056477716
673352491
2025003931
1286673183
1272740894
191746678
1011045077
1958453478
1062999943
1984001526
1298869305
446514050
1564411939
1798753091
1252917477
1281800763
545345590
836337996
338631029
1658485305
115299186
590023644
1741919111
911384325
1451745636
202332165
383963377
970760920
1772963715
780388606
1131310389
310107803
1775135611
1168210866
871021642
765710883
1722870961
260821808
1333842097
1260074244
1529171985
1133268264
1036192110
1670958630
2077110468
29138413
1888299208
1317737496
440630134
885003410
251195962
110859681
2030743558
221071205
1282429045
1839147532
587017206
828967093
788923545
1975773435
852851921
1943249324
610130673
518908635
1975302633
1548310535
76376796
1146343735
1976625038
286734700
1182686073
1200363280
1069375462
782577604
830157573
995895489
547243733
1681284671
1135586601
1236944087
663224991
926991497
1434818559
764617553
1747697497
503131043
904346568
973367047
1379006635
888166869
328222743
232576296
1795427304
709791606
62278340
995317242
1440600824
356141672
1450290670
1493548146
1478510006
1308578579
762330650
577787643
1845372081
2139820053
1905932391
53430188
230402933
293806785
1349706054
561685628
1708804771
897272763
1511891521
963534596
883518103
1357616706
756068506
1540290040
1305818243
816303495
1419655885
1746660259
2091673168
1773746215
463282154
1658914825
804662170
110861514
345648405
374824910
1045495852
519999018
2098914220
1015489736
406035207
994836428
1771751491
1195065053
1724440514
1817518403
1410086974
859286300
1694488813
1252426741
918931481
826516781
843627189
539264390
1373972978
1354274546
1956113614
1370555892
290495426
1013371036
1499995359
901472811
1168104829
62982498
1670666416
1606138232
39169854
1465886650
1979920451
129661234
2012403600
286052586
826007690
405090635
143372810
1420444282
69108961
324120630
564741408
274854171
1041781347
1831888765
375316602
531788234
55367961
617551784
1218265875
1443375647
961367722
1550632204
1760315966
984893436
1561780478
1711272819
1876174490
1228046845
825298851
892349023
878648205
365862932
1424297750
1726202337
658293969
1205521244
463942117
295892666
1110435010
1875355271
1709923333
1496401247
663730984
1485778485
1253932086
1256067181
1036378719
285434084
328666755
1462602454
1188149007
179417006
1644865291
1352330543
200951056
1361851894
1358857067
777318916
838319697
95009264
21964163
1828035007
704477465
2014147851
1137898919
1180055253
2016245352
1736942635
2027416739
482394628
807300992
706731875
1196705369
1558148925
339569990
865745650
2082683770
1156298969
888399226
826814164
868664417
1857895618
1083924744
829835187
1732731726
763002974
1835510671
306683540
250279301
1187742824
43026361
1022368076
1268486005
1250939337
103018282
2136896193
1777818918
1262011824
2030688151
663161698
404917656
2080974203
1390576002
1486913797
1368671410
1100675984
461917892
1807945523
1379374402
204258020
270409800
175880078
1415152584
1649847318
900938803
319042149
1929187406
1441374383
329628889
988849708
1145981060
869789775
202147348
1313089650
504193667
455720060
1754383533
1442645387
2011881120
1176337575
910619515
1649004926
99463687
867554087
1931176440
699940755
1864136799
118859945
1539207901
667861761
1925361349
1563136205
1490414168
1654781780
1623913947
139294347
512910216
1494986
2143771462
344297557
164222949
1487048895
1432399188
779197493
568450198
1048153950
1141232632
28664849
1727160549
1027455317
315896695
1663142443
933885202
660465234
986846971
500145493
580687794
1534521126
1051992731
26506377
1657146489
1160220389
1619447119
1548342423
388545136
971508252
984933267
1452300911
2039616082
1939251206
402919833
1070248256
1890417670
260686438
1614837052
741543373
1437519379
572069352
225458367
1661727378
637356775
464402999
1602761853
2047687682
493365122
1838045700
1790613922
508458455
1569561076
296584212
647537733
1913615770
1396534992
1375521413
1382045112
299909193
2059413534
1757686791
1424963121
1120482801
2014028663
1421427546
888348639
2117371381
806242399
10731381
1611796777
125430712
744078842
662742182
904005103
1913500176
311830977
724915276
766106309
2121531530
1564931660
1694719172
1946433298
2000252680
1267343356
1275990564
127762141
1045553570
698027254
660794997
711314748
106868284
604105268
1578482042
1857025725
1115490069
1266192980
1495366016
1037472709
710783011
1202584519
1340025822
1881150053
1200028576
1932603182
1090732954
1807405279
1539443909
988595396
1194521589
1120550854
265577946
532409350
1768046268
1855851665
1019656954
549583041
2085342630
273437460
1226444558
558725610
594776696
218618057
2121013364
221239234
2101685838
1856720489
1798040556
311589359
117383994
655530499
1461711423
1081243087
1245432714
788212243
144581603
889963767
1862867651
2000965277
326601953
1201472253
1520444675
1166580859
699931126
1024242747
334327792
1529435887
1769712548
521737092
1010502366
805626457
1782150091
970680634
57503399
405880263
1460050147
327673891
476325548
1580435032
846275260
1718818123
1462714399
827162604
1941188183
1032172833
736789278
1100622133
69626553
1332232776
707752539
30561332
1055120537
349104973
1848579008
1219643902
1943268102
1517230520
1839497347
1914270653
307016554
927432553
603012513
706547125
112502284
1543744897
1574198117
979820881
27486726
543437425
575495890
72943509
1310919046
129253321
2002514073
1217376955
265447032
762698057
107828784
1987707126
952759791
663587455
1835577945
2095240942
1111737767
1800840494
1449856084
1986183504
841467702
657000409
1097081030
315875254
985490515
1241082771
1071970904
1224791591
1222859790
517814870
1016156373
703055988
542041558
1918561684
1153741476
554326859
879959679
730854473
740062343
56868653
1070709932
458563852
1186425176
146653833
848694241
2141888668
1612473089
691923890
1820013190
1507096453
30964411
1529060267
1428077720
967870853
235282606
1389377541
1224765538
149890765
655226059
827481363
2022730671
754393721
1460823797
2077038675
1103922756
106852593
1721179835
1211378348
1007550407
1761627673
1393896514
1106662106
550007608
534375388
1531773010
55484149
1931154116
1811326867
541535346
1041614804
1127558467
768919952
1729424178
1359778386
699332956
214682162
411136080
750270977
437758436
2015174836
822411637
1426711374
1931070243
1232640343
1818940876
1529484791
1035396530
551367551
364560040
1558265561
1547398031
1172277328
85432278
1832270442
2091641895
1920907362
2053341061
1140582252
2039255181
1741742804
748345031
807845982
1862524902
217064038
318179788
182681144
695847775
481367210
503980008
1334297249
905183980
248244246
1277432891
110479934
1133547705
1967190475
1030944155
1613506179
815775292
1994509388
695127794
744128696
217989062
1678245346
1480742771
1442079578
242264505
446834244
134310642
513477902
1793141611
182498660
1855867447
416762485
1199609017
770386236
1454285475
1060919427
1793827153
606524481
640769929
229429032
597003674
2025335845
1940275542
737841874
1524167262
872914694
652754540
121294675
405793188
1999827625
6007657
692517291
1194621603
1316235822
1109469978
872667834
1714048472
1084683385
471754438
539468031
1509075299
1580573277
1691192966
1029176077
2137765277
836150511
367305186
1939421821
828115162
2040763403
1963294543
1814527112
1563130823
1999813642
1170717909
301129300
1741309528
1903965285
1535985820
1209513284
256336522
863206830
1588777112
1187762871
615987792
1717479464
432861981
1163513193
1831574209
521404898
683882242
1910723623
798879926
1365724346
1824115793
902006663
1892469984
489651453
886772676
1737121000
489533478
208535298
489811778
1370097667
1681137689
1648396012
971365111
1594846643
1330578071
107373778
1045023742
1291754879
706560715
1765958754
1817106979
1940673806
544914686
1885483791
973844309
221087969
170291906
330583537
1076477946
1551235064
853739405
1337292766
757681011
876528877
152208522
1895741500
646784044
533600547
2079221122
29155464
840908757
1438174903
1973218366
1236966342
1990135715
651633155
1149549914
1573258074
1548394697
1237675348
1918878854
727367151
1389593707
896133538
1991139484
1100588523
1131446302
857242118
1699469234
1354168206
2061305255
1796046164
822416336
1965557428
540505123
1813555263
1429382898
1677295044
449781629
292612200
947328763
1909924770
437461241
801787314
1575121556
913189357
1207103308
484900056
14429401
972227403
119652184
1929128368
55853549
716423541
2077076410
1667504606
618439524
213908465
2122032501
37105213
1282141127
768556528
2111384609
780006795
1168792547
1672412266
1031065215
418006759
768220655
1000412411
1282306456
1827496901
1795936956
1161024365
5268114
1181164049
1831888144
188514413
895626712
1746017969
473507573
431847351
249970556
353171406
1173828916
530630161
1859341275
33066639
168502134
1330663475
1572503429
138695213
924184917
424968240
548108213
543265171
1123829194
943881273
1141310054
632739278
54326228
1164108995
1867622086
155993167
159106735
832183038
1731654932
1581910303
193041912
104533568
940482426
360827181
85107218
1032688536
475289973
1264327866
1293695036
1391543007
1336115477
1034096903
651861728
1587928535
535268981
1422046023
1790462521
694304114
865225846
641245870
969365401
537053494
617142382
1946921476
1238782600
1874359392
1050176269
1866752797
927023392
1463895407
1516497036
1769988008
1824520027
1641243325
282802216
735403326
412267544
1283697238
720201043
1466432912
1368261965
1192283954
2084997005
102599288
2108093414
354156528
302674535
1477656280
1052801159
1291326703
1704799813
881433080
563820391
223889002
208287819
1126185160
99124356
55012119
716933793
73054521
899788845
2112929263
1087466761
1988600613
1692703576
367209666
1049365564
1581407215
1521914715
429403850
588766039
401153942
1311667851
19341765
1261288282
1233126313
312942775
523121061
1905781621
1654260124
12263077
488228227
1254932876
302057597
552250220
219379439
227551866
922097496
2012017549
2080477083
665645485
1442996195
1942856198
1914703772
1324798642
1064464546
1545057291
953957323
333860774
1605658218
1315870131
146519130
339694479
535963584
1008109070
1916277280
1767086227
1331734048
202195718
1754795523
1855052192
1138567398
2020867719
1307520652
36883036
982622035
1965791687
999095867
1794430643
2138634892
1755589128
38062439
452439125
79466580
1057014972
35054980
417892748
1493402901
1657836447
14974672
1842370263
1441611243
1841181067
334949839
250906143
1846532933
1857441272
4429603
1482406768
871611077
1915132271
695554158
1302805852
161808863
202766975
1071927085
2081565869
1653878689
2063009966
1506123502
25658732
530495420
355848678
66789231
1776281197
1329111955
312600155
453839632
1148723701
30424539
1710599211
1693844656
158438788
1822737305
1104936172
1888136891
520964882
1130962766
267716678
795199504
213049326
53193434
259752423
325178304
710162032
1595668894
72029251
818497109
1610542301
434612911
1445535260
42351721
1384947377
1418150853
995145085
1840953586
662891630
1031017124
140702982
105540372
1532251096
291510233
50106360
1576991991
2052235263
145291336
458337758
1410329033
1707383438
450820346
1011945333
1794563049
732881529
1943600982
1894742628
513381165
1493304594
200187165
1885105775
217207636
318648022
252780949
973152277
2139085293
767404700
480031806
1162526354
65395936
1660365398
1809479409
1751187170
1179062442
1026086725
122466348
2081026282
1208071778
1081944718
452853118
1780226689
1503113798
1406831833
1076661599
1056955680
1856711120
1773059750
1120559465
98640198
1998105045
1764166039
325818807
710036130
1616368951
1571174101
1918616892
1363244266
1047239273
2070499616
1588805073
373356445
1540027020
359410743
1986365737
1497641543
332080950
834581672
979485754
1276223802
1664393323
2124155183
335418376
902510884
113982311
62151135
117907835
1846414330
1337141516
138055982
770480706
1615475852
163271416
1197917151
1940110419
2064911235
1739999975
842950897
2029577957
1179624134
1714077951
647191243
824784351
1983351453
1959035151
810196544
62726901
811588879
2064578950
454816757
666710225
1526108910
1965181415
1343959013
1987681587
899817410
1896601670
863787518
574495371
645879221
635138176
1948489197
258642696
350196336
828238190
2142360594
76149336
1585984216
1101943800
316623176
2095060
1800687522
199667942
655667014
1090982214
507101619
1901670249
1263815835
1884765413
1641180542
417002258
1201915216
1643049800
1370151038
164192798
1061663464
181869071
146211953
43187218
1598162149
450559431
1752077457
1420605339
61090043
416109780
993081578
66906261
526776932
1997752473
1739875030
1071951670
395475990
1345226975
39535044
137424159
733697763
1495229850
1685718755
1885062350
1925456718
429387907
279277958
2007473833
1681291469
538519726
240100226
1421654064
1534051935
842214319
236141936
1603418559
2065298254
1732341831
321766099
1955321122
1417660021
773589137
231360055
1070918555
929961753
1951853666
1155358122
1478638535
343065943
2143832953
628317988
1814239497
1684699631
154068889
141681763
101394556
359542401
1223784128
1055758197
213755804
240221826
1829768762
945112705
843266861
1862450795
1501598535
1557348548
1800619143
1295899881
575616793
1097202242
1540997235
1243810402
1627125642
709949527
1484959057
2120362525
1554918107
1671890300
896792808
1607207208
1995903084
1322167833
377419657
1815765041
1828482156
520225925
1429365075
316643950
1057237245
501919089
1431689439
103769780
1987707118
1956328345
1215822371
1437667109
212349469
1548133558
1834479462
1747753451
1652307786
1161262446
1209241783
734245171
198216477
1906748826
606275856
312955803
651456789
892623906
1766524344
943410141
306891049
14832754
1758358463
1402499594
326691163
512897338
1212716674
1769911073
1589542892
2116526448
330898916
15196514
2079292918
965737655
1214915680
1921797308
698943722
2081431356
1450847693
1154097799
821720626
1146719776
653425881
1652594386
215698421
134734805
678623733
1552929693
1594313736
306676791
1016897837
1255059792
1710851739
243701898
478378223
1248278404
98530163
187782288
1787891531
78308564
2021463297
1603961258
744522122
445628095
1578836564
1129403403
1329400090
1176972073
867711270
205882992
638325392
2088734441
550901967
1950006956
2139872264
1468118904
559670126
1965832599
133143319
276499035
1176922416
1063370617
553790127
1495629256
553613806
51830938
941113855
1780373701
1859469256
1119189180
1631269567
719108978
891986220
566524989
588590826
1750658827
1306110806
667683768
1732777753
615874233
1180763131
898617503
1861734629
593172232
102065210
1981849877
2071012741
1914187558
1622153887
1684434069
251013014
1358264296
282301780
283340858
1104748823
2140149113
272561223
714191484
607062638
535469546
1636410263
1759233997
75663414
197518133
559939025
1406263114
940601688
716341820
458880499
182195699
691461524
204225389
681888313
290132919
2095037416
1110446889
1289272730
1397223281
265285738
903756304
1467210417
79977264
1625553536
1893252238
1184021978
791418981
895689630
456129594
1101031127
968406087
1622291686
919465740
1087771626
1936231435
416200274
1852909619
1485054903
616175863
622572474
526952521
624754540
1919714504
2099842025
442594682
1772859
1638303205
423511750
1891040098
1887087109
419726326
1183970214
14103620
1117859027
154076009
1161203472
1433114705
1089073051
2059033151
1306915180
1343739505
1194484373
372288615
1509180641
29316172
1180575184
1447505777
668173459
2137159336
1340877875
1935652689
2058387771
1942270370
1739973882
983009861
2077389033
590110935
605122028
1774484849
1887831211
263022550
313511619
350312655
662505123
1771018719
1789934083
1217037182
346783840
2021780310
1249990630
273414149
181102998
795568161
441030834
1050771688
1573903755
634058181
699371158
1336556605
2041633251
1052170937
1106989151
2125490305
488146232
1454181969
732554054
700872877
1872428037
1720013293
279686590
1708814447
390178985
586551447
849801435
817924098
1095966791
1027409747
515328891
2111183213
1180731834
178042267
1581466568
1828574127
700549980
2105513346
513858115
1389770688
818397624
70392779
1734484775
1412127841
772980157
239370309
960686428
902101724
1636665980
717573722
1439717403
617726519
1975434275
1722137748
2047061375
592508098
791938514
1270402466
69793136
1861962702
1391613900
501102687
1334495801
676078463
485721563
889853796
108798106
845934445
1473934746
402285212
1165564080
1004336932
1126618261
1149972011
674748666
451631648
1968264867
1606071200
1000501302
671177737
1264155741
1485709801
1439875094
52492467
1064165502
1579693333
2135518909
954450120
746065736
1652725611
1723392408
109182527
343204944
1079707939
1256013706
193077146
1940025398
2080723150
1543142170
181497168
44853175
2079519635
1354327206
1948714311
102766956
2128721245
1211942079
1236410282
1771105371
46260503
359104052
355768966
1760978382
1082480943
896317545
46845553
1928116236
1445490579
2112033290
1589750411
983619664
828736966
2092161606
519838047
542186719
1252292086
375346273
1334356991
728458146
1087816173
623837359
757632887
1232191676
1813089391
906948532
1873332288
1626256204
97933586
2112297982
1091483406
132244920
320574576
1148046416
498656375
1361998374
1296426042
1200356981
1555371421
749974064
1550008323
76339413
1722591321
1104778188
1310249223
1651582231
753416026
2088335539
1372887744
1793053189
1091274443
942447533
1676929759
357334634
21674000
237567904
917475743
571280049
603571765
1173742933
1354686926
557265784
142035526
1231079898
113408484
54473654
311658432
1077668999
631755578
2003857155
2025111605
546266571
1498847906
1719215161
1410977767
201692417
337170779
90318504
1841042017
1132236493
2018423775
1332453736
829525542
1304720129
119499757
728228188
1678797100
649380775
469206759
458041035
812950833
1742803603
96876440
316113004
1516839861
1549156308
1544183220
1949543818
1704260285
1424572366
2128631346
936118153
1101914228
1522559550
107058105
1852863817
340875192
165695267
1053228694
456287347
67404988
1839535719
736042358
1416481790
1996275761
758211872
1871250658
832059051
191972631
771476482
1409618071
1166988601
643246917
247709278
604791414
1128044594
1351134538
2102857432
1740647368
1821463290
964211574
1840314192
245480785
300082455
431204437
555460179
65298185
837905747
1452185039
941446436
596242714
954696568
864389146
974775992
64705374
1859091074
216677128
296881402
133011011
1544989557
178523573
1963522012
889516752
1154991868
1893875399
221875069
1304857230
1506095022
801206567
1885609485
1128919197
1605131506
302348258
635289149
490436805
1420510344
1848142384
1948909924
257970463
72404273
69206060
612915832
200106237
167856299
1029322485
939390650
1061286376
1930950209
1402092765
1038427549
45555696
140414199
1983817006
338380297
2035618177
1083428157
1568269734
1434860889
845084698
2077891607
1415977368
436892807
1522980847
1778853083
606932580
1923768162
934942892
1676509988
1809684499
810060476
1503124938
165246499
1485253928
321204654
801252919
664377702
1544866678
1871732094
1658500382
814524525
1887970189
686393910
471646732
474826776
676728256
471193094
631533884
112515366
1137002042
783660793
412422959
873353885
1045459080
948124017
456076825
2087854982
1177314540
1617020483
34032958
660872736
1395901416
1321758986
2091817254
1793878353
429445796
1129303652
1329477917
260340428
1608425318
726422084
2002155826
743512630
1320840555
1266562548
2084748504
88238636
614361490
1728046770
252917133
1322449864
1305388645
163314585
144532425
2034165788
1023500327
1020507125
1081368337
657191511
2141948378
1870593457
688514593
433828520
1815781404
1192166356
306788256
656459735
1872545555
1423721370
1830597022
997200364
1788357920
1627991097
1735342641
2089219186
1049802915
220349435
962228291
1463787560
478870201
163895081
22192887
491546215
1612934264
1989488149
373396029
1437798907
1002500789
1139624727
1134622516
