3400
741748152
621230804
1195107115
1741074413
1125471600
548031279
1686951211
735992576
2113135190
1504007364
1592114437
260884664
54722555
1584184376
1027131305
261930582
1233913829
1038951919
218746955
1277693605
1745314893
1380238103
1567172190
489777631
601192911
1044505787
1101585472
470807876
420649489
1711790246
1435868563
1864215693
757005773
1985678941
1293683841
37325068
1771292392
490045776
224635306
936276626
1971194779
1768189818
629686405
53475179
479782647
1578128330
960159561
1178455321
845124844
573582279
263410709
962533219
552637357
1393099446
2105226049
369523294
433769998
1677379193
1203463844
823128265
688770452
486237004
1809138325
728329705
1480979731
876685571
1714431132
1553417350
594395828
784168493
658807291
465917995
881662506
640199881
1577979272
288756947
939497303
1249930946
455868042
1124085525
399173581
1878598159
270253559
489434315
252587466
964934741
1377023407
1180874035
1285778019
1932056547
271136259
662481149
1177284353
1989808213
411684029
627442319
1793120418
2138744115
1488003621
702840480
396398986
604006372
950296822
955452483
64117609
967700256
1230775044
1971520709
1490608690
1158091589
983951441
563358821
1139594631
775991975
1827018039
1387559620
341347285
1410121173
927168605
1159244446
1580051446
952339358
585455991
1822331355
598597522
1833661880
1745686240
472531672
901746115
138394826
1777605823
1492054918
1307024605
1727509664
1115150853
810856143
1516321911
690960542
649830461
743164773
252491958
1328637771
168460273
1258237308
202265408
495364068
1684111572
737561988
1293297312
1749480808
1714120354
1977092698
443158440
726758236
718733326
1293893497
1592434788
1539983829
672201877
221390485
342628756
710920754
663374654
1382907739
1776053632
2096618158
223608906
1154777059
1557088873
965126915
83477502
2016840959
975776761
317698333
1805895783
532396533
1472362037
1676798936
1839810542
1072238922
1526437772
1128296765
1377602458
2068686031
106640156
1594376497
1459189988
187262442
1383027296
1430545068
1287628963
1853801973
71999722
694241063
1348535494
1461722637
102149314
651196409
378400457
1567219676
2085892674
1934461171
864546220
142249385
1820486937
1253398166
650372328
1104771650
1208382328
1500547230
834982340
1486705163
1347131297
1771200362
632820291
1229154836
255185617
434947974
1534866269
344512923
153040653
494581365
1977304675
146168107
1538877728
211930669
1575076027
2112875477
793519099
552356489
492494978
658067092
904511811
1190933598
1402707059
1056977218
1850920260
1234755065
2095388808
2132620942
2120327181
1943513158
617063782
22854627
989265903
1736510981
1611613701
1455450706
1501613147
133363791
316849716
1489669735
1364438821
1088510750
333326530
1900296310
556849010
460724536
756159945
1376724184
2138094563
57749683
1341141227
1471442006
1902896276
1359621905
156135272
377551946
1624948158
594800031
1590281884
1528878812
67465532
1392743733
1056008673
885660426
1337772497
1092348744
298029513
1881724305
808787115
253617622
1059375323
1063032959
1878801406
1287620345
756728583
611900327
40071380
2034893436
1202961280
286860597
1490451912
1113598090
413358844
247068968
12101957
1041111950
1287529886
682070676
25218878
1963150133
1100771791
963863349
1357741046
1828174114
1439557260
721509277
894045731
39683407
975601835
694025237
333308147
1134543333
1791894087
1034824719
1941864077
659525646
1121691726
1068096310
1801312857
1640006597
1298434263
154298617
1095602901
1303728189
185203091
1488311596
1053834340
1323154412
1529650691
1412413541
217166628
1275518279
336575924
666436570
1929344384
1509858954
357892694
1203210684
1868170799
1867221520
1146732004
1876839855
1773688385
2079973114
1780398520
223321398
672544827
132050060
1451461506
1532096236
1034344746
80983951
2092856527
388533313
1564755001
1367860663
1897515058
1354825883
1324673838
2091774496
1210046464
50745821
1111505570
794929608
1400794411
1204486339
1428894472
1086975830
420136009
677040485
1775635192
1410779120
611259535
1021663954
1255397850
85765863
2083167795
34758624
678775287
250491541
246235165
87093049
660558480
49600497
1551341228
1150438264
182909631
371869516
2018025913
1656855417
2076910265
1026736237
780268229
275342050
101013197
1194972872
1091265413
1507312193
646621589
1653765535
622810029
1379040997
603297210
1966812352
344485850
1737216917
1932650686
1988609038
200933087
2689158
325301442
2119243810
2085337333
1517016066
442649498
153894637
75638118
99582537
490749894
4846348
2125234509
764077561
913928240
1723812094
29437244
1325928475
629151944
622373524
918660022
1719849065
1635905109
1194859468
2140075954
8322624
2069774197
530564839
1912068769
384272337
1357258739
644468856
296299212
306662173
1570740751
290354070
2143947061
1101837705
1667557695
221865635
120354923
415837519
928562309
823101184
1802787
83705892
902332561
879087011
2129651358
790797584
968208778
738888473
481579242
151311212
1927231038
157412285
1765939019
312073172
390316401
1488372815
979337331
1412130837
859192505
1036035585
327717157
532806565
1161640633
1958755026
1311466513
1162005490
1628860626
699590991
2051081867
30500952
1196898838
1178517900
592175000
338045519
893591830
1779937532
1038392772
78278218
714175074
415170195
2115939879
1498125098
16438922
1117654974
925710786
437633868
1938289840
782070593
684829716
1019708440
431627334
1819883353
1195163937
1118768742
1690761210
1597211649
371924143
222457682
1530939217
438730997
539387658
721645412
564175211
978747515
1727263824
526402644
1414938340
415593642
1650061918
1835141032
1376046174
698919713
1048846036
1981413380
1389839460
394383747
191956515
148799804
198890049
675037661
1928382645
1418267681
595311503
1032820263
1390307816
1040553877
1717392079
1225295225
1163699757
2040862630
2045112774
1463355335
822038798
566468376
1006107555
1689305615
1860844472
1718832784
359720711
41859845
1829675768
1459424628
1059541128
1729976036
1859134954
791153177
1463883032
1674156996
779764614
2136539514
651850625
1432796681
638542221
2008699000
504838124
187626677
773479026
331205401
1456925883
1150457132
1833669534
1550409019
1550128560
1388738499
1137351566
1962898188
144601623
430089348
1900368086
649341174
2099529387
512902751
753241864
624968612
425111614
192276452
1115055717
1329787172
1273953650
108591187
136435974
981684308
1093865826
2130417213
609231287
1833091343
886754866
315729189
592544253
988871940
417367648
1983392042
1218156571
1404237833
1351972813
1409411915
1468218864
860719022
1903381947
1788634571
1132195551
1025823666
1363389198
1034811496
1342551477
2015465146
592886872
187589754
613589937
107804117
77714105
1308266785
952946170
571775408
415171901
1996789849
1103483999
415690239
1072094128
694229390
1891168126
1979294155
2015166771
747820983
1613268655
1139458157
703135090
1939184723
2084589342
151886083
1930688475
105473084
126152914
1754558196
2013561092
1308545958
351942117
300413534
1584490009
1023799947
1829290112
1945993200
1380223485
71315649
1384925471
1990011378
1470547872
148288104
26436723
1288210326
860741004
257287198
158978598
1217613160
1548049982
412047070
1344688830
1910419067
948677545
935519463
475334177
2122875700
1476131117
951066052
2029474273
733952710
1998476797
1062271494
466767594
1565233864
1301724862
572446787
899989613
1354831812
168573006
451068170
842895871
531000603
1602286205
154268354
1930157402
1019633077
775188696
1691858633
1993439519
234533864
474529419
630029532
759238457
1021434372
1619240856
1350713160
1701886586
1443906120
329579354
189935750
1512713533
1332647768
317380313
120565183
1463902175
328578125
1484584705
1310620663
1329251935
957965652
748163851
2000833596
2024410983
433254219
879902240
107054977
785541630
257712294
703681215
1037919230
1496404903
789424506
1902928722
1904230301
163376989
2028764022
1355888237
1940080037
1371464435
169865882
1034340134
88890072
22330861
77137111
226873589
1157976283
499050413
46185208
1321230488
1867342713
1455887712
387788983
756117294
1587936314
598165672
83778714
139297867
408665815
1945785736
274964610
1227710502
1447878016
157216957
2020287022
174828984
1695397212
446055953
1757145844
1519303991
1491907048
1359419050
1803276257
752305638
192314005
95313702
646062881
99430718
104555882
1520862641
1939352259
184773674
1991718154
1787695307
750281215
1481359826
39590751
1194779861
1381859627
1706278370
1356990122
1697057599
51531141
1191417486
1713059276
1502871392
278082133
1050156741
1806636109
2090960567
1475518536
1745928416
1446796927
298650894
1599157919
845840538
1619234284
210668538
484094635
1998652612
710577619
1599600883
802727947
906930939
1615509204
2134653813
1036779936
1541709861
735712191
1722198805
312363313
2067006490
1268837665
1705776632
337360831
102830785
359440072
1990086430
235343308
1626953659
1271968366
430654528
1429746693
335931163
463947058
1785765113
1029087986
1964154957
1159836477
915201950
1574998887
1464039679
1730841595
1414996159
676329163
703647282
452579063
1426471085
1515075462
1835253539
148664153
1840284278
1678229685
107712459
1582309518
380444959
1808813843
1071976995
280259218
1761595034
761858257
862787999
519177728
764948992
207183376
1620505701
261718086
1649261954
1307291858
1814031975
941238363
748754148
276743579
1454955219
1825718796
1248590788
989657897
1964943094
282690413
214485907
1214925745
291173434
394713185
1234858505
10097611
1596308052
1758621417
1950218138
1614652414
1400959413
1020595041
906923301
664573853
2043102609
1774560520
1803887355
1080555149
243715660
1257654752
1524401671
1748573272
2057360346
1450265465
1296238454
1315793205
1061656418
704098853
1807919526
422558016
2106795620
1329724041
1562957639
245409402
42349646
847517985
576102693
1814990530
578550979
1163249261
310543521
1196320322
890777234
188748649
555006432
669404676
754048179
1414612443
1122437643
1708848538
340949468
892861525
1490103654
810598860
713152928
1535548093
2039132669
106020435
1933065156
803208815
1292593452
1302943067
1139760540
1324251759
1739808465
501665756
954963059
1025907605
866342617
1117232563
2113269886
1483945217
2060374898
1760192064
2095080926
1846948997
208708638
1644945542
1309474859
34455087
1152056021
1554936654
894508020
1083183455
1832651520
1968020752
128821564
1093973085
38809519
2111710502
209024297
915368196
1587190201
1656492880
1184529826
1545431322
771589476
466055145
284903906
1871047132
1177221659
633392283
447303170
1095690537
684134167
286692403
373380286
1816609037
2058664628
1215570747
1502540062
168232078
676734982
1250142144
953416201
1174872923
1051301314
796117645
455936840
2146522718
894155747
1945247243
464261339
1089033234
2106112532
678123372
81909668
514870410
650415662
1283608297
313502173
1118023174
1218712103
1271842710
676982554
699936953
662667917
1108672501
250927146
1437739827
801606869
1648822739
1516507293
251408098
1898308883
348187479
1095137540
27061332
843212017
508593705
105310566
1861050051
171291024
1656375490
124451736
1624261006
617769391
445359578
572054755
1112263480
1930288176
489444603
1487743288
2089202256
150029862
759126773
144297102
910784983
1318885686
109369777
103214492
390399174
1912850822
1099802840
487514065
2004841301
858760428
2058466785
1129192986
778585704
887828360
114961469
1033915517
1144310785
1877380051
1641047468
188957345
457561037
1048078233
1726128769
683220590
1048029973
860287618
1305446941
392322383
1549623493
222387509
1393128124
434700141
378032771
527621621
1669493173
999666136
790429757
1800945743
424817750
46661598
1175857161
2021718693
1336319929
485133944
1119300555
610585815
294664358
1683774908
885963798
964093404
677074108
1458049918
1821035744
346002106
323424707
1837256028
1052693041
2087023761
998971018
1143470904
1721582508
221199936
1153243857
584433957
889547077
1109851115
1791440884
1051812415
1084649328
711450564
1941962832
1956524499
291029806
1178573212
1427464389
1284869898
1278129818
1483486123
1218135971
1195140609
886926577
727677602
791615011
1297005225
1816071907
1655761528
1136711580
312097456
718227141
1829184793
1253261901
1549850606
1361249525
182579416
379813830
1562143364
125602791
583908967
1825160326
1035754410
1220330673
1135196060
138641694
1989564139
470997699
1103713430
884527438
1214448955
1810571497
1272609694
904730011
2009059026
1472085245
681125253
1928120845
1674487222
293706728
108629470
547944507
715970470
1318727401
1653729140
1894872488
1285154999
257060568
204250047
400485752
549942496
2129963182
780931186
1256042458
1961565076
1909101041
310965875
833243785
1523281958
224601313
1976835854
447801715
1965094377
1923073259
1707400018
559971847
121905429
1344907762
2143084942
1445114021
557932983
386962961
1363852270
1556715442
2081174925
578015444
1314111137
1600403618
2007646869
2117495668
1940817455
545968140
793737598
400543149
817298730
1767104941
1032076992
132745613
444918668
71504155
344891095
1222342637
932056038
1872937291
1031243346
481762449
1654434351
1859747242
1646593523
273896016
1478740419
594291190
1025678222
2137603985
2031735778
1534982712
1674609952
859017854
715312614
1287598933
1574116035
815858880
2045974320
2145104824
515584246
171649253
1341370279
1100628548
1023443631
218267009
139527714
66955409
730276814
1721813455
733826629
853053681
1225325501
1853014590
1565482830
476393548
1255949958
168424486
1057429878
798078473
1588600994
954727064
698373384
1993507758
1492654058
710146577
268261476
1600859634
1675609719
1531667761
1183962648
171918456
1690268871
430901418
727151393
341565941
875217982
1827495909
1391777121
2055931189
1322410110
1267413174
1809856922
1952559241
1402059510
806055895
2019987879
1616499232
1965149190
248999290
1419783016
464057653
2081021416
1642613016
897310253
1705293969
260529847
1980935608
1781121290
933630109
977648296
1626723971
693004778
1199328864
31407654
95345467
394769057
1000403091
1849688201
1368474389
2095843392
1836923683
136566227
1631969982
1263353991
1865586724
604522825
164691883
656930990
1735835503
1091280750
1344322655
424180525
926197575
1498538141
753192237
1733176980
1103314124
1000925893
294679433
1297517370
430105408
1682213989
2122826576
1933089222
1087552966
1284220422
429469230
2077882687
485408358
1343182039
386160856
1967549933
879197873
249898238
1852782055
1012070038
1128587288
599608262
1078619050
380988205
855929904
372107796
2135293743
1520018358
38055113
667702726
1687636271
1927095631
772658300
1959619910
1827746233
1798986189
933875287
1594224911
389002561
1875659998
1864081087
1547953559
1557639224
1332998720
996653959
119143981
1605104500
415757748
788407201
995495688
246980745
1431834258
1337409609
360417235
274058793
925687923
385125474
1589310683
230847471
1083006959
1335231890
1157597847
270049030
103989664
479552468
952874850
1971056218
674492418
473438677
1757265301
545478332
2115078674
1223236989
347428318
1660890927
913008833
1777039365
1488148906
1214022930
1393077853
456564291
430732620
1258731702
1979407310
753766654
1822941728
726163746
1690857346
1476510834
581118183
223115447
2057145170
112382442
433318952
922800369
2059215489
884731596
251705860
1035652997
1349136697
874524065
1741285128
782201250
1237088468
1889961438
1356558336
1005558048
1055279047
490120217
287368338
1014603738
1603585864
191333070
489969842
1368470630
204722544
1185991219
1147232263
1393458884
821972873
1775237193
1119162260
804621196
216277177
101863899
431228805
1166475525
644777794
1498716633
1265600110
1167793020
1827414033
2024378914
1909621444
541585521
609050645
45630515
773836146
66321532
1044028029
1577258962
314194894
1779824068
722243477
2087224627
1936710239
1308813834
2037416575
374277147
1990272719
374055212
1268832192
1292641281
1404916186
1749699253
1027291996
624485738
1638697461
279015787
1289572084
1321445547
1910590941
1653422096
953212943
967896987
1927923151
1795677451
2117117689
60548194
2004494060
333612802
1309576175
1529326459
84483243
1444108587
1413772844
196245935
2000108454
1637470077
397976105
2092660423
1398438750
746218081
201228087
227304445
430356700
695366725
542971512
1456999619
2005680257
2049279046
811858041
18776022
956653860
1201974190
911717421
130551260
1957430588
122773901
2145309848
1846022910
814765485
1362921246
1769498460
465077983
602498097
272808971
1298467455
1300190332
1138285947
994507472
1590395805
1018067578
2006631116
1913420986
436329699
1617949716
580529557
1196484190
1191447775
1794009170
688134210
887602091
1128342311
1783341852
764490115
767040625
1678245780
1045812458
90158608
2090715172
1123848252
1628216224
1087787742
508455619
706647999
1361498708
782831495
126103681
487259007
1122642244
1748582616
1338942027
692099519
348489565
1151959651
76204591
928098359
1648308381
35567992
1990434604
185244166
1894234086
180821657
685488590
2025295420
404928203
1969246290
461459524
298927485
766922065
1058368953
227375897
729456880
1848797919
1051604869
1783611442
626501709
1231085044
1999125441
2112284861
1063720998
1880042687
972228393
837295141
430405618
2040739132
1999134530
2125808876
678475783
1963693409
741967187
1831058621
2089507052
968678331
397049905
1999913132
908990621
1384939252
848588393
1304243589
1445669041
1700437741
1858593031
67634221
1622535607
127634566
1518877945
1635988847
1766474840
15866362
284763701
482948820
660492265
304853676
1215754616
173923927
531091773
1880046743
1580408435
1419970323
1037960108
1049607928
1888344726
564493604
1862337719
2048119756
1875217029
511914609
1682948465
1638064058
112549182
1061927476
590703779
501813746
1534846287
492572120
1721204169
237186294
1778564129
1029085361
437073593
1428362824
545270706
687377625
1604956584
1975398248
1881923784
808287970
488732809
118912329
847226134
1340230304
2100601369
1179609395
360522253
741883557
644249708
207601774
932293271
1054445893
539731954
1943067992
902892913
1364204646
2077750397
1130172001
761294738
375349759
1454667858
2138937357
319434305
880990182
784820890
1444512564
1242810762
1456569609
1274440883
1822832344
227464793
1621603415
726425967
1915410308
226359370
731408888
1783351923
867659809
323413265
1179025226
609660758
1392566701
386559358
2112323401
206900030
603102114
1771802728
324049477
1222820619
522656933
1961792783
1468984020
963519589
1146632703
385428606
187433369
1322249017
955789504
1092394236
1046460786
168153100
1682210091
1347613483
395334731
2144902826
1128496018
7880010
1352785662
1884738543
742248492
1864944822
1790303579
355255412
979670974
1489862762
186400404
1107511887
527785755
344921960
727095825
1311636409
575464601
1376357028
1093579397
2131880237
511287040
1035497410
1124156258
1322115974
1778323252
1999987368
1870533669
1926056662
463132339
780236919
121525576
1913545621
1157405049
1270003970
833766389
1795503549
1367450959
914268689
369563304
1562637040
1529176683
691712113
1137062236
1647436898
1819773823
1963717495
1578017204
1069146504
1334390347
991864298
392815435
418991532
920744789
1625215346
1801251805
1306042091
1051405930
1800075338
636911482
999713842
2037135195
2006566720
817614138
535692046
1958185295
898355394
1198805731
1336051417
1600859040
434261578
645269898
1165465083
1009443405
1972628184
1999821226
1187018943
1340646775
947426674
921196404
1993267074
1164698173
1682267037
242403077
850000155
1273529038
382814872
291793068
1922533442
1205255893
414997154
497159503
924771124
39629652
129065214
468054607
860876924
482001712
27003323
749331938
1983282783
1783349083
676059769
1545188351
1233332371
885643057
1797078130
1255070124
1402127947
1403605127
1046580951
1345749358
1193107711
1752827956
1180647670
1990379546
183874207
2137045416
2112025651
1344817271
1214393065
1138298973
108701433
109637622
918060817
1863417520
445900409
797776527
1191493325
240246588
131467466
1514927954
44364695
1023270006
707882953
2030318691
65160658
1860444510
373084857
1044771707
1739631654
1823166770
2073661611
995034527
1943937287
760072265
1178077920
144339016
1830445364
1152721938
661981039
12859622
1012937160
816222999
1982405212
419592550
191442635
1649470851
1055070409
697613391
1811226955
2079167874
1806078782
61514047
1842208107
1459953469
480728900
23251124
999336223
151568589
563804794
1336084769
1852189096
1091668834
2103012349
145418833
1156700838
45509348
2074447640
1365338638
1239550995
1862921759
588701086
176097390
984180760
2112935761
859640281
1238703039
655032742
1059222585
1765202215
924020089
1312942816
1933819505
1930726937
311238015
783110959
179192732
1283455524
463326969
285879602
1486083546
893526280
1064312042
274947508
240124787
207622609
1879463309
1006727455
1540904964
413647391
1049001838
1891818093
1599890437
698740616
1391109399
1801828601
1598459164
35523259
508979561
1567368874
518956726
658319599
745727056
2053377761
2003784137
2111897220
1129432645
58428388
992945637
292282768
276350332
1265290647
1271832656
1975440238
1960202458
81561472
793501005
1880265620
411078047
1771956113
1515001802
1888008514
1245682284
1761547072
1386410453
1752028821
1308892386
267202405
1043563650
793092604
545985631
1164897544
1738488068
1926899913
1569715942
1112318025
990930918
480709084
1628313113
1523375781
986104364
689551006
1798457889
1166976281
1812955306
591380212
29222676
44697178
1115381027
1369186815
12318803
1650483419
407065159
519875007
1200211321
1791303145
1340941192
1816677316
777231897
2145908439
1281404359
1046451420
1934028390
975815658
29294438
625482335
366648178
1116000871
2053912826
1207694554
565094066
1555153613
1222456446
844513886
967056203
2066870044
2144990922
1488302180
1190019512
1365792994
1879435061
1057885880
117316586
1409949772
312397728
1329719485
1313417763
2018476348
914597233
750594125
890009251
1181637139
900995305
963231862
105703950
2080848451
781839891
171400782
813033424
122550320
1972182218
932127952
571945566
332844842
807647496
1210871280
1818433256
907085433
1291756275
1794348379
942531327
2056789725
1340342120
1316997759
290430667
983861565
857241646
591457053
1198068533
386196593
1812480947
925001027
573379815
1596507254
1920005654
533995943
1785665898
1910898555
2120030453
317617677
1347949169
1371636895
174230464
1498029796
37917458
916765452
78949350
1023754907
1457470273
1527277154
2059093287
1741584997
1080192201
448665315
1879001619
1630463587
1436305056
899751502
2053002152
984368682
419162709
681053897
714467911
2042371019
1151272690
326090997
962041210
1973474845
1169075818
171500105
1714861148
694813334
946499911
2096171860
1860247014
1752205395
560120576
274750868
36931925
1976035634
1334027899
1463069265
333102519
893226295
1169203558
1384325237
2052229926
111088580
1104345602
2096726799
1244891806
1512091411
1918581198
1680336679
1860216189
786203884
710343336
2003565268
298149635
1921260136
1734081350
1009177124
1987449927
595379475
1135180446
50740964
186813308
616572391
2046876818
172666289
166522159
1694083842
1876334230
756190462
685051020
1350179449
1302094617
1473526378
2064230122
2142905262
67485373
1984920142
1334863018
843381452
944221094
1868526830
106275126
1745091056
1886699159
120995103
97844001
1359236089
2083942943
682286594
816557256
1441767100
2101658689
576910021
1938140245
697359618
505223576
1421918933
1089901557
635302271
1956211096
564062622
300896748
757043098
1093186505
654476307
1184997751
1643120468
847887113
1779230579
214059647
1189748380
285805110
395697920
1027287507
956363727
862142589
1677161163
1954415067
1033496511
1653384483
1538536747
2110329407
1201770646
1488913569
583080437
47085794
1693758152
1397675020
811324367
1313823096
932594979
1038654917
158776132
1364970962
877361507
1358411164
1407401070
564932
1515638680
337065229
1485032858
59491277
1982541705
277757802
720268495
751872801
51383224
519605897
822650718
62212864
1708100382
509363831
759572139
1145108620
78101403
168694216
978503568
340134147
785894493
1323599473
1460746219
956250573
1480740756
1868288342
905387347
358211711
1673364860
2037033684
2062533281
1052631850
281718225
132747995
1863208861
2135193847
529359578
76371314
1903723825
695120312
1610349261
513136366
286459271
848086787
660730618
1836197868
1117266326
505885692
292380972
2109399501
316813007
1574606133
2125463
302238383
89286232
1714901357
2087336
807780959
39668403
1515588071
217546863
650245468
1382389248
1425134252
722334473
232741509
489599143
2130260469
1797262704
1621325421
1179627355
1353116017
759011874
759654395
1127209165
190023177
1600126104
2072656897
792048903
793819272
2111038028
1895926465
1861329568
1782543654
1238302417
1707694868
590149147
930208825
2091568286
187977399
15113870
755624557
878532571
2034046834
1533433202
900067649
1877545041
1855599181
1236227109
1066129133
815572122
1249176716
1354469993
929308255
924574494
1172615031
1611172893
1974843436
1498064066
913282271
907972664
460561015
408076321
703677163
1859884673
856498470
1813905966
2003374447
225091111
1217541701
733819288
1867543759
1206948852
211567111
274012271
691712807
857194506
2060247920
172660470
60743753
667073804
1708355591
2122759550
1171071465
1565521255
940194989
63696501
1932540844
922135175
685550943
1580534063
1109156904
719749680
474418630
1092066295
1334599745
1978834248
1524707687
1302470106
340650041
2125542911
1308941294
1454322106
1329484495
1595459115
1824583907
677834658
190352088
63157564
191524110
1818703892
527780542
740527741
1220289918
1095503131
12492957
1460453319
1620463755
1049687411
2146941653
1260642142
1032771034
1675912860
215612529
1926593033
933455551
1562785434
1642617089
799107588
125722124
308942556
104462648
413316254
316631321
762779133
1641883282
1281159238
1473836829
341650021
882081883
368587680
1639150141
1390003338
365459322
573868949
1533493051
174352518
1069748873
1618868287
12486172
1121734980
1194588917
1890186592
1615839697
1542461960
56676311
638027537
362944818
1769500971
1380828019
881512478
1542225679
1931399721
258375370
217919716
385915380
1640581018
38227578
1094380893
823293143
1533294090
1046975982
27744995
1898837803
1740844476
1669762270
1629525828
927671710
2003944754
1775977049
215729740
1477585228
1198357273
606661141
162715692
595599671
585212147
1694003237
1351407708
1992145303
773737760
995644750
1336525417
311987365
874730789
111399694
1723523669
1295010471
1647857611
804407420
1741731993
378055196
1932173158
720367024
2135386610
751902745
99255468
1996542149
553301268
1179869315
962607054
883890622
959082718
1679402618
695339990
42309231
1670943414
1904067670
257202255
932679623
1401535705
1240595451
291367790
957801708
1668371535
930389776
1018479815
326725693
1932664757
2034202437
894752651
785298112
1341943037
1667495688
1593906151
1762052514
1492303835
757412034
467466902
403417474
1876821953
218142777
998634958
1890427613
89808625
1316391352
1470479558
243543610
872763376
516135765
555138324
1543766229
1716954034
1658565714
181636379
1630234724
1861007539
35122739
1309304424
172355591
1261789299
774388782
1959634946
1198017380
2088519134
1375329279
1861902435
2019920940
2072501128
1986235840
789438554
1881054576
1192088251
344495296
1791185981
1965885444
1835538401
2063826688
1567778595
84541285
907238154
470398478
1346890937
1106425172
933239889
1339610832
915510136
1525347854
853492435
1340002875
1517657852
1751059737
2083732343
1814942988
1754245722
654700742
269393411
1038940381
520843845
767866707
667507860
1586936573
2130093889
846484010
1075149009
1962294887
480430141
747279167
41698011
905204397
235930582
600274994
1735204685
1214596332
2088379420
1009237883
780588401
1344829361
138444609
394118055
1994679758
1040892793
2088891273
1882300686
1364617184
1593613929
1105586102
1607049400
445772035
105713060
371938951
385608940
1132331473
330980486
1211555994
1680510532
1776844114
2135530786
377022173
1078636219
1141614300
32895194
1336192006
962078403
1701652400
1667799064
2077327434
1956008223
1270849167
1779092251
507441699
704587682
1854911682
1675778498
236259701
1700898405
1017494814
1003099230
1989773625
147880284
103078330
263650044
1165179439
2132930428
1250994799
1104885421
666123602
1147287443
1040352125
127392051
881091891
1698227347
418851539
105801067
107256084
1432533281
1782456153
524492632
1243889337
8436967
716400276
551625982
885107955
1067292650
1049420511
751914359
1603184014
1760180026
1612984830
1064620719
1007802320
2119350501
608572222
1718927466
658401950
313303276
1613780376
1496788302
498765433
1415533691
898059814
1328233098
823007356
1200086724
1756091953
486333570
531768245
414776735
1778045322
1390504757
1478147163
345535653
580861069
1263401312
955486405
934980313
566215436
1384674962
250129701
1966968180
921755036
1285854677
578043076
1103347079
1525971127
10321516
508187800
596706150
2146443867
1952269472
823903541
2141784770
2120401077
245573997
193525164
384919427
1413664792
14262930
1027458397
628613613
1338911023
1275931501
2052027949
1495140960
129257417
156556492
2081791690
1544230441
778324120
1998441796
2128029033
2053440367
1583806296
703216041
1338261878
2045904230
1909392716
540374289
1960215937
224606494
1323782112
1582145803
844100305
1680449744
1349049858
538193438
263328312
852912446
262233923
464921475
2496269
791114920
1527984537
1099772004
2020542844
1577136225
204992382
1517978389
111081535
951496801
992904841
1596746160
1843934062
438375189
2134758939
1608497814
1526959748
321334931
2134168618
1431176302
2076486267
964068363
215039297
949585478
513099866
978222258
1651886494
1227354194
2091950837
1985932687
1519971160
1954343804
1947718119
718988199
477435298
1699047970
1012413274
788576480
1101236860
1407500401
190635542
343437167
1684713526
1274315764
765729886
67720888
1453912349
927478938
1196551537
2135422735
1969561697
539339949
1236832402
1123894896
623733168
1099127004
588256940
1562911849
2139997700
624769165
1278606620
614080199
436665099
1028761236
443404053
525368625
319758546
374794461
557568221
130717127
969191424
1987741928
2056434039
146696589
823990417
1971024920
2041398534
1907132507
1601691508
1462756294
520963865
368327961
1335838008
860360129
439887045
992543311
1616868444
975084643
1072353107
1921662559
1006450412
797437603
429757902
1956529993
284505566
28385508
357631910
353480512
1770831349
859823234
1656545086
672913746
1205669717
621015238
890893186
969528515
1478636204
615232106
1860186850
1118863877
456546353
51127410
787588302
346488508
1598209437
1437460527
1288402053
222976509
885988364
1819276647
192283437
858493028
1249419057
1831934728
688718349
1034473680
968450703
1955677874
1926796485
647170082
1397323860
201037167
739277709
1205908865
1640134518
977939478
1602373004
785319716
625906130
1836373719
577997592
955399696
2068591292
2027647593
1631137720
1054235184
955196586
1692212150
68988115
49352550
940064848
1368205334
357065627
1388708053
1899799026
930538913
244578096
1128154581
1058367597
1585521684
405385102
810825168
158399220
1948418989
1193140989
726957224
553572197
1060605633
1429301374
1242920729
2123295006
149658012
1494749801
1420154473
1780311490
1866820112
951857318
504597916
1101280673
1997056157
1696078470
1745618100
802873324
1472010298
1767817553
137794983
523108970
634164898
1967934024
558518310
358043317
734586082
1285009706
553649760
1746866431
1963603804
1805546087
1461821644
1676689048
1089965412
998456681
1628945008
151522147
1332335308
1578675787
1349944699
1948911810
867878722
1813057848
1646982941
1541524359
489729780
1980508989
1326005282
1132141149
1217907218
859573725
899511581
553231261
402298414
108654671
1480571452
863583284
445240750
1690571451
1770809382
729785789
535126139
775792456
1686221831
250141666
1192672180
887735684
1956874107
1849093170
1387166383
2054841282
1034331385
288248516
1754621569
548166147
1631851680
885514663
1161981677
499739547
1962268590
1285631598
1327915460
17390075
813557032
1983154337
1614703689
1890254478
2033741282
1816230007
148791880
230583625
224028989
1290716133
2145636188
263790258
1969055863
1833893517
1772277223
873275929
150582281
1091608184
402499873
203184138
1076866902
222468862
1664631722
1174451343
939623577
825660134
1010321552
1120045340
1167989120
1219066741
503522204
649451285
702434312
1182520515
225100071
249014790
1914008954
1734502944
1660557059
941914646
1381382004
1611524
743601133
738235805
1215074386
851252662
122329163
1860932629
502150841
52581675
1916835476
1020776482
1793212033
301684794
707754741
278849989
161547465
2062424755
1345960996
170676395
2142069713
1773437006
897151891
1092015660
912797694
1989462801
1426545928
797067235
2040462068
983210206
826908618
591532549
286728518
1343842850
2059099759
156625157
1834360220
471969882
461246170
1912175747
1191716160
1236362170
2082839241
1503670565
998640849
1334387175
324028500
357950205
1612411812
766432199
314272176
924692327
2026780856
1204214895
1235604898
1493682299
1988638429
1569509019
493955009
2077707635
463751303
584362838
1184024820
137440920
620729530
1553836090
1359331060
124589679
416293526
819953081
881739139
1396792522
1671542289
47922453
843066914
1235419206
922350636
1171828500
31000613
72526083
742706959
609827242
983503188
699380386
30030407
837373654
1217785396
646594294
1586374381
433676942
670706113
2127384435
1696319569
1564960974
236224106
1694099589
2086477771
922868879
395699621
1854683855
415224098
602754268
164458711
92526070
1997029135
1521841276
757655713
627565240
626257638
766695116
1150367299
71329071
1709978991
1712187169
643011359
2115864415
1789536901
524859009
6848805
1944447681
516744778
108538391
1527352042
1279591240
809698406
546683011
2040974442
1739749678
1216901304
1601352205
1265451723
514560809
1750694843
1425411298
833545393
1264036077
547108454
1080933571
2073920148
1844485465
1845565174
31232035
334065449
761815223
1274799254
860723077
2113204086
1273264826
651553729
1079382774
1701671627
550018393
733641525
1343154202
742101898
1210662431
280930015
904831362
266002209
2040478139
1308972469
1645016088
810182193
1586855101
1681953841
1903742266
2011632957
1246344966
871445064
191490413
480302054
1675171182
333817477
674689667
807104206
617743457
1150892745
857286143
1970030132
82049494
288653366
803635917
2017838886
1164330846
1712327592
705396747
713141152
227472609
1606056469
841829139
437977752
1783800582
1419951285
335383991
583598131
1258714264
514305231
904445056
1401656948
1039991112
1894639838
1080552798
429577422
2121748539
1367144404
987706569
524947771
1466096061
1564784182
1074892172
781178731
1954386360
1347160460
1146307965
1275306614
1972959785
1659493848
600044739
675437417
1976909047
1745446883
1324940286
1925882592
986533509
932885480
1889634802
176283888
1707939832
1399879584
1322068543
2100501674
1263184119
1542205464
1990056908
1081646456
50033324
1425638621
1900981826
195121816
1425967497
1794766030
1436019023
994247563
1588916137
1516358262
10074622
743065780
604038862
1407670194
496396690
91835123
1069894451
843414196
1675959175
1936084052
144569640
364013969
379982836
1814755406
1156195273
2085340911
1507951978
622164989
1935798018
903413313
1557784509
2110547402
999277057
476374950
695916021
1098272495
1269226812
1246737641
485323876
1066814070
1062199513
429532316
628842373
1668161026
623140503
256573329
1577656714
433537622
1454535879
1894767694
2140221701
44280558
419524626
559557529
1697150703
465000158
1638954324
81366204
120937768
1227597940
652752033
341076324
1587700838
1458406964
1316528970
1908398766
284508915
1298612909
580631992
1066914929
441682459
870796379
687231507
806918755
1654510902
546612920
1385157243
941259658
1189773273
1055009213
966405906
210818839
550036299
1116834488
67287140
281897039
953556502
242691109
132450739
516479774
1514954904
726644258
2031680268
433170357
1767228666
68712103
892640191
119683007
1846258768
981174707
897266728
1996444119
2049680708
1191233880
1146245330
1545588180
665508401
2111080082
1307956143
104763830
712050533
2048198960
38014712
1339544810
262404527
1589106683
2140858184
775073204
1225561137
1295501528
1692335628
905438232
188636891
1734138219
1927668562
1303842596
1363844254
714002259
1402753095
853211414
149416296
1883480068
794913216
615402189
2115461465
1614455168
