3000
448915492
1035697054
1589607625
1042434545
828583981
402640288
318981843
2073747501
1106578596
1877844503
445081318
1524081330
400946961
1785280453
1344787028
1121441195
532344694
76962442
252546168
763977541
451473059
780058363
948239935
1141942084
538075379
588228056
1265685420
1368670083
1025615790
1175439893
560095812
507335736
1725539350
1674482510
2105579337
1765663754
1536510185
91067229
361131488
1640874112
1024406944
667240881
490859996
741299800
1730828132
33959986
555528423
820854158
1876202668
743902971
609677824
698454421
1178369626
1574017229
62792454
397939109
364055164
610160580
231213841
247204197
1655854766
1745924344
354118806
2095251601
1319268868
1053075628
2058302428
1638216540
152383448
199118627
1221143898
726979275
861012249
590146700
2017805163
1103433060
1563088718
621954365
1571702157
355589752
1211305677
221195725
64042342
1572447976
1217487014
1945528302
1704205770
282693125
1757797655
1319552489
150565117
1870506164
1742532021
139302788
1901653610
1884678683
1067999107
563240364
922161595
792779779
448230922
472696593
1313081356
1941774168
2145846312
1376122009
690695986
1299362770
2072154028
1998980325
1627134834
923076722
873429732
1756293499
2140546462
612291551
586888957
306545229
1251967354
1539880098
394624511
510263927
598793307
1924897117
1012897193
1432394731
612270865
1333784755
244947340
23819380
371724242
218800674
244763787
1714872656
1056416076
782814740
1910633492
1417210853
1106876451
447436221
1054521792
568663408
1878384000
1700998110
22353433
1354077171
1903407495
180317250
828621340
2032819728
496042298
1308507541
1940304445
310386474
563496092
335640463
211195911
134151217
1364190596
771232945
912682274
434294567
274083204
791505388
53740686
1627235327
1082965067
300885795
325101011
1729461419
37913925
479928144
705343151
622746874
1450923824
688248960
264322412
1536270192
1544284346
629859483
1034609499
541299036
1817276422
1614283000
2037931717
674780829
1282261130
1772355483
1553751510
1125717643
2081485029
505574975
929122156
822767603
1660520946
690304915
1519783761
1925526890
980696048
532452074
279645874
1861382419
272899569
474438843
1899489131
1189851519
612135767
377732809
1073966616
2015403521
737475086
139579512
851876817
1854067257
757186887
1217984235
1191414032
2004419211
1027049344
1658916171
1130983401
335178009
1470472326
324031834
375305662
2073262315
1645110292
1944006396
2104098269
959765316
721888149
1353881909
1062421419
634237743
1376299305
112097785
1156971843
600975742
186203428
1081126604
48055554
1643069940
416887998
1527112822
1877150874
307033799
599459867
885602186
858478110
1860148529
1162866857
637508910
1173649334
308908482
850530161
1675629118
2077582567
552479782
1765088011
333026372
1042481465
1903623215
480679470
1577574964
1163229664
1714179337
1720094181
1525154647
1030138197
1591866019
1505877980
1232967810
138575785
895049004
647432149
272233559
998405837
2040132950
1718515574
605420312
80546540
803258596
2005889768
242207514
1381121578
549998323
79329411
1801268438
1929257553
1600777192
1825713673
1598278652
1545235093
5840361
987485978
732444206
1614284469
393898228
1052791699
944022724
1700381841
1909873481
458663499
379096104
242809606
598335961
1180762759
994178167
1453144976
1779753927
54878826
1636931955
1239420071
182986650
1365943727
1256903438
1523952795
1278443183
457389894
1285571992
1223940819
1347762737
724450365
1679710629
649046808
443279008
125323548
1381268745
1277910724
975917287
1457824057
208546413
1701660735
490066353
1397226476
554482163
1362670637
1195041315
400413680
106100981
801233947
960231544
1159806025
506694373
1318445193
460893019
68304845
462623105
288345058
1285758721
1727055514
1408179268
198417356
1277016346
2106983552
1851449822
1080579024
203627699
800419734
1237499700
1261049770
333016863
258882980
1636270262
1328369041
2020729771
1521904558
1755476416
416008286
395677745
1246251800
1218655704
909441380
612403535
417044513
720922537
880421792
72107637
1569921176
806617718
1099941243
621432373
1755824545
2031915342
702321245
1852844750
1232758358
771500135
34608627
569746931
22343062
851321984
1276700226
2070302088
641994876
1280095056
137629077
570900331
1569890507
96412668
1764652145
2106736158
495933221
1015676744
1292981420
1231490202
308685075
1392633776
697479996
1265898200
1375086355
633487833
1304617495
1668762175
1051517845
27829431
814746457
978874746
294674572
2100695457
2111357604
813533395
2143323683
1095169331
837197799
1159370389
1339629666
2050158235
1430905174
261993304
2008901211
1535467674
1362040284
125328926
58066799
1436535139
1583861529
1034360913
300597817
1438049075
1065311237
1450724035
610304637
633048066
1213500201
20148549
1371867012
1122006682
735147054
1583451960
653333125
1183687115
578439936
1016589086
422190230
1186109813
984365439
1321604114
1884067056
1602780845
92619241
2116562223
1915201406
1777653684
1502488943
1025409551
1622379231
920528965
241134012
1196122808
149640881
14897707
1654270907
108546157
808673705
587644167
799951269
1659060654
576006295
66995995
621173219
414557707
2050603818
184089770
2119352335
1132794641
2074850260
1540069719
114083883
736079949
1955181773
93638567
1030408368
33864528
535981881
1074420113
337529957
336223326
1846751384
1220530224
240469393
886161912
1600256399
1792560362
1897350874
1951041019
1378622498
951308555
1228392160
2024167720
897737152
4814375
1110862259
993916988
212580812
134178447
579228427
587753189
174550818
720477446
1075151141
1906668924
1265100698
2025352613
1645031040
924617666
1536092376
232773161
1256471573
59817702
966027173
1868600607
268215288
1430989811
2028002844
1284246418
1915024104
1285332259
1904486609
670819391
477547456
2117563937
575794800
154567757
86732953
1338173380
21794139
2111390621
639587610
562588856
1923584420
1513712779
1625143741
591170933
2127213556
1452082414
606948531
285469908
601775960
1456233902
1328993648
955620377
1200275307
1620929315
1484711372
276543211
1504859992
2075780629
1829475597
1276332143
688987858
1986081380
237977992
1527543478
1053370772
1216811346
714169247
1544287968
1309005082
361764828
1227765536
372165254
1627291237
361558028
455534219
1037124225
1824637272
2080727403
727325781
1260014713
1498562006
1132732470
1759450503
1804338626
1404954349
439641763
1939573860
519739683
1811470403
84038838
1615704624
1533698539
275035459
734992445
461582683
578181322
1829604952
577363323
689322004
1174390721
214257647
1730053990
938052281
822625924
1449572493
952840150
1606196534
1689714406
547935915
1401777961
1628485238
2024421551
453775246
339242480
1698175411
1356213806
847883570
2011478918
113785082
1649551515
1691284564
1711992676
1489498011
1268048830
619496270
817500474
890422328
868301529
142915548
932890827
1351234321
1472470134
1822219612
529553041
1842217067
1663354598
493019945
434656184
89428666
763907212
1279777589
1126840993
1541166172
889806800
1140686739
850900709
1179590347
816146308
1375600978
1770962415
1146137694
1562368833
1231511158
1738436232
684790320
836560838
1393770544
1279244770
974930732
2052348548
1928618271
126014337
150968764
1675482861
1122139173
1193437515
952003031
1723290030
1595785630
1930273815
263101408
205968816
1626527259
983166891
1786138339
1941475300
134764805
1686997884
302219809
423240670
1526657708
1230234124
2121713616
1261717431
338487750
399288880
1062862710
1677961311
526271176
1111936588
328996798
1305613947
1101161865
844635560
837474554
156301704
1011895222
660784083
1545844669
1731595519
1485452927
1824098550
380939855
1601922145
1219096130
1634982548
1055268712
1887680267
824084247
488807274
1093058757
862188881
1919201288
1370930173
1519553665
1504912280
2044889444
1678416454
520993854
341934005
1871708780
295643796
1869400721
1916267658
175423494
1530783618
558005802
398501457
774146810
1364232747
1410136951
1232748316
797132175
1205832259
1301995227
475390659
1060727581
1699243810
966876945
1067574169
2086802643
1876735747
1318877169
916557305
438012154
867893188
607263644
2134066511
1321422982
1397905174
1970367911
235268050
1942410802
1377946314
459736323
939424508
1360104407
711233802
1117730401
328146815
121739539
1132200054
944727571
333467116
1743524259
671633541
704602753
449665811
1264169860
1740710394
1420543694
2111128397
390409557
574541440
1719297153
2101395433
843312179
1292206512
1077523987
1943970509
195195471
1615009998
1376016653
282557126
798831923
852544310
8491128
1010401208
335479757
1864997482
1448857300
1509803772
1632499005
807832288
1067862202
1986510793
2026888663
2104599455
722112168
29357857
1473203917
213956340
783757295
545989766
1017781204
1577644540
891839433
947813775
441608439
2113680831
1073986846
1234326123
1930117560
1933653877
2103436122
1303638694
592033402
402089910
1039226254
1220008180
2042856318
1647813590
1354052711
1699553016
835993212
1667411375
1658000507
1926445749
25300261
254700499
1083103338
1393754501
1821041649
679670288
910398320
1711011168
1912818520
56119626
1451258651
1151785135
1915727481
535179325
343978492
603884081
1449210363
2090216191
1884787119
43002305
348066114
1498021005
1682529723
1411613887
503678386
128347466
1491760201
819775931
459486185
1228147927
532503173
617120952
515777281
625389861
1378407625
399696902
130628158
230473659
1958677095
1699431393
1685276403
449264866
1693363991
490013592
2069400522
453747981
1633105270
281452558
2063586819
781224941
1796802908
915937837
2026642612
537265658
1352323533
572629382
2125178250
823842581
1750907855
1028360525
1588442320
330263674
1553124346
703628289
1606926948
1389861820
1717516518
743647424
389232769
2075929556
2040909340
1051180643
1710012926
1737303239
680613180
1894994003
436072477
483780705
1879312664
2141260393
526049643
1470370357
743182173
374267410
2084294609
1695686611
664075092
57830704
150773373
535224591
162486240
882327481
1806352467
18526351
1793538529
706166522
1535815293
1613984661
1774377479
743340570
285074991
747135617
1705129893
1802187469
173174603
429824268
1717092994
1444622565
1982130786
1844407920
1123683748
1517772619
538846945
1552520693
1211271330
1873719108
754270687
253625963
1889878839
907101677
1186941743
1193913262
937932224
775745346
313881941
1108139408
718574956
2135677786
1706740260
1426170122
370060573
2131141117
755657280
50442245
363642899
775589717
1687638602
533547516
1327985700
510998474
1019652585
1751370560
1220691062
1032213697
1028495824
1381961479
533232346
1313400923
1125886371
818058748
1360474737
1700047272
727361307
770668233
1569546897
324581877
1437405992
2140018548
1310388171
2113970018
1676941564
576629789
2034747223
56920731
1040583649
1493270657
1848377496
589685252
1675521522
434636659
250742601
1266226922
15760835
230667047
790351533
1333641456
2137345301
952604161
2011433615
929432322
170811080
1721879104
1731490385
1242445509
16108895
1901175460
1942620970
583393778
1494546639
20423210
994081295
1563095363
1121631678
1828469996
484269538
1545092595
713699880
1836736510
1175761452
1875400966
1352330616
1792721313
2078226674
577609804
1021564176
1026619910
1444670779
966826513
1014592479
1410032321
810908955
103127453
1781061660
1434894318
1164233735
1789569888
1972893903
1721151328
1099529478
356436299
1966384537
1934877217
280069451
1046697774
188414817
2000755631
1288226240
1538844234
104621102
1922562718
1913237021
325599877
1773149145
1791920359
1701307973
1619576398
1932934908
161911839
1666056545
1071969840
1029071240
657968537
453457849
1738434118
279096494
1216721593
223226006
2068964733
1212712155
1565670709
983147823
1635578461
1731704916
1291737945
1205895843
1443198722
388576666
728313976
2125296734
283430305
1257130293
1004477589
1870392672
1461128354
563176500
961121581
58133603
252680910
1878092440
804296060
1960021069
2031356787
44075275
239029831
1931329352
1996374789
972002264
1864105634
720670991
1577509688
372173931
25496566
2127204536
542703330
575533175
1447277047
2019951458
860886836
1730277171
1168474946
1492713086
1918983800
834512951
206418375
801802621
1573995907
2070041047
793714322
92915865
2004242451
699606756
752890454
1954819843
652881906
703888752
2014936406
1947711789
2041195010
440362093
995106895
802827958
1120387745
1202899664
1572666389
2030988449
283816310
1087057122
1312926215
992000117
679812490
388614975
507264101
1510152532
725295710
741632120
75155125
56802023
1419680605
135696336
1904192843
1104107446
931149863
1120756569
1936178859
185445043
775346634
1929834992
1088623274
284027492
996029824
1723733499
1607578463
1310673517
1739440674
496753439
2100628861
513377881
1017703386
357002465
826746815
760574736
1393135728
1944947962
329819117
523082282
115721176
2104004833
817268524
618650456
1118952432
59894053
574146926
71898889
1969210730
711339686
1119530681
856940650
788307744
1690614162
738059878
1261647892
172859241
2125709114
1847161946
1940016547
2030911368
1580333125
771055689
1308773008
998879275
1539231636
519319345
332342334
1132828106
803346286
347808231
1275360740
2103184581
1931233484
925515646
1680565182
2039018945
298338580
867509048
2112521146
869697953
1570224200
476944027
1817235834
1016149550
309512118
2117136556
708093808
1396883994
883201900
344538902
85967191
295024950
576527797
1660105921
1314997971
404889814
179409890
1616503905
503242035
1174696945
946105804
1253654180
291357180
1598023552
1054725928
637033348
1906109670
621606602
467516073
1512868489
1404648136
1179989786
1217417016
1519790684
246718116
901608688
13512495
935872989
1377394042
1572804475
930149845
2089553837
961695408
1517407488
1120233041
909175562
1852909574
1405517753
1145313589
236620709
1226559242
1242861820
718910260
1669177874
1417261904
570056228
1864868689
1633445826
1226453140
2075266333
1296460059
502525857
1307375980
1696309220
1202872979
1709915685
1032161632
1021137280
724312887
1857366459
990027571
672872923
460673385
1219887743
336772789
1265056115
1693650210
182321974
1135524723
178925326
1734270588
1451854120
1665354477
1793553096
1775184549
2073564278
1981980400
1272683173
142619695
835391520
1027016512
244811497
820420443
228418208
655334622
1633203791
1219789204
199542332
2055205569
1342169652
681178907
1219356798
137089553
1671881494
61489531
853824368
24640151
183950428
678325684
1333206363
158920211
939503861
1087275736
1674272959
781763103
393330609
1377449882
678264274
969734689
3860261
1050292470
1913790685
576023171
967299661
1848821921
270013406
2065506809
2034928710
197221171
1960564351
1492540369
17259791
1895636414
357432907
2131393275
281603432
1791261909
1247633081
284625774
1853666266
1944060635
1608907132
540069132
437823381
1550042472
1643493115
610649425
1519074766
267934913
576185899
1287084560
731295260
1299472601
1568179667
432370496
867728745
642740299
1456493335
1453565446
1281250281
77053577
975872857
1357997496
1305024519
1110649397
137757553
510541588
991908669
206887646
1374724221
1350769279
441441793
1647339398
128022477
744064397
914740470
1980990859
623857513
1480197631
1125045083
338640262
247887333
1829401517
1337227581
1920576216
2111720282
2095405789
1051342442
1899053370
1875873970
1709401646
1867538323
1537907458
474775725
844091761
405637483
624021499
321630164
1436607365
1436495444
1843942040
1041675461
1202548900
1105369426
1336432460
600676482
1438147769
2117540653
186040832
1875906201
2064340283
1811580475
690789605
1784509722
821632081
1874916045
94443009
970759557
1749121544
2005453694
2059208318
2010930335
1139720089
541860102
255917970
1493033653
937852995
1045448536
321315289
1614404542
1535528339
917813479
136837949
1393645539
314930978
132268946
118533362
1700494291
645191544
295402635
185244205
1484847216
2119541777
613383357
673603074
320228257
1843415263
477095163
848153042
48613515
1723091538
1185622650
1072147273
1822058280
1774858033
453782207
882252593
559701379
983593823
1386219501
983061265
1808826164
633111040
878923058
267979725
1661691330
502839105
2119654132
248669130
858350006
171469610
616635155
688934201
1348219226
1463485346
946994379
1312457762
1918861843
1063718560
538720705
1370426632
593836149
1015440491
1876124122
1809201858
514490475
1032606287
217722544
1492729128
805741902
77515726
1946067255
1686386355
1055175254
2143004239
1617257776
1604115316
741923546
7526897
1187347901
370579142
740469323
1833880810
58013918
1290615297
1225587979
1638114592
1472818393
831468092
1195163657
782148278
1256717201
1633699570
752843075
1385071086
1112448887
1425924145
1137350766
1098769902
693042926
49140890
2134674946
1146669756
1172375914
2038480917
1225829703
1106640757
1682742072
2144395636
1459016363
2004723828
1380673984
31883562
1231017388
2076559835
895760387
606789596
2062532583
1667094962
526406318
1450355553
275172847
2032294401
1591497799
520683184
101857144
1095859083
1762996635
440657504
687193936
1664730952
1563594156
1397452956
520031262
532402488
141514374
651969019
1521731616
687338088
2107746593
1357821107
334203367
27331510
1103297901
441155116
541492270
9260786
1111071431
1396104646
1261567504
792597061
1086608569
1685803766
376148974
2016913930
470388228
1077730130
420757210
2082622116
1525319201
1612560592
75769168
1791816569
601615621
1180549207
724579189
1732993102
1352974042
599601117
1058175779
1283982471
436496693
1410075762
1512463478
432213215
1709258402
1466894519
1151956409
1687644524
364905300
1182987027
1374837661
1748951130
1248213204
2074586103
365828597
669919158
1822888717
1272685549
561347472
474089572
1786588092
766566995
1749752387
165054350
2058440451
352621258
1639135288
1765874007
1617926271
373431426
1987468865
919001881
323736961
337297331
1161807477
306697535
1599484876
1320860667
1256753784
1308116599
67187609
598015658
6331544
1688269963
263841089
696146268
153520204
1312786490
825453914
321994664
442431944
1275063729
1988546535
1777536525
1404899032
178766004
1969751575
903075673
1485598315
1689042213
517036392
413252468
273557979
458177214
195430488
789104092
326722573
271691220
1592603332
1073238788
1779483275
1594241810
1835404758
1517748165
1725801764
822812779
827744349
2116951652
323102483
1110417510
747915011
1259714013
1286792621
1373197262
971784510
2026506078
1711903415
526646297
1914995731
2117311688
1409370721
479472960
805214153
1581965195
625849814
777390309
1773681594
2128623019
1138618710
641794015
95195613
1114745138
1039941119
360291429
47617036
1446450560
454785426
866800884
1159057365
1101913687
155409955
1391224262
272001634
1158491485
2100071293
999928800
1004367256
2016131346
809326096
1361098416
1838832400
1669337751
1018716251
185821795
763300319
2030337010
1905130068
466242216
1958660481
1659324046
1415662220
269767775
1693830935
303085925
695352655
1233981325
702146669
1319599879
1044200911
1867621181
506821091
1222417436
482457117
1324215646
674087276
1214770556
981489420
695904001
1609917205
490614400
660744468
252022234
1999388025
1546225574
903439348
880580104
2119009696
1041081281
246222736
510993717
279784533
683691909
536898491
222843987
514164862
2088738533
1481056304
1293760971
11947306
959355764
586626571
1721384026
896910576
1788967623
636081850
722889755
659904069
190995749
1266406566
960751186
375017452
829919938
916388851
1567374970
1158413570
1624533802
1395468759
444068122
1324876150
1262324306
1307454889
924442013
441318892
361351110
1558278338
1553451271
624131142
1850250431
1635542787
717809697
43066448
1509353937
330221179
520319354
825898727
353091012
228427851
1238513498
326062891
1279591350
1025880205
292244223
735937148
800993544
1901584060
620799448
1750764577
226053180
1866311126
1327750284
700420898
740524682
844737714
60152037
1667430549
251545203
980653621
1459329991
466782429
536213018
157331919
85002183
1267658752
1963919681
949646086
1142076347
229209575
41076722
1469297368
1647821843
1363477012
176457740
282965636
204787168
974874707
25719878
1699610995
568377594
558365973
1652873725
561376274
674552315
783839487
522649475
182256806
906009673
1321530974
1687454318
529479690
717935993
1452321787
1664237058
598720703
360228289
2096321122
529119509
501342213
1785959516
1691174943
244718722
1282956914
120039273
1355205936
1608626562
175952664
47351921
932941845
1543301067
213890146
1924967705
1395884431
637002653
1413624029
303401463
1810493724
2057802876
745197069
734776544
209973587
949965602
144036400
920297247
2054620095
266864599
364016593
1269100355
1094782345
815650885
1505612183
1930937401
1454543802
733830844
1141683041
1315739266
1496071857
2039047987
510988808
948220831
670082981
1024603755
1619552181
1207346998
415984622
1686591492
2066728983
50769427
1433307537
840758430
1276821633
618868716
1980171187
158183327
93454600
94257671
1034538642
291638875
2019478309
209531252
1884947384
1388733938
1385704369
240587958
294215333
2010665333
256309670
400254638
1964245123
825536529
2146541491
1706666162
1809349923
145697724
172010344
851643532
2016226896
314328755
1762469380
239019809
1569968285
2067198676
2034873534
449620590
170682274
1516941011
1482129551
1749493622
1200122450
325790970
1517807419
290117953
1402943191
887259478
623637125
1594848962
2042941222
1906235423
41064854
1953696975
2124668160
1179169638
1324795958
1663950987
828112584
1170911859
912142219
340286047
923097794
1309925011
1175051981
386659986
754613303
318603873
934912604
935870819
157906763
2101184485
849554664
837081165
818763078
1332633224
581830573
1725527061
168872233
1532324172
715475550
1036319671
1916480382
1303442796
525343505
763141643
1269349974
922138695
1719793510
1963717783
66009775
2072761816
106153088
750726466
1320133476
1042247342
634824303
602946877
2058773144
586200713
967942572
1844451887
837463168
2062127695
339411535
310705574
598617495
2039922322
297700576
211201755
208534729
287735129
515995360
465687664
1145428329
1807142137
1597318701
1806389125
2042015312
962340294
1252637120
906796486
2089901763
778682635
582048307
1251099407
5692035
363095598
1036341578
1371880530
74349020
1177076280
975039170
777550280
464757203
485377225
1225661626
307454175
469479768
1307543506
1687418674
867325601
1364538360
2032221278
1710152904
104223282
669081454
1803592086
489456471
2117891714
1514723147
1419936558
918403922
580302122
300726681
2102116135
1833173188
427718782
152367663
867980381
988336928
1725584661
645715995
779483264
1991235043
1076872555
884936993
375863001
122992732
750381806
1195490926
1032066446
375776825
507402444
291762316
1056261492
1936523237
1230562836
1808622452
1646712423
538319476
1108838417
2128708460
438269802
1265027134
1138701342
141998282
1588149118
1396041844
296929936
1980955717
1693771808
943014007
102041724
336507770
1770048672
1241373439
937329180
1562301593
1294737199
766521679
192980192
82268997
998236924
1121524348
508478033
727110853
1750489007
1332511813
864428381
1034726305
791277274
1153889198
686692669
1697258663
2121583021
1556532304
2064200598
42986177
2108276936
1060004183
116414133
413739838
1148186816
1419758880
34666423
793010711
1172951523
1705218672
237458670
589031005
1123079427
558564304
1642969109
105811432
709790515
673149927
890880082
673817331
1176261222
1026502233
2019603672
304422490
1905429911
1210660681
1616633608
1125330245
1387290925
1620628497
1816521877
816053670
927267437
728882042
1470781891
444518680
1023630709
1765723501
1346364391
22108678
1483324209
744600611
1464271659
525754453
509956062
1274596309
1743089010
250915977
1757137211
1226306229
1377279977
1597455608
90387627
19390973
871461344
754958679
487683595
828124477
419868399
1928617851
1567376634
2085686127
167032973
558481272
929215369
1409410814
1009135923
833249246
710491455
1600763214
470396467
1385968014
552688569
742266947
437547473
1894087934
1414899273
978732438
1963601424
1418857772
2131982387
795784976
841141846
978953471
1621826970
1192928035
231164326
1229503190
790596447
1540636058
1841200590
2142010624
334404615
859618974
1069748292
828579434
905631553
146617331
899373507
1959881126
437239558
651761937
2045532072
1658756792
1338615417
950253337
1193322029
1501009460
1892290538
1508461879
1004307288
2134519286
1816236877
1304232171
1587009686
436862254
1895320623
675059310
2081901870
1634685206
69062780
561705143
1788698843
1354854516
1934208466
883055025
1036815654
473770124
1412788379
528454305
492007650
1330159810
752431678
1271311561
983302501
1095071647
716418740
612542566
1339475232
2037524011
2548608
1463869088
618337800
1232841966
317863331
27865240
1282763723
1501595594
519249884
1364459404
651996552
392555040
1282762894
617541249
875007258
1988117412
2038161694
1239509194
1673193533
732957722
428518082
104985423
1405760392
355718991
396101079
755844236
1579347115
1150333540
302557069
477111467
1570509840
739362603
407672943
471144023
1235398585
1082148987
1186044521
906413579
461133112
1926538914
872945484
1222132451
1794685939
1019350065
565679865
990117691
1315657693
371007686
1049607499
1687328773
1273363084
138352372
283300044
1966761379
265125614
933625684
1150470418
1380504674
654408344
590570807
635036682
549880829
686815229
59388695
28820877
1835479078
269367579
606920308
2030836876
620126560
1968144858
1125964890
193450479
1427235964
2102585746
2061262163
1002290824
1982008032
69285400
1976783367
767289694
1286058904
1987296600
691582875
95833613
1090263607
1302155314
415312618
342633188
1643540656
1296968706
729007674
185653121
533020217
1888220635
1697006651
10560095
698452075
1700182885
1732341007
112080760
973456154
211025601
1854851685
1673989869
37390456
771278679
451978138
1170825847
1328159184
1842068711
688210330
1585654892
1854646122
343427481
1691778012
1630383442
1284989158
1577829447
2144767007
1063975607
932465984
1372955242
462105431
1351554250
800123813
277066467
1164440713
1042122136
649566982
422797285
1333334660
612664836
340773575
1007745350
1688154984
1329507617
1218245332
1262356103
1849541922
1403266579
1881953248
416784787
1549564247
232025519
1229094885
1930811534
542970367
658610660
465152466
362616936
763786615
1451632477
432127635
1899667139
432409305
1951289180
1760773271
962917492
69754443
1363011200
809895004
1492742079
900336838
1826341768
681343226
1171242592
69335393
1168878616
1387595757
618428478
1445316650
1992281133
510787967
1320925484
1105830809
925545505
2089380067
110936930
540821527
333111052
80577827
463972815
266360990
1686683651
274675836
924189235
1285815017
142629362
1614487755
1196924785
1756871570
1747934310
632455259
1253856198
1709554262
209767166
58781056
842775372
1600790097
1429154401
1666173872
789843354
1817039581
1935030290
1150847597
2082011352
491031150
1303193380
1995878088
363561737
2016349262
1475504042
52077370
1500771679
377669616
791802902
1521372965
823578064
318222750
2024744943
1083996304
960346336
1040016998
291184219
944499491
1215141210
530094294
266377091
729770178
1329757445
543802500
1936615356
1537958510
1170921395
1253976853
361327849
481457972
937063812
1873549309
357502381
1142537632
72265945
458976421
1991327468
686150565
157063314
649819494
408228447
91338458
1109533354
1543963911
1859964000
95446033
1205036586
244832532
612795211
1231700192
989650307
900351677
1344816198
589777618
1332981962
215100897
1857209044
1637289983
262997975
1946302240
646155737
2053599122
1783981211
1143363159
468700920
2056986987
1059128763
208836479
1116770323
831588157
1710116898
799486796
519670269
554517400
359875101
531295052
1487108711
1437932409
483322960
16559539
1274217072
1754176964
360183141
1318945254
6622305
188027834
153166754
708033754
2131344071
630405319
21819085
1531477295
26664414
890518490
342432527
463499164
1383788997
1247577710
1181440753
768662179
2054792725
867913069
2030565781
1582429112
8055381
396749164
834374920
1987017386
206931244
2074998467
704688251
1402510923
763245308
1904426475
1881851468
1152395443
1520716593
1689412471
1434370762
35517279
2003103497
1223778499
4390374
209888070
1230880796
837469239
916393498
2031005186
1174937022
714651819
1497672083
832414869
115731514
1935726300
184193491
1909901525
2041111090
591510708
742556849
1370745118
236806082
25390646
544421760
2028963102
868338673
1249606988
1136613644
637221121
1829993312
1930820219
264411988
104821614
381296286
1676946501
642631278
1954901950
1020966850
236064952
1481298618
227310481
2029722016
671327327
1085409992
703300380
1459547498
1408955209
833172985
796910699
669466893
1676144969
2080754221
1405783256
1964875097
1780685243
126559969
1404853253
1999873159
1110693929
1147000547
1418907976
119552115
1046722712
876927582
344325981
2032347246
737107757
611449135
1227409484
748185583
1757825376
782900740
75260559
1545850038
1391089008
986101654
953689239
1572754711
1788875524
2141790990
1994823954
172881369
364960632
1826168498
1209588721
1888547043
195015090
1948730302
319896935
1195750385
236055215
1556908288
1185296250
1184382328
894213646
530566372
457079099
687737806
963108277
1176135568
292008776
264868801
1299756650
1678034281
1873284335
1742618126
1297283165
96733510
1621907183
789442051
807650901
1398912637
1980979382
583602076
1731587921
847668011
993487983
1827286477
156306936
1606447853
779576133
1401295117
1749315801
1234163839
1721741744
1154049361
1867434759
1842339913
1563747076
1343023046
1848880122
339214981
1300256519
963190383
1039122437
2127347135
1398818037
1429378277
2031933684
188315848
1945897083
1021813651
1396096268
1177316632
2107487603
926465422
1863434518
468556002
856814768
1492403984
1844717281
529119699
34547689
1958671197
1306740449
1409961594
323278304
1671539534
248872831
2035523987
1439981337
144046982
2073685532
409066307
1058273625
760875755
1550249573
1757289557
1386017965
1995773997
1176527731
723820388
633751299
880115912
713475988
997516326
1959551301
848383742
1117783201
1713692897
117918389
183652260
1707807902
2073050443
179307863
370585995
1561290992
765236243
1071004304
986655361
1129913314
2051784136
1028075360
1317250654
141748306
1073029856
1363607660
361200770
900655477
369038892
2065507900
853946151
542057461
655439441
966082866
2066854079
1189008851
265869560
1840590527
637219519
734891604
798522473
1477010562
1170176761
415043323
1708868284
1107858831
1043317518
1393750811
1791324765
875535748
618667566
1803493383
1167786553
748074571
277112550
2001206936
1597319861
551613083
1459926579
726497616
1279262806
830931888
449995005
2111030974
758715988
1402881197
1275494111
625407984
1749559362
1499271008
1777530852
2135446072
187354247
683497568
1575951298
611741301
1368141541
448697046
944291578
713105741
507630193
1827134756
1818419534
1463430215
738614224
1640723852
1630198945
1282651391
1416323949
611087775
1194138403
2107475500
165367817
1032312636
632444069
221386650
61094117
1759625170
1953387973
19160607
556060516
1540888031
1600736794
312435809
861164152
362503261
2129438104
914926291
704546655
479123262
1566334015
1498828783
338476452
460388208
419819255
703201408
2035603402
604835723
1208862424
876720125
1258774169
1951879190
12856990
1978603584
217422470
1978927864
147509620
57082611
1397274338
1330331809
831766789
1180260470
1566763918
1080652821
1357054962
1382218002
1564716817
755943048
270248788
1183472769
1776808198
544038080
2101441056
790100766
757030128
1178077817
1555554942
1551596827
326083414
1203914340
854066221
688829267
515820781
856844223
1494586237
816273306
2057147579
216475921
818724427
168334536
321571235
1842443625
762407811
593844018
900250017
228817937
1939409066
2017748023
738042768
1737887014
972546083
1882667933
1383608579
749026813
1741354948
1391771338
1498478971
147149898
549943003
1602789829
964823934
1387330614
112759845
963158862
1588428776
355582666
1964313848
123767897
636228549
2078530482
1526014584
1298528628
326945338
211168258
468852866
998566451
124688157
965189648
144206732
1630935551
1132269877
1071826515
188028723
1838161892
