3700
516989835
541752000
264448178
1657853737
939472995
1544875258
885997987
206911931
871165774
923924897
379936507
1070451520
436373078
364609105
233474082
1772920693
1949293559
972780545
1645824378
1541682807
420927883
871138505
642318702
2092242497
2119263532
872474307
129546332
1107176236
137059312
1511031223
1611037964
731967224
1045009535
737106462
1360809047
1353341412
1658251599
827147741
150699630
2014419682
602950172
1237313746
128957929
519935912
2099828547
754448555
1641186675
1000486089
1629422452
608356716
2116560380
2095474344
1765522965
1872306521
889148801
1008994500
332703005
1872516421
68961577
1332903558
118112176
419605901
974667508
1745689531
1624981718
1695813897
272551098
696669126
1392890002
1710750337
571565502
731427737
594534185
1555412021
230335844
562470968
670007039
703061095
1222248916
1863966655
1986807482
826552744
1496398017
74705492
1215478680
1262003875
685494190
1862271172
2071118794
654229324
433764398
653790806
620896449
178664392
1289488303
1041059810
1687941407
767024645
1128817899
887473466
1920351112
2117201184
482276944
1648322530
1697021908
1992188468
742971572
2141859076
1173246646
1210373030
28122216
485084275
1302920866
1998093008
1198411069
1815105870
175320884
849577789
2115665624
243430020
944087694
244366002
699851860
1085715065
1155261511
2018791061
1982852643
111167466
1231032087
739581697
735506444
857132542
980719421
580329447
85348285
1890302991
693443884
1743263901
312818332
939435648
786909022
97495162
1537467520
1841383156
2075436175
740528950
1260998151
865881083
233215538
71390386
1156289049
1279652375
947733178
604896685
1724628176
1278960423
1964674937
1610438641
221129119
766369740
1809458014
1254183466
606628212
1062514268
852455616
73577669
665694406
1257559026
14862375
295968187
1896009337
965710978
1843819049
1336952033
266512686
1749596968
1541198180
926189754
1910261401
1379248698
1267240344
86557045
43210916
677786477
679462157
111500924
1001149661
1788360885
119228203
810076692
1263341878
270996411
1622857505
1489835401
205188094
1374144126
284652869
1636756984
46102709
717419515
813478461
1323751351
1838987089
771596159
1751255104
1297462105
981062033
1598141841
2063416977
1604684169
1364287982
1234656334
88527512
1967103885
847921621
664799971
1711893212
1863897892
1334042449
142895870
1177899256
615857945
1434393619
2049310615
1875964866
1239689057
1458352894
1648727668
1998549521
687156623
1464477369
1433370629
867576878
2085080209
970340441
1671335712
626679492
1295392139
1938154647
2141643267
580895998
494658541
616753965
1469674041
358695497
1130029372
1738333292
695299202
323786062
1205694929
724938631
1484542508
1322914176
1102606624
1699930401
1158537149
791241291
376268225
924588354
691060344
1398559717
1047393719
1513118168
35978334
1613277008
539075213
1197126799
1469926379
880405206
1355730410
139430274
2127301848
68967877
159909323
167464344
1215372338
1569315284
1633589365
218879945
1580821661
1242678620
1698394268
2122135717
1826711161
95751775
1893677693
303241161
363532295
1043278759
1001049809
1825020498
47775372
1589979224
1592846491
89706812
1610550530
680768677
850534318
490581794
1612307917
892682637
952381074
1416333228
1753096724
62464557
1837464973
1584731144
1758505591
1443149368
945682263
1202455278
1566064385
1859624029
1567499681
84807095
1914322922
785116244
1022203090
971413260
978521354
550205771
1540980913
841863457
1895511745
1016273945
615827488
147745775
1009415739
2147288434
104475172
1293601643
1984523500
2112559119
285329781
987416012
220409263
600460091
1950021909
1014688242
403147981
1019745444
1018908726
1996901653
1531918342
603118389
12846870
196338143
145921720
614363283
771660452
183522836
688157331
981832733
2119285117
1223522498
1023502193
960593044
726628012
1541417279
1208294404
1557162671
1327351826
137743437
546718054
1661223795
2094680266
1059736385
265968671
265433617
2040153739
407345705
2049070019
1687966285
575149313
1450689861
2145438629
1554932524
1908321033
359827493
1065042683
793149528
1168410158
745499613
495385797
1772283205
1873205048
656764008
975351982
699250371
1406531162
1849763847
2134770329
1543493032
1275338634
1419416830
2092942193
504609002
1126659792
1049837380
345766202
1201754072
2061521926
2099646451
1242214181
607906906
811915262
1045535403
1546685989
275461461
1563608978
547746812
766131406
2073567399
453554469
132059028
1468762061
1111946737
1103583260
1150592807
662917742
1782011847
687630609
2032707525
771050993
69424990
234321603
1648175217
1778023182
1425444242
2053782884
1226500268
240742737
1786133934
649408495
1787909736
1269264202
1702068168
908151579
83434568
14889884
230716112
1382560509
203569175
754621505
843151055
386635252
840341650
2026639348
1771269932
1813830234
129647653
844410061
2111835371
1664487716
1886521167
383533690
681124088
1619342276
1681946
1393561748
1089730162
1424664307
447917769
756895835
572372155
223086605
1364498636
1576830009
1413597637
509362338
506234
876515335
1838898369
993649414
475236291
869046699
787138525
1348783800
1953070506
53195037
281549364
195828731
1391820430
401948711
1298899719
215306427
331138523
961889278
1822786451
1373494447
827612345
410995666
1977436342
215473518
878188762
1814774405
772967924
1887644324
816521722
759889391
771204967
602122933
627769655
1212782501
643781705
1949691483
543045167
1329958164
1465284780
130225514
1975997973
1993779044
274915332
1127545610
832942453
1745923209
109053840
1177266625
529302149
932435673
1720905802
1526011831
1650041787
446436657
1227749732
1885874941
355782042
1075844110
245219998
872678896
1398824282
87100614
811079156
630496082
1283760778
283926200
1057348225
79530660
926856851
1030745713
310447786
1139557445
64739599
274878231
591383001
995259885
625629171
1723838969
449136470
698990211
510196839
1555865319
1657927754
664906495
1040056851
1672443039
1496030691
234420651
331256931
1695658209
1341549504
1835214796
753915319
1120534736
683160171
444286143
256535770
2047875345
574525609
1998917172
887724999
660297185
1606495993
232609128
2083446160
653075518
1102643403
1117432473
312675646
245903489
1594199997
1342132488
1509823183
1124425866
1192840370
2126347385
580786915
1914147431
872803130
3068869
1456952429
1286546789
1969341147
339754659
1453667969
1724795446
589249019
636680416
1264996116
1035934469
294598585
1356066598
661362972
2067561460
233283169
1290429162
1430543075
708756193
482790881
230610717
1322224692
857548953
1246571948
1950040990
1815856261
433389518
361086647
1246073439
926855564
577222279
519485013
1511351128
1861031105
744529260
72556679
1382422629
750537402
1202944253
963021213
1271278131
1129732170
977590433
947106006
711246779
2080997792
1720531008
308232800
1121888009
1203529733
1088939880
958372510
397105541
1282388034
1111407112
1426755162
938186763
1886794002
199459063
263864114
1064964860
548186311
965232951
2103571592
859796068
253361285
728196424
797703736
1944757067
193002849
1674329391
39427737
1145989779
1603057581
1749935636
1602092312
1740980674
1147160718
1881965365
5054479
672955345
393428013
107113899
710406046
564637780
1757639812
656024871
2016296674
121467075
1418041174
1163528151
2046812048
654197777
1453130754
248959605
1475721931
1407642432
1715753666
821946641
574354644
2001661306
745495025
1399351096
550901265
1888775173
261078164
1896347513
1064713649
274087856
461701339
847148252
531651687
1740462903
2090937919
1764839907
1845655099
1400273246
1489695732
1271515651
1279978605
488443849
1239832130
435345589
2120601788
1157139513
416081483
1447426680
63585897
17618920
406748834
1383576780
1797307811
1033839830
592677634
1525999328
1928047897
1852834062
1259984294
1682039014
1954198491
1191949135
723836375
898385217
612514986
2075254677
754628035
687910988
1724905366
2071294635
912681411
999631032
1219847215
659937083
1457057145
1259952040
803300340
1630695701
69309114
175999312
1770116232
1754882693
1457981281
1633776858
128332276
1519556562
2070535249
488361106
1627144368
1286085486
859411101
244029067
287293561
1653388045
1353003628
1763986596
97920448
1759625972
80767370
1959118052
2007981257
1857911456
762720527
1695605058
581210943
179456315
125959099
1846151405
762186304
1865980195
1204317264
1996121920
1818817048
763090232
457741339
429978902
252070525
78361693
1954461845
1826900008
1289473570
1595067778
1399955960
1867918447
1368384718
626226424
1648587247
1056572206
1962515725
1531699093
1345257674
685697985
1055764232
155357015
1224393968
2084484136
1280411244
1193019342
1057636410
1911722111
1697469671
1450887769
2052519538
1647221847
1905667163
332044845
2126113749
1872044463
2104041619
626526328
1611574002
1070770693
552628889
850741590
47764297
1326700230
1856750097
365776664
339029840
1690697938
1955874691
1646669643
872370852
758358328
1901467484
1307823796
1614069925
2091745568
337079104
2075907419
683579923
1175564978
2005333256
1517021933
250270739
1470189753
118110278
1289960269
872281490
2117469910
520416636
152060567
510025378
1074291278
2136107788
568582390
1698305438
1968695768
287971638
1987753859
2110266836
510000598
264759877
1274924187
925259332
1934917928
1431428854
651917042
600104740
1268336770
1670614690
186225587
1227884656
534205306
977845122
581042403
1783220316
302959743
718269216
1670013710
543406254
355782799
457050636
796405930
1002610394
2120483027
283907268
140641929
204765121
2130106721
1689766761
1578058887
1048711297
1073533504
827353760
584511806
1805984473
345720792
1577610969
1161750083
1254882236
2047552065
516251118
1597785372
794012307
1627682557
1539742113
1660301950
402765396
92829629
840710704
1208736594
350641222
1729874725
533131153
998162630
762336893
1151415775
1956244691
394415192
945498474
1411791318
1259854289
1871817767
1128331964
1209169492
446942605
1213003664
934866729
273338689
1719619650
566139598
1611338076
653878993
590243335
1305086901
1168293705
499859784
637182129
598001058
529047853
160750187
1349401160
2086309440
659367778
1466852016
734017281
58589480
787255512
125358536
1313509453
1246127195
978680112
1050459949
792946074
846972087
727379756
431227405
2064791572
833771948
1056641715
699341259
213527645
477508226
788740958
23551468
1727157274
472394125
1127917030
1122956974
1638203775
695017686
2036116504
592420121
1051664554
1613792825
726368555
1758012220
2061015502
1096490980
1057257759
2025899086
1981725779
2038374570
1946080885
531774862
2022289344
182092783
1304305991
1452518823
652603292
1144041923
1803617400
1715289444
752536602
1025272798
1360376987
1787138021
938931526
597360875
1023204773
1541667631
1500253562
2108803541
606345779
1871284141
38945407
489614565
1268838567
1258404060
275575019
1655073566
1022712345
965483978
1200180726
267154333
2038878297
1182771508
498080146
1366163504
1578165284
1495847217
1854101757
1357429191
385637261
733181990
2084640957
321070236
1520687182
936484103
453261003
359011271
1454310772
2028983014
2096903524
379086531
1506627226
753435175
1416959174
855510217
1127816511
155643869
1655190858
2025541867
629972821
743116397
275726964
1583181581
1385240062
1711216139
1477583881
197750669
835824347
1322247333
361298277
823282713
1406848817
2117674564
1152064314
903305956
674177430
355878159
1256465794
1592525945
337304713
893985284
606603939
522829315
1689177166
1711772871
687811755
594366421
910937512
1480635436
631472248
1222664053
1883755452
1726670372
541570793
265307428
1532327496
724285565
1992388729
1148397624
628557949
1911193699
1777301045
35414653
1449539150
1585365986
1062534389
1686187270
1266232226
120285307
1468198626
768513184
1244545525
1563929767
1913142850
1601287592
346502810
999745482
1438793591
1049837604
729606493
70259201
914754310
2087142603
208970332
1156977963
2000414821
1032996942
1170202770
1931600962
1369817021
50634821
563064882
1677679743
2066322522
30218075
2112129093
1205726476
270075634
1183045920
413381035
215353147
1695473633
336504583
807089395
875845355
1478205844
1151292345
1413304449
1316733727
1503273529
250447891
620525367
2131703175
648359572
1892470555
2119226951
431238044
356987907
593488472
982541284
557780448
1553789714
1682599359
1071805720
668619055
1900296411
174171298
2109201434
1316576735
1620025890
1266531654
1397788335
1646805321
186148232
1277967700
276288645
1527325902
963061058
153402958
1572863290
1240501997
1133300178
1702949274
1504091795
246508226
1722049521
668527758
472537841
38394260
1767315215
1938079091
444280718
356632905
1520110490
1382303485
277760596
1001150047
67528955
783180989
645818577
1566372534
456087527
728258457
2076294615
1644255022
1404177704
491157992
442392561
1441872561
764795647
2094480259
275136458
228905792
971656127
100230833
237217411
451091968
294995053
1472113459
1803500379
1473834800
1617637012
1257993187
1598591598
1097452200
818555492
1558512105
2133476126
1395360790
303122906
1983828354
1328711080
345876349
1181536589
112739873
1006197255
139307180
1519420355
1597742771
1384986135
850975888
1679356775
1829712300
1701788527
2010986652
560782555
1925837236
235402778
462019409
1477937423
456931627
505258598
1101028521
347420558
1166925741
485817288
1620567574
1504350424
821204133
1474663016
833819357
1476403308
964003125
1581951402
1199151151
2145048478
645744429
1960419021
338081290
204117608
516492778
612816469
1323134604
659013604
751314613
88224562
1335068347
1683542652
1498201215
1156846703
650399406
192482038
1102767265
792976235
1729901045
481890087
838136571
584121007
1282281360
2016583609
828773791
1822919541
610490956
1200116263
497826284
1926851638
444072251
390746992
1552038055
1799677672
1240670067
81343083
1638615500
330424241
1034777786
2139074967
1019265246
2089716312
1318495690
1503437154
501420418
2008328354
520766550
1221968733
1064246222
549474715
1109761888
2053943994
1710800859
1017200206
1936677758
183425092
787200615
1513070926
474075910
2123981799
827574751
766346269
1099513487
1240092256
57481438
356363719
1434887419
267871452
180220963
209260874
1315476311
1984190837
328910390
292275113
1269472797
1274076964
135617217
492993031
21801070
1144507182
1031302298
1477545967
286455028
710426405
848328816
331257291
1864367581
1059183567
1076025784
1832216337
1750668531
1585249007
672411390
443664513
1579601010
493351320
517932487
117870167
1279403650
1191336581
1578880892
1433094775
845123180
2036295868
100342980
947487408
78157697
553140400
246620741
1484943221
1393919754
867654582
1241613645
461783407
1758962370
1387655600
2013425345
808841268
975522481
1675914026
968747316
663261168
265869361
1123474491
921469806
952971483
2104706779
1527678457
462699965
4342716
1328784551
1354326293
624868794
542869992
1125403150
1577103518
1319750351
704612948
144628371
543136516
1140003435
270897232
816319583
1520094725
677393386
794636666
1730427139
311568250
1510217051
434658460
107329056
2101700524
1185054537
1697705743
1278604505
1499786516
273875314
629330900
911895032
719811726
797187729
420718891
1295400744
1077798221
1931460858
998305548
1750715028
64889324
917632634
386776486
1106300650
1526588291
1637020895
688456575
2065728600
880188280
1094018700
317016855
75917287
1894473071
333053424
430639663
858313876
2003423869
537481746
562984855
592077569
400503409
5571384
1670506738
1739657724
1322927781
1510024888
255703477
1695692381
338916442
139918202
1654044907
510931914
408145447
1568794074
2124161031
544668896
838086432
1962390622
1588989987
647256893
1078811809
848112522
1570609488
109641577
1808937181
1819794087
442976292
1664571882
2041367668
1704867697
1551449186
561330932
1415041432
683082382
1163249412
374684372
2110563734
64549900
860065901
1738336805
1440725878
1463529223
805062363
473483825
2038687303
554368737
581620816
1671367877
2110632731
726489698
1017257352
674372918
1806682920
2147397838
1012221810
299102128
663314116
1252031953
708478340
855317025
1505728246
362816965
526479585
867873983
2075856754
1561631203
1973806434
1800274112
1589795343
1064584393
1971873925
2044254967
1481279407
671366745
768939911
422441347
964082552
635553770
492969435
76269184
1436533827
1034359183
927904416
73496128
501006338
1657554086
239837305
1548503282
1034273939
1761991042
462836099
245303766
784962274
620835624
577726514
568600672
1762611581
520127310
552983331
1374396416
603803007
687273759
326081832
1461037215
392021559
1558588149
120113814
866856520
1094368937
2136860428
372400002
1077219913
1982453820
2099192757
1701410507
2095264418
1658926139
973296870
575672159
2134129415
741236492
711524313
1180719936
674184358
76038589
931567007
295933240
681578042
1553276014
975476950
1047879537
904361144
1176340665
1717569791
1685891453
856691577
923108346
1446385484
1493376701
1996039239
335839523
2008687228
385096891
1099429888
1224049594
2130115342
1491874018
1592868470
918044934
446459917
333586360
1766528664
1690061712
230302409
1762816457
230221562
779043921
2011734855
1911982918
866254396
317134257
6411442
2033207599
1636039337
1598108983
1202297054
1198729339
1007811428
575663685
1988609434
596898625
24221673
844018691
2016698382
17299521
1803984955
192314354
1756832202
406636587
1902028231
1886068596
2140881945
1213299761
1894599455
2073741079
1111004334
702186542
1600806107
986209226
267571823
645463363
935506017
2082079292
636506334
959352768
2074922575
639933409
115926128
796317020
1024614602
1250775623
1187911598
1531922287
1251962139
486156419
288204325
578205090
1130910369
371889664
1548698080
927810516
45585609
1295067314
439262973
199094334
104098131
1994862246
1536345999
934978001
632492620
97741155
1084471578
359906980
757071143
316458824
1031751561
1284786739
639019941
155330019
678316601
1361808181
1607820196
108010724
981143514
437074482
157198309
2020462468
575281862
1796290488
2058975186
1136248659
70657448
280742592
392255374
462411218
1104178938
1322739364
85401868
1035009973
637947290
195623275
1197710248
1827040816
441257289
1837613662
691854465
1402497510
1414861504
817999746
996110031
1777491076
2061846527
1876247816
252462132
288152462
329240621
1881803417
972844247
1337375334
579929144
1099989419
427530095
2014717117
1065989950
519218248
934959660
108707861
73777713
46000863
663306815
656004926
444586198
1236261517
533572857
562924387
1421059402
181279612
421619356
1401950028
779037924
2071140110
757994517
2005657779
930380838
1249386052
2020958833
697973538
1728879315
1436948477
1146552208
2007505442
143444075
2025174705
1212504528
1201398606
1848574064
1967667096
1580869826
7577706
1449051848
392275957
396082590
695562799
1924873077
1108194295
887364155
480969214
1194293045
2079849744
461034339
2013330532
581054441
1675687853
38975289
713266055
1105044658
687362534
788283038
1364265206
1081135580
994435423
1107149920
301678577
1382739325
1684675047
979535648
1043421268
1559374764
1495206793
93417386
1319784456
1658243788
402843851
563913366
694791654
1566795634
307565830
224057287
831992620
13342988
661568132
2059107120
1296209598
381277723
1809836243
1961268383
1603028566
144547794
154811117
1826191514
734802370
1719334765
1001522672
1683046331
812621015
773593531
249499204
938739552
1181153510
1369867035
2063976293
1456077518
874301495
2075409510
1752307920
104276390
1762559862
1379036979
1720495316
650574216
1094754307
6701313
276022972
1195038215
2112250606
463010098
687907156
812386399
313985558
84700055
1816286376
1974653101
2106114878
1056484827
1821852840
2057508139
401261023
1098126101
229513014
1209000691
815225403
927363203
1339503220
2003220050
1018634717
701016523
573555453
1821608684
386800595
101811354
1515145797
197047247
223078861
215008588
1010873579
290814993
1775765112
693736320
766507130
804163280
982714356
1534928393
1129658879
414918441
1260775935
1391900359
1338408128
408291637
597188751
306823081
1996019598
2061582771
1510420796
1779662453
165294961
2005118548
678663737
1559281923
294425198
1953975915
2110040131
2134440401
2045500624
167336612
724816246
753900516
925317173
1133323653
1568491062
2070724470
307684695
1008911244
1129154796
459148691
2098701929
1389526015
411366272
1927345384
1683271025
1526595542
1208633745
244786636
1988694674
1405643723
1946505997
599152349
836882919
1609961219
1987739228
1010061386
1388925524
1751448686
1382058499
1229996338
1669690229
141517372
392771629
1071274813
967910316
480815708
1758857108
213563081
511344401
159802163
701625973
525893640
850293931
279310108
1206471857
2057464318
1471870374
1350565152
911765059
882469766
49326924
1400555869
1795863826
123651001
1617769654
1617699987
272782169
367412616
255258051
263996657
604126720
1234037889
137575713
2105171556
1752375065
888912116
1841326748
1238631107
1453084527
868406236
299629755
1988118933
921295196
225508278
1960747036
282050789
421036754
902117416
1459000516
2100438371
524345288
1525733094
849978607
572711597
1843031078
1306767169
382182174
495803105
347057771
1875160857
1515614184
551155774
1792827785
852995646
220236110
83166118
571385714
1680968545
1403985893
549471969
1130644246
1589350557
228111768
1770025711
1516034763
1999052421
959267766
1710707079
1215972081
1670554020
2141776302
33275064
373804841
415288882
825631395
1501585331
346140050
300098512
942179348
521813594
1127565490
924367586
788071413
1396180488
928231814
434264121
1286391510
375072285
676270625
99403983
1198487245
2042867417
1421617017
1873971008
491397249
1327496062
638632977
429238011
1728027334
418455782
1312315954
1530071224
1899459494
1651844892
349670803
1305466698
1413506954
1862797466
672648813
1004686132
584277728
1577876175
116652882
282507076
207615198
294485777
18811725
693230761
2005632234
1525266831
1388167270
1263634268
632013389
704221856
273441255
950825445
1613092084
943791882
1764326995
1033007811
79364176
1792986963
1029617025
1338896163
2112606642
1795680425
492866575
1252497542
1354421923
1040434533
144589743
242053035
1765268097
1924586667
567983924
1237193272
861711795
1273926389
375876554
1977175515
1441034960
599708247
528102261
374799560
283538901
492989101
1391949694
398797511
1377667539
405748273
1797853777
936280130
82112368
927931607
1123770983
883554165
2081669910
923706791
2121882572
414504943
268432161
833789587
895525559
1379400547
722583130
1659195382
2009509311
1719228895
57719258
1777111559
719843373
1918557588
678649701
2147067011
106564700
1374125981
1452942373
285462241
1744440609
860859378
889132576
582928541
1192208796
150334902
860029767
1985866131
1161727438
1095558001
924919498
1458905646
905883111
1650949028
619864117
258522078
1937023087
574388327
243855685
268230842
2040725480
1404976237
2012070952
1555426409
118347228
67624525
698890770
1926923349
1812532248
1778419156
1952022696
1829271401
1074456667
1442189156
429158758
1248683680
1719373066
500168948
1106966297
1590965691
580551878
362517872
13237276
374882892
1949520805
2069006794
1629282529
1622107532
351932971
1474072815
1498512016
1159445273
814288627
913147868
1159043097
1362506322
1461221741
914407910
784798114
1239606739
891884528
1674749292
1022320211
1054882899
1216015831
1792642929
147042920
1585565817
482944456
794755128
1991419327
675815752
283358327
2113539928
1646813662
1646660144
1054883338
139208833
164780142
2103772126
1614474478
385945374
701202726
1698245442
1759532024
1538468467
356130930
37098401
439965807
267721431
1762137500
318070030
2037523726
367105243
494841975
1398805954
1649746658
431130128
1286541439
1227612672
1647508784
1124106644
2008025748
1832709246
477145623
1466659731
1826264955
1321049577
880049670
1200463357
760072647
903683732
382420392
2050612446
1344490581
960863605
2105436119
1227240011
1709009029
712728746
833884147
88316626
1186436270
846569039
1456627828
2370008
44206577
1893866509
2038344910
49311124
1507123863
1839503294
787594260
1250761552
955859108
759363415
1194988206
330433515
740490216
1041187262
1864713497
2027114546
399661097
486563360
480858595
1591608435
1198605096
1581948297
1120338927
1827196281
80845681
384371103
268328160
236590141
1951792730
426278278
1687029568
1143233244
1569594852
828737294
1003933827
467263433
1479516150
642649446
1985751971
1685621611
158630712
1863828018
1207614331
1567564501
906497647
633100697
135128085
1702675807
1758152362
1919716007
1063085677
1361817606
1322904799
1401608128
298582389
1841842703
760808520
1486822956
132127920
1494579499
2109202798
462679816
1180662448
1025457568
1227669411
2091822854
1884746545
715953982
1280696211
1658027868
1107768608
1005694982
1074277631
46525681
1766822245
1547915846
1551134265
1966565808
978308170
145531808
1206646938
747932710
488241282
409479585
581824600
681711709
1936546115
459085396
1162219044
387632909
999509043
534895524
254143839
1704920783
1603746782
941951172
1329717847
577178660
1848810000
1656581547
1620728005
1716078979
1827004857
151160695
146454959
1673869232
148349363
418264164
2119621147
467932679
640847549
1466478861
978317496
585132790
735812954
1660935061
1435112665
1269123908
1803101352
2116730924
974865441
39218172
736364705
458911214
1451028755
322042122
641461193
1278808614
1300830451
339555956
871852552
546856308
1311498894
625797167
2120833614
816852838
1372767247
991593154
911481228
24021834
2025992537
792142593
876862564
683267015
396022370
1473072839
1619593670
312889251
1232552326
2000846025
1674288345
130020845
2116768154
1693017396
1733332771
396984835
72211378
1695947209
371870664
1383190485
2060850834
1074062870
514664542
1176535193
1714779163
1143273348
631302204
85649010
1492584245
24628816
1925727774
220346671
940405505
819360947
410486478
1036784151
521691330
1661829146
1980961588
678834280
1225424318
1088477435
930028212
1658226127
632881499
1445481208
1495874811
677939727
1828568181
391503165
1144339651
2115557400
204779164
165081863
1089845800
917508424
989733980
887174042
1415181387
631114391
1481530970
1096563260
261723222
15089691
1760804505
1958285066
1967619787
1779339728
752647941
2074633955
1419030196
1360086948
1082454044
1187032031
1572607846
1668505009
605503145
205835550
951095007
2092963919
1239794252
1465702295
289783795
348840182
2047398826
1714509237
1512907919
1933076901
1762208437
1970960490
2051016722
2129664455
1402979497
2033452709
766480745
1396097592
1236554420
658970153
517199208
1532205385
249770011
572164984
410186064
281051025
385081352
2115723695
897133662
386304959
684266658
1315814370
406528618
1401413317
443759745
1511505081
2105210506
1184350337
1697552741
337061385
1837730993
1449264036
3530280
1844625957
1610402898
1799533122
91378980
494441451
1553197698
810484122
456298183
1937362530
2114108418
32542365
2050004798
1786090882
964497471
261349969
659600555
558073480
1878725211
1955282492
480358045
116328365
340767856
258387847
625449543
303325412
457843050
639790363
471478967
1999674405
2033924020
1890351525
215987666
1853173038
576195143
1919062586
1814907647
986735106
1502768293
508125249
840298961
1224448963
329286618
417200094
535885670
1719684538
1376542864
92445187
1503720745
1036306068
474260119
749191942
1055151956
1968291920
583475735
1794276604
425224850
94484592
580821526
1086389389
1073214133
300617787
1301056152
76449212
1090406599
1299576159
1297591092
701994882
2000159071
942608689
1859716383
1094672555
669653762
1112015453
461348242
1305967369
1654174712
802593744
103044973
1183510779
1544964232
1652813257
1378276931
432900230
1650752020
8132095
32270497
1288722626
1326406772
1156568856
603584857
1453106456
164383849
530119264
67242646
580256252
1027952197
634549943
392148999
889503928
1410986874
955605359
1922547997
1063888050
742312336
717989442
1335401101
159112838
721702863
302614544
177375728
1859277028
2083419646
1843325063
2103494303
1348017346
1252368923
684808373
1201448207
1003779450
694828838
3141982
1536411756
852606177
798216998
1318187727
377117894
1703405651
2051317074
888221104
1012029974
1699228556
1536867402
521220812
1713425775
1161817700
1976032369
621038498
1261054985
1466763335
1570270781
1421818523
1276030269
784680014
533947489
2077016735
1220521100
1320300012
687569523
441579717
275190945
1931617531
387645940
1035229983
611962987
596621870
1768110595
441626992
374228594
1317032710
1367878958
1491187258
2024790605
2048595581
518133471
756909448
889747310
697901105
1400722109
1889588942
232334053
1852833435
1868681821
634583910
911906374
926381338
1585126214
1946003593
691986765
1298893299
967429633
1589347922
1319965767
374069650
866628531
806389871
196080266
305738466
377967679
1167920775
57715844
1091730547
649598168
779930722
615948769
20045606
345497214
1216510441
340077614
835402776
1572555706
1352747917
516976777
1485629250
456482605
594883315
459422351
1166257530
977781129
939189818
153607692
795025159
17074293
799584614
969023852
91432225
143295397
741936572
55586807
998497616
44373131
1956119118
1133417512
526958183
817400686
1334070394
1870871013
1453065261
1711541799
1536511965
21985459
1976263683
1197606507
292998737
1340155363
992938184
919607273
105605354
979087079
1336661905
2032639603
1900472256
322059213
300022625
680506434
1756449310
1561057471
1365817840
1850851577
1067687640
900376964
127438723
1255771745
1726981299
959390360
107254575
1657399342
818098838
976243611
1155801991
1546567971
1471702887
1631717971
1682823750
1324737041
790864623
547517474
1061472559
670506934
1804617120
1726425215
1350106526
502601944
2138913111
497267619
2092715310
2082438435
428490933
1193408458
1338796575
230677153
1718030348
2019926203
36913051
1658451198
1375022559
2060688606
700355800
1973985850
539859615
318152719
1160772405
1828729497
1467695308
1073327619
1726349573
1337941448
458960307
1100065908
425700984
2039986577
1060344161
1345256623
865814895
26654727
108168975
896540365
846291535
116927940
941991196
1492016011
1328359396
15425566
1633375605
1604154994
1925383055
974363397
1522464299
706177012
1344699798
279793806
1660993794
1347231830
1600153967
1751170411
1622834258
792023325
640047688
1928009875
597816003
926040000
836001466
283592903
1174025254
1745330265
1640629625
203367257
475307272
1230599779
541829420
1357787533
1926408083
885850395
1797850445
341770249
741966627
1896131533
344592825
13366283
810055024
1792018750
1868769107
317499988
1944256951
1275647363
707882079
1163451613
1186978239
1169555553
1841334318
11129235
2003670587
489537389
1826267168
42160242
1201550827
1779411075
1826855837
233644411
399140725
1963971518
1853927335
998642569
576559162
1303119254
9253970
674859510
331074887
1996743179
1857929246
222335754
1167213551
2049779122
1752337505
2086110885
1627642069
1048373487
1801069071
254880769
744634787
1046407504
816139512
1364223993
1313135663
158588044
313350417
126972803
1492041501
47172239
1544394260
952867265
2115236451
1817276277
810624006
2132049625
1546643245
371959317
1098254174
827190433
1807583235
1943657013
1285981429
1623665438
734140850
1708688004
1672070880
1994054872
1245438610
966435709
1470941341
1922197006
639998921
928340182
757369477
1584913137
769632426
257583155
1470795604
316634452
1173362585
383441817
399810330
957453188
287992301
101360409
875091048
1205747305
611329166
1337868229
1768878137
1514354568
1700472684
884700534
1438643772
1290637163
205704930
1662387454
1289031933
2139079626
2133646088
1141993077
1932967478
1789224479
2086346869
287357949
822952777
1948076393
1346830308
1656574800
74672436
100874457
469477264
703451239
1984725169
1858221446
2111838795
1735780284
1941876426
1933065658
1075970162
2043170766
294813990
1152686469
85082020
83080442
1171835400
949596898
1122261945
1172550109
1868022915
797668061
1029807680
342807290
291537143
238233430
222365570
1841995805
2110626085
29487812
703923734
454995807
1040985260
108708168
1407186768
1712307864
1731208446
1185728287
704671620
1329321540
607437166
1822918530
658918133
1623225151
615148683
1783718392
954303686
17021344
1160959700
86616347
402380839
404336249
843865078
631193812
242100391
1816033774
1963831070
2093270183
1327673740
1342091816
1284689512
193672691
267714360
382119200
1845248030
1925984696
469806780
1118952223
1073845783
864858001
577762789
9644061
1714960995
721504072
385545304
1297049408
1934591022
503119831
241748707
163759328
1621299805
328443052
444824728
1351237614
1956933960
249079103
1175426540
321531040
280823447
1807972761
1920507492
1512750950
1919501588
996315706
2114146185
2112069124
1248733523
2007354712
1115067875
1271888580
673840657
1193899398
692869470
1314960921
371288037
1300940784
1134234794
1399851281
1745467981
753861152
151586382
1467889614
565285571
1770387727
440049858
706857820
155762314
1341208267
541860485
1914295387
1722312092
1402511573
604532267
765375725
610041651
303408797
2091744000
1705636665
2119143095
1157494563
1060083017
151917360
622438206
1802944659
1678534166
1180137886
1007925272
1494840462
719242228
1099912620
1534075138
533927996
402934539
756650836
1186565772
1988565328
1103478078
453432826
1396252177
1314827513
2140351097
1314093542
149211701
1020114358
1862590733
1772920791
1536630538
947270155
661792255
326385017
1903244854
1664299647
1578022063
81606973
1181219728
1001674632
698353711
2081983401
471709906
355653728
100362861
799828499
138996335
468259076
748539188
724465854
453598048
2031458427
1355704781
1807352996
28084691
1500700290
1256008156
614155937
964842152
757879634
1059968820
1254665506
1501750974
1887048704
1390482515
1608724012
816252447
673981000
151788650
1939251697
1911784766
2106466782
1888504775
1951606098
1717114982
153919145
1539534937
779649953
531196117
1680137197
1882841293
1127000299
1862430681
63449535
1982029493
1849040069
1815157728
863748892
1808514243
609452981
715930886
886977745
49303732
1772694072
1273542716
643517317
1387997790
972920400
1978139761
1282902491
844436635
2057183909
1342303808
977020507
1562336565
803512290
118138115
424448582
851862900
376897356
2098597424
2051966949
444463648
1249510760
809066925
577609767
1238922269
1427112784
248254129
987984204
1825152879
1251777029
1590224750
462239052
1837526437
442926048
286299590
565704633
1611820035
1246783264
1349408597
543968274
1584137527
394375270
1465909533
2007141427
1869121625
1459123292
381832392
1139318388
1668348469
1998412384
2057464984
1612858349
1735437694
764579565
563472141
523038450
1734779387
714522011
639220715
860889246
925543959
494211789
681168904
763580399
1494707753
1805338516
467771823
1454528390
527039933
906932684
1826047192
1632201762
1313371730
655974475
2038540153
292657814
1367357758
69745617
1786453464
2122763858
170720946
636694999
1695626834
2020630398
765046411
1126721256
863163969
1738877244
667680924
1744007272
1802346013
784607209
1900799103
114923357
1264293114
684367819
1222095507
1166287364
2013404633
1460718172
1188438876
36808535
2101556015
777391427
1232539760
212297588
1856105431
843430048
1167326278
798732145
1136346625
855461088
427909871
1840399074
267664706
138234206
337760689
1061408338
2076058969
302875140
2074855394
743006483
1894928126
381550229
2092130066
1340403820
988148784
1246584840
187218616
689955038
1844931649
1667092274
1679573267
379099354
1098229897
503411388
137993028
2029525766
568522738
1825009054
873102714
975743085
548672470
1553098119
204617488
1566993068
164393925
1474400463
1760758554
1180902946
1310255735
39144580
1701728322
332788933
499747059
1431845767
338713036
1005586282
2076953573
2062937029
2075731658
256864474
1195773769
470287632
1121114880
1630074770
787827455
1929576225
1034354482
1367470135
1030624848
1959485548
1503889631
410197983
744617262
1159496492
929082174
932030012
1881795611
1948902644
383282871
547024850
1945590700
792984550
325128654
789622934
1244407318
510236134
167457023
1135732085
595270262
483311133
1705293595
1744166711
848406807
1384262436
1921095011
418272378
959176854
1903834671
1103840317
931494882
1452519628
2020759588
362285759
504180407
1319925836
1646407915
1017843591
20452001
1674303472
259462358
1000222915
213240901
79744825
127476565
433497212
432748944
2072649882
1487201550
634740881
1885320068
2019360160
2015523379
93604743
957896985
1203567538
2053316827
1824601154
557474012
965103457
1410251445
1539805850
791507838
971723165
424229939
1471811335
1754730067
1552304944
1375345174
474797104
824700197
482380208
48107471
1580311933
861175005
1575992088
1999402453
1296482412
844190945
1084920384
649666498
589923537
1456257774
838185921
1218167596
735962210
1576938386
738847018
981853382
1532730316
214232452
2006228402
1628458944
737292842
1722723298
1467196134
90772372
781500964
1793005471
1745697833
2028669344
1732151588
2129761004
512062308
1866982597
1153515713
973988432
993113421
202229359
1013857787
1888020429
768325054
275864952
1328241058
847930557
1493474020
1785039879
2124718518
1716569041
1446605740
506042015
2120994793
1087106053
1361703340
529979608
905349983
493361745
1320316630
815203670
1972137969
402768925
816462140
1045162705
290840286
1377534200
203892568
2123481832
1792841447
1989082634
1854370883
1000671343
1248793847
1561458479
2026038415
1272239347
1190640485
554187212
1201942870
659212327
1543029670
356232956
1923857781
1712420067
847115536
942894415
41718082
748837020
183838284
721605606
450142021
761550986
587105440
780774479
858869826
1772341402
1667605759
1363039345
476141381
1152186744
395598870
1102770458
946130438
1204965064
1760583039
677816413
891066701
642178470
1437902380
2092164005
1231688958
601264766
1542957650
9214476
1736444023
2040848200
380587814
1722131054
239461052
809169515
329493202
647106037
1590574815
642675828
912362622
596609525
1510060002
533319228
224250927
287623807
767481287
1086257009
328885294
1791687835
1070643382
1141755076
1916686352
1643855960
809266663
229043863
1924216314
1478044468
1535575045
1819551238
1928058318
1339249242
2025109214
2014270625
1389249128
1001577617
1172466691
1922099572
2053955903
766713132
1366980412
1994317866
1181037380
769275303
1294312929
345775
1483433019
1676394527
2058982617
2118208486
2137105255
1248756149
713378381
981980554
594166925
1331569731
1836915855
963682037
1602594536
419559826
216456348
579788378
862774876
461489359
205998791
1767928840
2105168597
1173458160
1903285115
287088813
898675158
1269659415
1237029525
1691042491
789726581
1895737567
1651679394
1630379347
2031656238
1210200753
1843045977
1445045790
1228811800
1978335611
1427093766
1900600367
912962364
1666701660
1112571751
1943774606
1714640209
865490916
2119212242
1236415999
813669321
1812725431
240412268
262929618
574891179
1981695081
402054941
1405000561
826549394
9613467
1788541767
2031444854
1609215769
1216347337
766062099
785014031
23906145
2011774777
366623893
1340200250
1132804154
305929492
720395022
1330738082
473641960
1426785418
308252788
50059763
927251749
92041087
42361590
883542162
2142623421
1493708040
1966590960
1479134695
1741519899
37467258
1735882009
568294540
433152354
1751023337
1869167454
2032871714
1242135593
854551124
815070260
1714630922
1930187475
403972829
968862173
582469636
1521292735
1194562986
515548801
1639599948
1459388130
1460955939
732588540
836842265
1743616648
1358465329
1583705291
312561915
1531877097
1213111555
1705794886
1817568904
1441348832
1756540354
1025284973
395315047
1169666208
35043078
400424106
432989
1849874686
1561086618
724359542
867165340
1901645789
