5300
1695756651
229612561
1942198132
566838470
1227764155
73714730
1205936087
371753659
656871982
1879548225
253211424
1389850516
117333552
123188276
804906753
1212416887
1642222424
42638289
1093502910
933143865
1339689943
1579598192
427238910
321258340
357806278
1347190004
1573989851
75347174
921613474
619608454
544703593
1956683745
1274746123
1687839066
938520178
1914710850
2118558999
479384062
1832746598
1468085931
2146525219
1444649095
2088258283
480762463
1042400103
1173960328
592227429
1264774987
965882060
2084875593
483443750
541614177
873486426
1607766735
1919486587
1983070701
1277668203
127692207
1971299312
869577181
776984132
260266309
100155635
266895389
890782413
1431499406
2104066921
566140755
669622832
494898070
793046176
1491754101
1108770731
1990895677
1781945435
537419586
1242815151
1306575424
1193535003
464286430
1121110302
78861784
1448585293
665326858
659824916
2104505668
1669040655
1778044915
716123144
2027365841
355531099
199055640
618946659
1271841671
489488747
1719171585
653599715
1656335807
31584577
838385880
651793907
992803675
1121945956
181401593
1309499845
1944647287
892514941
1779787507
864852211
1310007686
1965931263
2065029673
741971281
2044756843
790765268
155480916
1657070387
1271347921
1219810263
383599081
307246070
2128501667
546709742
95068923
220551196
1940329064
713424116
410937814
721043826
1779044666
565048153
1963970515
1348144529
138167081
1668912115
856632659
2062751648
393070943
1094084704
1851816224
479073145
977550979
920941217
1066242395
281685647
4277283
2042639103
1856064297
529808314
475420033
959395581
700206009
1218896931
738649392
953691683
30713750
40231553
1738129452
449809003
1831947122
680412343
1123728123
1155638426
273820814
223655483
2047714664
1143171943
320225442
2041238170
978552598
1846712727
1360018977
1736736566
383984509
1051620338
1092297887
1662406174
852870744
387059771
23039209
1176889297
292116446
137962089
169525694
1789230527
1111013566
1102599158
580427503
2146649291
722167484
206709046
1357986627
1614149292
2145216785
1819361324
507205424
426728714
216040448
548507348
772052525
1476256582
1297593769
750815408
1358986769
2120626486
1699609170
16664068
1744781296
2019413188
1934186493
325583164
492652673
1026540680
1379611506
1718953366
809277373
2142528025
1259269138
112190824
1173938509
942990355
1616363600
2012371021
1936160072
112476258
1304361391
1599152462
1888743379
1647701779
133390650
1859951991
785035726
599505749
16448353
880908578
1373774075
970170080
803736882
1836224496
1523822513
867083242
1511155511
1671590207
584429091
1490669332
1595275940
586805080
457630214
751964701
1341633976
1070508
534570709
197936485
1693558556
2052122365
94786983
2763606
1955031832
2006303520
1922152077
104167803
1638129414
794908197
1850357740
769256305
228662911
1476349495
106639099
1748458795
909887066
1207310561
1286299566
1359277228
1184006664
1112664950
1753288213
1776166051
91414443
208817910
1734333694
129183454
844393332
941832183
1949386594
548736495
226694407
1022010398
407459962
993452089
1998183168
261341330
720866194
1948068183
1133428662
1595971686
427158685
1838425363
464585895
2053851787
975622203
1961238874
958050215
568313898
1798462531
1349181458
255219421
752294641
1303697465
1823015464
1947874427
1916613506
63882330
165837194
597263291
1347043140
1896332122
426050257
34415719
2134411009
429201908
739747929
1400145933
251647221
1580560073
702434268
783279428
138371902
2003940259
59521331
1270133833
614420867
1010126025
792641626
1723691908
1930601629
1825427855
18405165
1368765351
8571620
1820564645
1484309758
1866689354
1166912558
152839244
601936735
1030657142
639581901
683088591
1810630954
973606762
1070573249
1939297791
1741155540
1657851937
403626846
1351123114
332156451
1065505255
1934022025
1337102761
1558845671
1585009561
977094268
1758203165
835333968
1726209031
1394464124
1052511148
747981662
1653835386
934667900
1809648605
243132935
615847504
1519052807
791775540
1883585871
969823146
412363231
737893792
1494492704
411250660
92355226
1246161134
1596012244
1505964369
1419103942
672858392
196918601
304097194
2017734305
1881057931
1987827078
2100242571
1322200117
1403361479
1767605097
116708175
1381802487
1395947153
1641338216
1585307025
1191278773
1907225986
1761283739
535095151
1232090658
1668916994
115136680
1260820426
1829966631
1142267001
58818240
675610691
1215994216
1503907566
972762995
1750813119
1663683231
1864650801
2015839854
1180870856
1877527977
1395475009
1070964730
562665816
451356142
303143008
1009775093
102654801
1930850538
260546202
1616522950
1496180484
440839359
889211412
1784999868
1578610961
1873610179
2130727404
1875568228
343430865
1419652629
1290538743
651319371
2011896466
2070231703
1943479269
1380687776
2051266523
1681918336
906554943
189118144
604125053
1152004534
1711717726
510773613
501165066
289371899
622121955
1359925192
24491598
1117702616
1514090423
592851047
774369528
836160932
807082386
209873523
42034462
285533691
479362538
917030856
1098360513
284151227
791285114
1858017235
369768669
881243372
525542455
1330016510
383957298
659416877
1434090254
573832000
1589007726
602012121
1856282469
282116850
1162446552
333087262
59323258
1986630183
1513031
309679023
1228797451
214422392
1891330405
1603487423
1923257360
797735919
711267776
414156225
249446227
497417722
1051442673
966419766
2053115899
1849311859
760100155
1994440670
1425222609
1618848786
1635314782
2011749970
1352120116
1141907752
2052433191
1324213554
301042972
1905860057
868577244
1227016864
1144897282
695979574
524676482
1365628274
1876942277
815542548
2082660025
604873424
330828199
692994456
1630860595
2054730908
1989331472
1890068949
294580794
556304298
522432178
915438906
1083836877
458306140
1578874561
419527282
960663335
182880862
1460437622
1092244868
1324738778
206557932
2045331975
1521978131
911396123
285930435
1746312929
1030437142
1586284087
78132852
1293546286
1070498393
597950122
732400960
1142549172
1950676991
884102520
870342961
2021683820
2020281527
1353628145
1513941045
1227858355
243830098
120049909
1504838544
1390043504
1786782949
2039930876
192718344
1731321148
1909777849
755761732
953008698
465091292
679402448
1393861844
439206022
1143806756
577218500
199051840
1627422125
1503289914
327688266
45062058
1806881068
4441858
2126511326
1762502831
1832557304
330869901
228624279
1003203371
1555192313
1501806889
1233344509
1755890816
1912162997
939911113
1080431807
1510489292
1214319867
271443786
371474043
562820034
2022822440
501080867
482869551
1903238420
384701444
200252384
1288376198
1336951793
64934502
904427262
1480623186
1828820969
1603361205
1653493486
436260086
1292271871
986681566
397282389
1276156870
1945730051
1253822467
8717642
1050403377
426065591
1968783051
1029580291
989713209
1854153677
15317464
1410588931
1416555805
1510530951
139084238
1581770645
571608145
573668372
311882100
2067900766
1010402715
1495637311
1283423167
2021957010
1490896726
2126581056
1708470745
357520010
156960126
772509857
2113638918
978601523
1706650143
1405026992
1443126690
2015200783
1606897982
1448917421
794834682
464263228
177211698
1198732033
1378666491
704916114
1488821947
685049727
776564833
410455005
782380667
128067547
1719368684
547089300
583089848
707027049
1426776201
470311516
1775379083
1285563897
1029735609
1694089713
827614107
1817880978
1716456864
1312828916
367998003
1731605816
1154430400
1574730669
1895098875
1097191302
790145625
316791404
1787002845
836315314
1142977150
541869020
333127833
690081299
1269161187
731690037
1201911926
1571989135
1326904980
1194076825
737841220
58374024
196446240
222720286
1950412568
872165418
579181978
1916644656
1724171352
790674966
313430775
415741979
880564895
70003162
387427211
756432435
1596854687
1565407897
1881747457
138062070
1014833270
393536227
1991971981
512150843
443834262
52409630
224011942
12281057
608705442
571842159
556582013
16076462
1680338793
1895689418
1809848783
1500157488
555329018
1258134004
203876226
69747863
1576412394
949608499
1383256308
1210185796
1757503189
37820012
1269903957
1493452270
934694268
704304256
603225926
1146806185
1132458997
2128633821
1863526705
1203472031
607676650
1344167615
1030032571
281461244
1894181153
1549849956
518547617
1357864937
1062596933
1974102587
1463245921
2082061764
607805553
1891103085
148303270
2051266566
969187967
1513177573
109614758
159851285
2094326207
319312216
1164401913
115681955
1059799685
1619498987
448360243
1366293247
2131567547
733003157
75451290
2088718390
720923133
514624804
870936056
180588414
840815106
103625170
1828554344
1965524553
1081821920
1472444902
248788815
1301410759
663705502
2101994700
1006131989
1589106680
985561613
144782770
579916655
1062243430
1352901843
975720589
1344134821
1746707672
681883105
1332190887
1286796982
2035324626
641988760
1586903555
1840658131
2098473508
700952437
381166214
1749961168
434614686
1206953848
322353567
667410686
1356859955
1083756913
217351723
1281077599
281699484
1446175901
301810210
2061368061
409523262
239339734
269692255
1308661303
1461233769
1829800170
1702537798
1173392041
877890664
1825869019
1451565817
54013236
1671196520
1124195292
897332150
1844364811
730412213
2082186917
1034821892
576634693
1270492259
283728500
427594442
409688867
1991267216
1440315881
1181653241
2065625583
563305452
126713965
157742997
166377567
1025015024
1034406884
1749007133
625020467
1071319875
924094246
623645905
1414747105
1134025140
1093061703
56721109
568084890
1406951640
1828869786
732506211
570422347
1843048387
1558961381
1520085685
1265241491
372450396
758643760
425788363
166983758
1386539652
1521637764
487251063
289095674
1119241836
175490113
126292785
2041683556
59089479
1028546683
680431891
449808996
1337627
1121900755
64775678
1630686627
1216128134
786536830
1295330414
261006084
128083751
620696035
970897028
1837161709
806484897
97648401
2051604873
1600361397
2111560987
1641201137
1707700916
1047911286
1952413555
352494978
1567185601
146408107
202747845
273705331
703120175
605411398
1435251859
466518890
473334128
2019392040
1810011594
1190438591
2126418939
269593314
708453693
1246050712
1896859134
1069199523
883531453
1339021043
377068568
132692724
107321420
1848236625
325289975
2114113756
1542372068
462811310
742286690
70076321
2033631758
2100540139
1947287081
2024849700
2026718276
942688457
1472353711
1231728946
38093770
1360073289
1985838663
2146462867
2065991130
793860724
498644251
1731051275
2127410165
162271610
1844970881
1533544909
653673299
1368035050
361871120
699328894
1868113377
707877870
1251196866
467887109
1148666384
308544887
487293520
1788780634
374780584
626587355
2039533701
1314988697
357683253
972446617
840251608
1301517312
270991342
762382812
641243611
755110027
1067076905
1350989008
730070833
345701625
622446728
1017816725
554419531
173696346
2130030966
1218659007
689571235
1500177271
903701672
1781043395
1453476704
1403325600
208803469
205884816
861900628
397830229
1121997194
1078986348
1587379225
643362305
1301364607
829537014
600701568
354683913
790935880
1759217503
1261176319
362820943
2063933389
987469562
231524497
1399191486
2131098497
590323186
27262810
1546754683
262038725
1762401257
16819753
1492403264
1936733361
426878498
76999886
1460382102
1877802139
1082735115
493646506
1021919948
34195077
1222678204
942918401
1167198889
1527946803
159358956
300173624
41927784
1255071715
1374668796
1223365941
1804388869
1430737455
762216970
1028818813
1890804392
1268712661
614710425
2103496120
1367973968
1552939494
2002084647
1263457915
847431395
842831381
498133339
1540916799
2046437
1478940722
1524882446
1149711000
743699199
1295931917
1222409445
733439870
848461714
1393957050
120284122
729477831
318408743
1014170646
488581316
2073573670
492690935
847534114
693311304
1577570737
1893732543
557235301
654960553
1953589889
85626383
942877906
1674412499
340325607
1708017332
792373473
904709897
1649219979
38526219
1102032272
512779426
1967650029
232479708
507409408
1077915213
2064849751
1854698484
1421146829
1959690109
1509942666
469254799
490460586
1405953749
199558248
396206085
692110821
615733160
1999789477
1419834707
126098138
102704251
1435250702
1960352475
31054203
94437602
1183743864
892255864
1011854659
2041433265
7981319
998363609
1116250322
695199011
665452536
877428904
423599277
743456694
819515672
1316892334
1459728631
1831898176
1363947383
671940225
944841977
1668243273
1664231620
636116824
411193266
1575969913
1267401055
2116231985
834877351
712677313
1512216687
1796480402
64945159
1979353503
1262097499
314329453
1114506126
2015274878
94557924
626358162
809760274
1462341219
1730918862
310150245
1460435980
784230008
1818333851
1951536980
388482847
1185366829
1069809327
1948051321
486007303
1286442852
1068464279
1947634475
1575995755
1321041552
1365095154
908840378
1490373520
1085114169
1652374919
127503782
1908846761
186836286
1241608606
762258149
1672817551
1999381541
1273734459
1713327398
1713705324
1145745870
1525590204
1349036670
1327815257
1422161795
1307412991
1744745622
646703446
506887540
511091064
209471542
1353850118
1921094708
1752950243
793293442
737224574
1061816136
1252624535
1362642923
895528537
274945890
1910233558
1758560788
106836873
1939930217
156595548
507487681
1032963463
1386557471
2088154618
35385861
725645073
1902559313
1842836119
5658022
1641914262
2118576172
46399902
1353100761
418112499
45102123
557745623
168791053
559875594
156723927
29721304
1192985768
2144304570
2035777500
2101393502
1956513031
435214399
1937870265
1251297057
1960882657
1104928972
1901713602
1854021070
893799767
1256034727
2069551287
1938140000
747382056
949734169
104286971
380493213
1945307468
41997305
1693732253
1901290319
1303955981
1384030963
1070891107
1189165563
1869299199
391834971
640495681
15303009
1321062552
936706155
459180310
183015484
2074777612
756441396
1833422657
708280304
1120400468
1207907472
883991327
500074767
1725674626
1711239170
373312147
1150896088
953468342
1598935400
884736778
1077727221
829712530
23961534
1130716331
89209178
1880092828
1981035104
1232182108
154102733
636750150
127877841
1840456183
1083454453
2115142985
1231881147
195945563
1769578115
2093200427
1132921231
1634722096
631741926
595869825
1580255969
1470538968
983364914
1488492213
1795907771
998953780
1586588933
731828864
1319005839
1012578754
1366446023
146290286
1983400613
473754273
467283450
1393764425
1932902020
1183047140
757393861
452901133
1172477663
1667996839
887164025
1389408842
390331326
193622697
2063556968
1854352529
1513984339
1800251524
625073003
1261350300
161636325
2029733595
1200275546
253087447
2044888062
1439817581
1338842453
1811376938
2049353342
218062862
1434420006
1214535145
1237990743
558361763
261229317
1440061556
876974947
1012253057
856203721
2096117840
1991809340
1489706445
1065000159
1369671287
1734835303
1783575861
1171822311
1827337261
815401135
1424960132
16356028
438071950
1299107779
2001474120
646998182
969693196
1481841061
556727447
709524148
342871688
535862586
171706134
1140371540
319212129
1619132269
983398338
1690548937
1949730825
1822367062
1503649628
1720492536
408785491
28449375
2086158942
599431126
1732923592
2036742683
1485655320
1289164087
509419081
42041300
775719972
1014578617
100591287
146413214
1278521458
958499919
561335685
1949860415
1247664082
130467694
1681742827
1855428314
1852366851
1760902436
1412806408
1683175783
767476057
360793976
1073831536
112650302
1638461468
250484887
1428943388
595397203
147572579
449433371
1773699263
1013975234
1529609050
123720262
954457602
1652436648
68686549
1665300112
587432216
1959874698
124709450
541911372
881453645
94059907
769408527
769549754
1348047406
1265104822
1304706047
1831841805
1437556383
786871114
1689722411
2109987607
2047713932
842702888
929418563
1058362248
1404084933
537164071
338725415
130036922
959817017
628481217
1586012463
2039145555
658343531
870280592
931013463
80607099
1291049153
1128970684
1777510674
484204025
881035695
1355869160
923409567
1378670439
883036316
947864522
965905408
2116398838
1954161827
1404720415
1429996465
1737211870
1264515972
305205620
144273364
1169539370
701566861
345020185
2130937802
1271192332
24997202
625592861
1771487192
1816363394
1308658367
1155118181
1956987645
1353423466
1884660974
1545973256
555087294
259319858
50046650
144461166
1598652552
2121055960
620271139
1525423925
54419813
372768799
1980009491
1245783844
130877097
922771382
507850918
186263594
418705637
1030614912
1076020074
1776727047
55827817
976090124
450865194
1052705957
1895823406
1164443652
1891335659
145136540
1243485873
1386371529
1938472097
1005234694
564984205
414623271
248241225
1347240476
1293850348
345497091
1583546959
550391351
527985963
1690995097
2101688310
939741563
1054071951
915424483
394012900
823062601
758614454
1021807811
1326148020
1718173812
1675806695
748736994
190858549
1019863274
1245973389
2146031123
924128050
1906629349
1609786333
1322274670
1072764756
1909148035
589954461
1499256356
1630397919
1575012895
323988747
1929844531
1479234512
125220020
693600374
1449415009
534440811
1522408489
1036278341
51452348
793504655
1440847415
374248270
653747957
2078330219
1614269480
994288860
926017224
668422956
144691955
1054399253
1139644792
1374428621
1803045604
1321865099
1036694955
1795345309
1036142795
985492216
1381881372
1255906918
1008797113
268775381
949120069
1962912254
25646856
91786366
1020231117
455903678
310636380
809268506
400533501
1789435767
926770682
1551206083
448621635
369678727
256837506
1794896074
2089075912
1427177812
534212260
1061840804
518717550
1081577623
1965679424
385949369
1757275795
2138444019
1320387573
376818388
1695228984
825164076
751121611
1810476131
682688439
1410483186
2098420026
622764549
389633258
696849900
198988559
824459800
2063587826
877824992
1288096632
173407564
63220430
1947834770
2141766283
715344240
569122316
1760403136
713582664
911921829
1540153654
895909630
1531427979
936490663
630021178
1717386857
546043641
1482671699
1932615353
2067933463
714192822
961138744
798561098
1111064795
163512190
1767043762
2052209892
2001187593
165932968
1909323334
154974652
1442191374
909857536
405254160
1243828405
1895381038
593227097
922971006
1669973167
729914016
829133827
2082626845
2064724435
469769158
302321283
1718557793
854831306
1883687702
2053225992
296101520
523780984
521097597
192417401
859072485
106957165
1259331462
517975480
637849400
409844692
937927789
1349291307
18212580
1648914819
290179846
1234282684
1993373711
580561908
150864121
79468556
557331533
1215212223
2016773205
1945822702
1764714503
1256786023
1027848805
794440037
1697035574
883072595
2120044038
211031419
1571935407
742568143
1318114618
1119279390
479879424
1998218251
1779695492
26994766
1160358112
1772255152
1529892144
773657478
847415575
1960594293
1496861683
1092196520
990137958
2125933308
386817695
410776259
1037017321
1991959196
2129005175
1586590269
161903827
525900607
84463090
86285702
2055210520
1331887888
1267170967
787175732
491379135
2119083218
1155608476
1123669991
1064224885
1090241893
1539874755
1259033376
165482723
1944729295
1649487911
647072566
627339774
718844261
720134610
161222453
1751469176
485514113
834722939
801656242
870960761
666738150
621018229
546008257
1885480047
710361156
1730079065
1531374257
140293183
1697959139
1434989489
1052312923
1370709747
978664870
861600687
7990000
197577578
477556625
248815487
240562851
1937815620
859955021
1426190507
1014701085
1811306117
895823316
117765094
813373456
1554230065
952691713
679224752
174921949
744028692
1008021332
112478565
1650862595
705902589
1945071027
1684914134
1237897554
1125680278
1903108693
1713267831
485996056
399617367
107657574
1320744111
320672324
1459205862
1599980675
891485582
517466794
1088188469
566851377
1453478378
1539313217
1383926801
2031119014
178981204
1909579702
1520288663
1525590662
546768213
150135933
549552350
1875839115
401604764
467672575
1348505701
1918810530
806691992
855058752
145316987
81803575
1009068086
1282090905
1128672796
1776186924
2083911085
2023124535
985724964
1090602686
1963120965
1983512437
322841031
1608787117
1532638944
1671154188
1181190017
435171872
682871051
1721020937
897584894
1230669085
1383622250
2126471344
1253695468
780647434
1705267406
169401535
1023881017
1110825509
1955400334
1568926425
1472151790
1642949553
1421063639
801125854
428894810
1297805836
514652624
1988509354
341318759
1045534699
977760719
983110953
832173594
2086153688
2100929237
1354684313
1567546951
666988127
46168653
1387330388
468002416
393251266
1723290704
607477107
854242416
126548910
1993509202
1169234511
1559901506
2121835874
952468763
782642694
1726240549
951268383
1413309577
1739382029
757992234
453364550
62463039
479847409
597479578
503184029
661136931
1688367052
1806304832
1550776525
1901639843
124706475
2092320061
1778919759
1650361413
321734577
49660644
1444931338
1933244902
685034262
1613675404
1106483628
1303386449
2028645130
595780588
951980459
1699137324
70921015
1537008691
52767784
263302022
1360017777
1488640474
2124398541
1893046269
1722539523
1244586495
345297042
648050056
95712143
487500670
1142229955
485997513
1034332066
535499178
1278184759
1378315781
742998811
831045057
1677912707
408593051
1700444585
649253457
281774125
147230716
902333179
492870656
290469085
1766925287
786512416
562515261
19795560
899424766
588416799
1511047004
1168420375
1350420520
2128858396
1787837813
144940043
454033187
771663001
1349408475
2113539256
1251938080
87431879
1080342668
1772741683
1457577671
2006825418
1799557155
1568604876
1040038200
769743147
387315199
1730926928
605264941
1815000597
602463976
1867269416
2147290795
203543368
1635522396
1422898397
390364858
759505376
224904354
1600885702
2135762933
534147387
1732571258
1993801538
836403684
1923196642
43358582
598786551
2134848989
1977761777
1548013353
974166138
1218223487
1916573681
1001902858
753188288
1891354910
1140849177
227099509
1818017592
1512639820
161965
807882133
1489148074
358292012
1082625708
414050213
1044584800
298752276
901940808
1215697727
2101776239
958354058
379955847
1106454468
1981463625
1397218568
332349171
93791358
97456505
1867567927
2005221215
496437868
1564750851
1272484202
718334374
1636319121
982501762
1593605416
1760234515
1626339330
267750369
625791553
2135564027
1308469554
1792452027
1267988966
298001482
1338606413
2014860927
391800901
2001621076
1435497494
1386405623
640680712
1696627014
1518547179
1538897235
870584276
1122652260
65784032
873333073
334801432
741237071
561070017
126640384
1788789135
1337907955
1501802223
1023865946
1981259953
261365633
838824166
1039970714
1620638306
2018319561
792974078
1910440505
537428173
1623878762
1914031981
861316615
1478755122
1064647693
247975979
1965613181
138089585
65207706
1312782524
2138958918
94320901
145153975
596801580
627685319
1611898287
2051149218
1595106310
230156717
1302680866
1564719122
164076091
689712176
527769291
784983193
1516186352
856146539
152810686
1874069093
1592249288
562390059
812753419
1140350748
1150538038
865886770
195273001
749544853
420360445
1557926451
127697418
1148614522
1995738221
533758833
1223530558
1261048005
1227899662
4291343
360624477
916049070
789023900
289191932
359568209
1804987660
215980669
1108115250
497877649
861416223
2076754831
1885040770
519524440
1990758419
336442625
1827054099
536899807
1093473397
2099162554
188679483
1504549212
208996637
1062321930
70980148
544237257
1399932644
168892675
1708768492
1038584873
1948919778
2066766571
41398548
974063595
1856259689
1916923450
1280824859
1399382804
486868482
484796646
1235229611
161969970
304604064
791148452
1342934505
646069372
1626705346
623890373
2125640142
478027793
669893815
2039196155
2003511551
1670537871
1500840576
1839154206
677355146
800259597
1519840363
1472588784
161544903
1969853459
923699493
1692668102
160555008
751166633
1384465166
1497423483
2116906535
588172213
739880764
513859246
1347047313
1874642865
2053053971
1404740732
958074075
1231489045
455537570
457080086
1363978638
57410330
193251266
382348068
1547995107
1832817700
1503546988
1279371489
689870203
543204022
1123551185
707129840
372031311
36982590
1997519024
2040714700
987278870
1525459644
1060481752
1261228572
1994967625
1661400105
431338661
1286075643
625576203
215310145
662768269
2117125912
1939603313
398746221
548001225
1690320385
1726660453
656641262
1562482186
671331997
1627782113
643491161
1548437642
2061629137
153613593
949342194
387078474
1145452663
1302506608
1242332297
1297570449
938097420
1266147662
355785988
1755547029
1828216441
1138513075
239346595
2067006089
41862323
1724339798
730450197
1401813268
130841756
483366828
1766660749
300705888
686928838
565594488
871780527
637060988
230420798
740392737
325856514
408907062
1806128814
237427582
112140518
82886917
22932565
761758804
1994062678
790639353
209580462
1755209689
81272605
600963992
1216362655
2074187630
891634021
1753785571
666339084
838362452
558018599
1227053597
1031930423
994453445
1583882166
1786642320
988127106
1005305336
894304650
1633948733
1827708948
1063267282
385049239
711415896
1582764538
14780082
1852395746
4931358
333863679
306129190
130861703
869672419
1434962655
1067331537
1085813685
1358517519
329987473
708394158
378885217
174114792
991073618
1933345892
1800986528
362528084
790082829
1929322990
22053069
1462701927
749003380
1610265315
986477243
1996641346
104441982
1946303512
445488325
850970192
2071236979
223958293
1442921159
78050235
1689973053
2087492903
41093480
2067150761
95926173
638351177
41876992
1705441811
394939029
1563102824
1496024025
1212331969
2107533422
1446945155
1815429805
1529795364
507908628
1502156856
120941857
741420049
38698356
1621483149
493590296
1423409159
753471331
383715830
1477710624
328373022
258039408
1122682000
1934875073
2004229831
305740902
1943142952
1138947842
862882903
1734592806
1642167441
2076082521
383611560
930647233
1336276697
1682642642
380493968
1037539730
1444203248
1215358067
1125215158
232240831
1780595895
827995118
2067204517
87527874
287512308
1688044001
694988679
1579874878
612700034
1119624334
1329380020
1702699546
879588180
956188958
708321476
258009498
202414757
1909846714
1061054407
2141728896
295216540
1259397258
590636791
406532442
916455467
1497592895
1698352723
1120461296
1835019933
1676996595
261453577
1892245463
433447267
1312179216
1234467934
923492533
1027297843
1265395299
1039145711
2015735213
626648841
272052260
103307676
1128637796
945037181
1669186463
2090432918
1660143086
145279087
197753648
2081828493
294076180
877688962
288907034
1022926634
1730252081
754340974
745546696
750464317
1462442650
1718426313
2132455542
1313473877
2036984468
195131590
1519725780
1717467181
1693141780
1097508461
1704630199
1884625414
286887716
700074642
1641211137
353348498
58118582
1221371706
642753720
513001796
110476896
555355584
471805893
674718855
1091134909
1374329765
641687492
340525965
1092949395
1066221005
1582877701
492423493
1954888877
1263730075
1942720764
706430595
142234659
1687131341
1119264058
1619726661
1519309370
1124092366
1690470573
1299457386
1853957065
1712985165
228127360
1393954043
1361752008
65013893
2031183731
1921896494
1710022756
1694698738
154980312
1758768619
1448949124
1126946018
1855481307
21339132
973692855
426780242
1422996598
1824165613
239886683
1981048075
312548535
1567787799
1011726766
1071277934
1131308155
487685086
895719193
138318465
2104937635
1261098218
472977571
1864646187
124727195
1877473747
49899819
1267884473
77637347
259747369
2109823186
1078036412
111950362
1882312368
553082839
433851007
1346245775
1309773974
58466457
1341233201
1410941931
1142589963
2097398144
1086259062
537198250
1146503896
535386198
1124811516
1799647639
218762251
1470978802
1887106693
1818367710
578543829
595073757
366666393
1782027124
1910181421
370755247
100856030
809180752
1660789693
454915299
521298045
641428975
1136896815
2058532269
686178928
1205022426
554772891
875900252
1321942428
402457035
1315956440
157071022
1435212458
1901134359
243924463
2049215785
1377474951
999609294
63845847
2074476265
205392919
459749901
1236214018
1648306051
1672952680
552613126
1410205270
1233039797
2106332135
1319020672
1937936527
980263334
842111309
152865345
575686515
1794123801
746103575
499292125
117100334
790002454
1681776761
217355505
1720316234
391559586
519972149
703533583
296643769
1019794767
1670380862
1773124186
756583780
1721598987
1432586543
1723935159
242322930
36256708
919184127
802376603
1149812291
1492923154
1625508151
1797865747
1113945370
111176824
1392137302
822464136
168740723
1773586522
304378454
996102874
486148446
709631745
1831955209
692339904
1697715667
1902076865
1476766941
410597833
996237081
330419660
1956782106
1073312796
589612828
1008339858
121259039
35846320
1341472612
263421098
2111410985
494349904
39596585
1482847242
1664691914
922288825
1309585755
2017886723
126276528
1901173164
1590128522
1121175387
1627264637
537166530
1523548224
1449938516
559212432
1713141808
256303150
863137260
1008492507
869901381
593347900
334312441
492229720
520777765
617592507
1895290521
379859711
2111298157
1494314471
827666327
344303200
2079216731
1539472976
782253534
2086240935
369895617
873710949
347254762
651196750
1993385
804496329
419067510
1102910836
1983212286
2096167977
630676966
2134802405
1488565875
602275018
1446621594
1466403915
946511034
1033613143
182117538
1151536141
516898319
1807175793
1586054678
1245080506
1810047443
1516400933
2124396884
1063491203
300373151
1279188616
820148576
1221272356
1281429080
1935102358
1293542129
483379117
661577966
517859384
149178019
651957648
1220374093
245982479
848806713
1485536884
1803855505
176306120
1512908645
1993842769
1695976993
745557374
1833753926
1955256689
1336446076
576366723
1974917977
1918444687
622871067
74039741
2002689841
1210072565
600630879
985509637
1572089836
166727290
1259744884
1311315392
2108893309
1318871180
373930849
1690427672
1819330860
347659473
1473253438
339264277
1208095499
2113948984
926027707
554204442
313714936
944253501
1484260306
850259888
1722235624
1312910957
462105309
2050618132
304035702
1097315274
778227236
1101920061
448235082
966760071
1558569124
1471441982
941525679
1176855104
495592570
1281749548
215461235
512558670
1373231433
2028753471
1036365581
162812264
237564795
1425292868
123011730
195589676
2078464283
704567533
289353506
983554009
234465448
1170474589
134232735
508108135
1193281567
1643545660
1832328053
1137741654
1033271670
282774069
508179380
1008515743
1484077733
457290185
1120457359
149118261
1987816246
1570236144
706920186
274176799
1183726013
1457201243
443468180
106068324
371972983
1164320483
806971193
1425449909
977537464
1520727925
812929818
1844475749
2062960642
1071587655
390084945
278091876
316945218
1534251037
828991633
2016759136
1591678718
2128679580
1162906773
290055191
1255803829
1666006076
454586621
1121803521
1563008480
454431816
764529235
221323462
2033843145
1683836644
1719536016
895122183
251964199
292408602
117585331
1894031303
1823393968
152151217
1061342726
60225299
1272499459
839446741
2118235261
77640046
2085149656
1911712397
758587343
126526471
968399267
1092012175
1472108038
812674354
1253018269
833087295
877719221
1243734065
2054354901
707050039
379870318
1206761887
1479827072
2008220310
262897773
871799875
1640457699
1180684511
1561101156
1712542849
1615355214
2052574427
1275672807
2119918862
1094468284
1447576833
1508985059
27318972
517165230
1345980474
643261040
490236293
1981224205
1867973676
962753874
43044909
971837116
170635163
850654493
2050655341
100062191
1041578161
729555623
1092659197
746111290
2108522249
1886740228
2043954018
915418762
489017966
916424034
1995099193
773992090
1352760292
263474450
1653665614
755749913
566300191
695055386
1251124840
893190391
1991212193
1289187741
1597608939
1099348973
1579285920
553938791
1048749792
1325797107
1893445851
1721847087
1951139871
1395944819
979767343
939321844
1799114123
717660882
1070540990
1396700877
1631843986
161695860
1683921404
313299154
230305996
1415168919
424828502
2027873134
104195082
262327397
1993628698
489149160
308545168
982744004
293190794
1312468515
104610088
1951129976
415042831
1871112556
1695853512
1040851569
134489906
1740038196
2134264219
2125143927
1961025703
1827446673
1857170596
616669878
1248560041
360036515
1331256246
1619859046
176033606
1372527318
1222102139
1865991047
2066169843
1458697535
18067832
1424791261
2000707338
100835981
1343360337
727216194
1856035717
144349589
365006759
1451423961
2069015185
654731396
1563211981
29687950
1314549507
1341175572
129255032
989488386
398748207
1595101338
236119944
1511096247
1925657581
1789343198
2081110251
524426236
1206729457
1030535262
650185040
307557754
72748280
625253297
1021240697
830783085
1983932197
1685274632
852028636
1721871779
338562621
1573311663
876473709
88118591
1829924435
33133034
803719167
1155432491
2099053659
382270243
1081875745
1040308600
600870116
643508714
707674203
1770133795
2100821431
1068179280
1515418761
2101279745
1764377800
785718945
1379561856
1102069948
414044544
1983647661
626470500
534179403
179102879
396421299
906229543
792273676
1984669731
644161775
590923882
2008115642
978391133
709962375
1689908179
1794807996
104039212
207091046
1650396102
1308702611
310003999
485521667
1714624722
1646489096
1665451270
1035880040
542053553
447248815
954758420
1449272064
242200360
181971996
2142681560
2120985217
2020039231
2101277092
1092314988
746912150
1437441670
1287446376
1298472433
1158766346
1466742556
607799622
245917919
278402985
2106488295
970547448
844015565
1953763110
208236701
1857575620
402767535
1046588097
1808757632
1953078689
969248346
1839438847
1868447552
896235576
170931164
580368978
1125354622
1040735974
315756990
1068819776
910514015
1193849745
1845403636
1292562356
1648325913
1287590379
205980548
1501401228
820473691
1167599434
253194222
1662213753
317171926
578228272
1594379826
1104269652
1141033305
780615217
93597178
650071182
1330672206
1129113348
922975563
2059678096
474233525
2120022639
1652492600
1195637201
679474009
1195745368
190465460
1416059183
831665036
2016427788
533093862
1328572465
1960979629
1676020182
1983843596
328324678
1395246919
1073747669
337788319
618800109
268371557
707526002
1560507030
1898177791
353219686
328072359
1265366757
834407238
331503486
1432987970
1490605641
374290422
390556874
240788432
1139252545
1688147609
332787259
662886260
1891819924
1516289831
1064967446
88194933
822055379
1680154696
59611097
1863071273
1429999235
646738296
491238693
641682168
66193974
1696443721
249899244
1942790159
1846292735
70980490
1376251915
684511664
451975594
969716763
1326482705
639656838
718339425
2052718631
1951489003
2070427463
389134445
1315661227
1662887648
230591320
649630081
2116874342
131359239
2058977203
2054441882
1735062825
354986068
341845526
1340996703
1545716563
1107840765
1591416485
1282747853
368664448
1419889269
1758039792
1664599485
489047542
1948932631
725882894
685160046
2001220650
1847950615
1454748863
742946508
218102706
319729162
232036403
905593459
1930779760
157706174
270754570
457253368
640017957
1967354054
964946711
625720177
1307960282
363425951
75794593
1608903288
1201425618
379622
1764814115
2105483378
65191915
1834206479
38764874
1527024862
961709382
461959380
1460947748
255855974
2139592848
420143597
2138201207
1452074631
595770245
1729046902
357878107
349389752
1658032054
988191423
86517184
349929144
1033091448
1163187999
1413319810
489304444
894175558
1244996207
1538272548
1739984120
419213064
2043510580
1117151705
48790056
1822520212
1750143712
845631041
528089692
212531901
791859775
1419642338
1339784860
1678118537
923366773
549665164
1123881171
1701441712
1608889353
1579576862
224650242
1992733918
958122517
2091891414
547337192
533504850
950092621
206770038
575741357
312845039
1698697248
583926407
1762768872
270117711
771744216
1803102062
2125394758
913784675
877055559
1830153488
608748125
2092494698
491928786
1168245658
1980041706
1904272188
315169252
878267149
1898502616
1336110160
1900565551
1177504096
1216900084
404332777
1055563751
1495869707
543092199
592772379
1659667350
1864449717
2076119141
34409932
984460277
1889343465
1525505965
264250018
259033338
209654095
1125475315
1195378896
458830112
1367110843
619350330
1002687612
994872873
1918967615
1491455978
253199209
510710161
1581887533
754009465
1470308271
993013759
1914519197
1215447890
656492793
213837387
145725350
2026076296
1157578687
457541068
320144796
1229961642
897500906
334530519
718314635
530487370
1356011102
1028008644
1000739475
1824769044
2073154760
1598264756
1928862758
1656894153
66132765
1172456667
381441001
2106855580
1030454431
1472642638
1043179538
346585029
780344231
1375309142
579227793
315093582
41730605
346785642
1579830751
1601224755
1930167414
203839568
1959489298
1977346453
67726206
606754278
1731190670
452728237
896247597
1528470873
1633959480
484912114
1037879437
1970828785
1111636694
54246258
1919190065
21954255
1330953475
422783957
901807074
1280320070
1614975470
1060222299
606310837
646173281
688431800
2059739415
775242160
1183485260
174895835
1227051207
2018116672
1670654241
1949410901
1230606420
418232466
474736750
1823887335
1753066559
1006179987
152753834
1036502905
1397871487
1032530217
1665231876
378554298
233586444
39833868
2036955651
648779108
856924645
689720878
1030840234
1317661860
35742192
709546658
240223619
2104129473
190486462
450763910
2082284102
894848352
2010175157
120985699
591349371
1906636443
452705774
1119783783
1597321597
1421049074
828133380
308331883
2082925842
228000082
1754993447
1176591265
970928674
1454627324
179436036
677571285
1640207613
1111636039
1725109052
526835911
1687025883
1105811346
1474101723
2009419730
1806191822
1924805451
290340433
213174286
86741049
921879807
684203441
1696283150
279125612
185780935
592618131
1652613397
1440039697
1273697682
582096150
1226716420
905057933
1332764458
675242727
912123219
849978006
1111140536
1070876743
223074931
365579636
800727255
1182547785
1988772021
1462275946
1934266820
1706768655
1267046967
1974529575
208558137
1163599116
583063863
1403339120
1889132706
1657868855
892502576
1160134403
2031660611
1852542575
2060179100
1665814363
1941235995
60436374
644023921
1562552700
686453743
180378318
391736127
1798289209
1519291103
270771706
1769392449
954581454
1375005173
1554450111
26385187
184739313
213613167
572771289
1338270476
546787296
1938131360
374430763
2113144092
1203814384
1175422844
1682751538
1673734665
1580881564
203705346
1844507021
1592305969
2030151834
1662838427
1800467357
423033587
896670600
1806955206
264549124
1403433585
1096256013
1813346334
2031726418
2145255524
1989750763
1848921877
1318611374
1204698434
2050874944
982388848
447716902
488667968
631928843
195463868
322323334
139075781
471578085
916701319
827675598
826444428
1299985146
1234399046
726293560
32683523
1255653557
1208163603
391370043
1285026677
936182586
984854233
943211451
242393119
1333679527
928089841
821633090
960096471
1654847016
1496984377
509773815
1676514307
1736014541
1551397691
1514714193
1572787260
729582800
675298973
1969503126
1542005164
1910173053
374518541
1105074513
1567890724
1221837442
684983063
431783463
1710717492
590883325
675003352
1635870926
1520038160
1249056400
1328061243
543950054
446970204
144208860
973139671
1693308219
1596001192
2031915702
1147697523
218407410
52636870
1106566507
1454694832
1867133472
275414752
235066410
1638508590
1252707360
1245781179
2093633744
1726260748
1339260059
1921612452
1519653702
1887703705
143206427
722899635
1463654045
1118769622
1446601276
528946448
420948868
1573505822
976621303
301769541
1951489715
406718167
388811276
1999114814
1050321749
719410393
478877589
71546013
699287660
52542220
295722042
1807002775
1186313322
172092156
1064213864
53233403
1333586372
1359872213
1161497072
809655394
295392117
865192144
890194327
1050787012
1523701871
276401728
1786549693
754950276
218052715
468087156
655464877
204940049
187412623
631195110
487856891
1040303491
5039735
1588000949
841967880
921040983
327359941
1113685621
1760073299
1628745255
1957737354
1133529569
147421104
1544484247
1198318306
1032800801
1246981478
386702223
1366479119
1851486438
2095772422
708629922
1959649750
1712046151
1376581494
1561982110
1696879476
1686495657
842988925
1982406113
849421127
240599931
1028326407
1117720212
874396169
901496809
1484273279
981656942
223338407
754633440
1922131100
1074263285
80902108
862201857
1856652023
922197456
421234192
240462263
1941205828
321138915
1114569288
1137669665
806704268
50190915
320455874
877287195
1972214654
92443213
1850913396
2106035862
1793307213
149035204
1497534784
542422659
1843519898
558823103
2027199599
1463952877
559497275
2106951933
571486285
1685610405
133851993
2033324540
2044512039
1492453542
1978992459
163501189
2083601779
2006476316
275711868
1202927082
1640979755
1519149977
50642521
2022500321
1053602716
1773019532
144881099
1251744490
1531554774
2093157267
1579831381
1623963895
853013660
878868006
846344091
1591650021
909192053
681362818
676554225
1555763141
1576980902
76094429
76836506
24950352
1419020280
33722029
715320600
86462255
2006815517
2029905573
405616184
2045895584
836675569
1510007901
550281254
71580566
810352640
1935937309
1074895552
312430442
1021031795
1294470034
1902284677
885637980
343959357
927431053
440306188
1673095273
1561339254
1519278597
882157602
1641203569
1924507158
874511993
201413196
1429713753
467779616
1609858411
165821446
1543365319
1303851320
1991684755
961686409
474387242
168995022
126600060
1564314273
944779849
57679026
1584213691
669040267
414912785
437151156
1407082975
1545685077
760880421
1892819816
1390860211
1582476620
386442301
1200154764
374980274
2065180369
589176008
2068688749
1452549822
1882462943
456718797
82810354
1023064082
204889242
708412495
140239338
1923084506
119157667
2036710812
120343960
60550193
117779859
785336677
194681702
415149943
427275527
540303580
674919069
895877492
1113617087
1538575324
1945797431
929023968
530806089
433316704
957215422
1256320575
12984838
1113627908
1618939896
1556141000
932244550
1744608055
994856798
1361920360
1335350985
2082162943
621842284
1700980908
1203419865
2138176530
458728623
651192710
1506695483
418520599
1205874254
1382146194
1371484776
1199988740
590066207
985070949
1855923930
1357640676
1071513805
70099237
1160699505
572575586
2123162170
432669750
479459862
201323828
1556154823
908420271
1124928202
549767266
1225347738
934034639
1637110437
1968072201
1629569952
932512045
1652706507
723257277
1045158917
2132305582
274791820
1847291175
1998825386
2123641098
658574062
2072137615
1161894539
1449232640
738303147
1426840327
1211643442
1363663529
2048656527
1980969230
781088001
1687501665
430190329
908325506
543817492
1644517508
340712029
2126107313
517678538
62909817
695113882
403189904
633415900
1524089235
1845007891
314751366
1030439423
1825779413
381823727
989860856
1278671209
1961308207
1615344283
175083728
1603060223
1236137841
1081158761
1044047377
1320934816
1480723352
1272652788
118288768
156666248
2043080494
2036752573
1071022629
365916658
545803966
869130016
839527193
1010396952
1979233882
1916702836
740826490
338331942
49860774
1576952449
294849271
736314475
1609575691
1549013332
281481124
1106982347
845188323
687914368
1462478013
301194916
1773976454
113004096
1742314053
2134036843
1030482683
1749391550
751704569
2030312850
1644337808
1438076851
1881387290
1164313703
1138361866
921877824
621437610
2004808850
1364138640
353452653
1180156415
834588344
2131883503
1374527128
313005254
1926001072
890170435
1173749960
338263342
260083436
983176864
697819163
743058498
592365189
78014641
683055719
1235393680
731777885
2029080538
2076040912
9753483
833703789
1294719152
1661000653
1966713983
1507948718
558521773
1714895119
1599417045
1711905873
1346616671
1124652728
1865077606
874939271
849942641
45700603
2083197039
21657559
849287184
1076128179
747805140
1009145595
417446953
1012657654
791996687
2039017383
1721479667
2035861745
785035849
676701583
1610232197
793744017
1480419197
1905483084
528901282
307889495
596165026
1146401018
577590524
54933074
149640270
1683647616
973038029
1870435656
1782523585
1836143066
785399580
1359852826
980637398
481043653
637565715
1897454586
1396687534
1404764151
22645979
1138514875
1934343117
834728045
2131061358
1860219353
220250226
1210636912
1305126657
1187999755
1633828485
1629136156
517347775
1403448396
1424186764
5353292
1983580878
790346088
223596696
1043696472
393407248
1511581292
492613888
1479934883
1799721272
1936721905
1797677317
1351313146
547553453
183109555
39875790
983309327
303544244
554286359
755279272
1483243229
631538984
1022446903
2083376209
2021524475
1826809734
1593529151
1551622747
319989013
1065284306
2008600801
1738411323
2013894054
1647296110
1881466440
1589358715
1992441562
142040114
956256800
395675546
1135772509
529749493
1147058850
676841574
2129480793
1428599826
1034665270
1144409455
567696757
877038546
1230358120
84658159
1097101557
2142377312
246592324
1280637625
2104663075
538921532
1268398229
2013330308
616692561
296028958
846074692
1571782116
141338228
862703348
1482686781
1494623557
816508183
955111512
48660667
946200398
535550653
1009775670
812734849
1940473329
274858746
343654451
1234103422
1647643015
457545259
491026533
2094222318
191062954
2931939
83840559
1626479679
1039372564
1308310872
198723043
362560506
1267094424
2114610708
1313643993
1020408724
466648279
625623977
1339276135
1266445867
1161592872
909974618
1977590418
1496988209
1993608576
1775121437
60683093
1148751973
1097511603
1143265592
1795321922
822191502
874677831
1303689285
1875119239
475414920
1250155025
2146203876
622166690
2084692033
1484846174
268673387
1057124904
423270789
1927205749
831046456
75105768
389927354
1218180819
493940602
1731207944
1694151041
2081305132
562655905
1654529557
305882774
1217431339
927783298
1133247046
1537092514
599394287
540818684
1571499846
181344476
255246585
1224594988
2095839097
529775506
2054925330
1000463125
206972432
253327187
1638836671
881763005
2085520857
1142402404
1228637248
2092241179
1716633280
1802939881
1269758300
2127449038
1145947368
2118938413
697355396
612611638
1306709524
1663045155
689299849
1669477679
771018853
1837438790
363028143
26852476
1192659125
1950324268
1429984915
2049581481
628557863
725741043
1410300629
373176700
152750950
1744140647
1955092053
869677908
592009227
1935602643
1145802561
1744989635
909665088
248490126
1825091933
445586182
1042120766
1425304415
806354983
1898106105
653219214
708008213
1086902707
1523568957
1379884196
2087280519
1715531837
1278870993
1421158228
590908908
598606886
1066528028
1523854812
1194863828
64620461
1388710467
282404295
1333239533
949206879
1768654140
964419609
1910835413
1868316018
117380951
1408413399
608747895
317352942
692010815
1221874669
1353091594
725458557
1098956076
313358265
1492487999
739781829
117331879
912172593
591409234
1138431330
994371368
602396224
408719351
584820509
486320788
1078359957
881781875
1030501268
745595807
1697581164
42385403
955304403
274119343
327890146
373794973
108591124
1484024817
1774550061
1588533432
595039780
250198629
655056748
1768411034
324114467
2147134726
550442910
2117867796
1654450113
1532859043
267506741
1138218494
1728595849
1361923718
2132771044
1898663077
1963277343
264301592
1812272224
1673511146
1852637067
248085364
1495950967
1282331776
1534687936
1597453786
509119925
17674005
831211522
1183246771
966117030
1656549030
22396269
1060679371
987750811
766402534
2752200
256959124
552482935
1884388977
1043994634
14969961
493104514
1425521784
1573724116
1741769261
989671982
1512149988
1165844671
48522193
1213944742
180706910
297372901
1842194437
910250715
1090581683
2011297681
1147367616
1210139065
2059868312
1601885886
1188441822
168339851
1228514148
739020458
1100308078
1997748635
1753317230
208339780
851887067
397212981
387278736
574419639
575729434
520952262
1350594532
1992054574
1620707373
863114548
551114259
2009649641
1664869344
348693588
1530632359
579149010
1041129368
1099301058
380852426
249070876
1107887502
161400791
1915552049
1095593241
446495029
866344870
1092204275
2128992030
1430793114
1881859766
1738117606
1486812866
373479207
1406511409
1444715652
1115475097
1481131155
1884299180
1099668656
1276561103
1956370107
1759475001
1714004739
1992191144
1401642648
119575958
1484743767
796463170
214939687
1623376780
549542102
556107958
1783410249
254195524
440509690
1699148896
785458988
1307264092
1369360751
269321114
899192892
227575779
1635785636
777407084
1986970210
595238758
382797215
175840003
896972588
1086121628
1921781388
1860921341
615916463
1026997575
1883679535
598158914
10872261
212522643
1305400661
232056956
942204886
1603931707
1766550773
650872661
2070562135
30066524
678453256
1913222529
474199803
2089144980
1014471436
800170387
2112702103
1521605723
2075115732
1128763227
1758940176
689333003
1922149083
612594495
1924116751
1831810409
997044719
842486659
1236499820
1360623773
484556363
1700672485
361606070
725825111
1684610985
747521646
1193559235
1420194727
1802972468
640099892
466928793
1886965448
850243242
28645864
1203816021
1549313414
2145389540
119692810
770439341
2015413046
1890862457
477066942
1141660115
1353422655
2094183475
550210052
990755890
2028925801
1874170583
369476321
1147769394
16339485
1934183651
1467005570
1335100051
41526240
1504614292
124840797
1642022168
647669595
1838109142
1796156001
911623718
1494926625
764882169
487074442
573543346
279541867
2025921578
1475479082
1301909692
749943692
1447726484
288412020
666956346
1692729112
758999575
1016280285
403866331
651175885
1822547303
1385172751
1306079153
37229836
1451812547
423501665
846814298
1823616720
1430303011
977188954
1772781270
828472342
2065937124
1576302868
1982858325
1370931520
177444553
1451167866
145915158
1883121216
617671677
1528104705
830083288
379806878
58760595
1853133025
619395829
1144356283
1775252598
1229220015
2110181122
844298629
1196023218
56471812
1733182572
541568136
1468611651
1024974727
1552763713
1078265270
1596063897
869248617
824813655
188605753
2133411975
2063734605
1664768266
1368324732
1978845320
91509990
1153892482
1383901741
78822193
1073868213
1588632350
2091875660
383097190
969524772
98859670
905451066
821992298
865286829
1994033908
683913173
448659431
1919173153
1786764894
432677827
657464700
1466013736
2060353893
815691785
1976973813
154267400
1416861538
1777006039
2115644132
1765616217
503627437
440518566
890093125
557883638
744864889
2089492333
504818230
1272014687
253718969
1060758766
475645249
344302156
914953969
1603267515
1674659622
714989555
1891942586
1650110941
1982320689
52919154
967846830
498181568
679508585
766576213
1560989949
1331623104
1149382985
1758051099
825377414
666624282
1880461830
832894754
1005965091
1089052722
610702395
1012579770
1646423735
779075847
500889866
408830302
1434973857
1768495765
1406043456
1055094373
1280874031
1502101836
805699546
1728884101
669227597
459048580
1793718929
1037645280
265058941
1751154081
582640458
99485496
704588822
763038467
2030820080
762409871
2126692282
1757149688
989845041
374530788
1131103389
1463622378
1439204896
527930459
894170472
1345382955
438929397
1936025723
1638575161
1648868695
382098842
992261026
781557376
1689549398
439332209
305273055
865886767
758764846
985680720
2054777571
1888303280
13178552
326830133
359831516
863478968
475752972
976898775
295279060
106251462
1607381932
1285713778
161116874
1205467427
883879751
1315434640
78261754
571231985
1056249306
1956271845
1571154412
1684485244
1038388293
1589965361
280030003
1583740471
1062214049
668358717
1294644926
846955057
1739547892
635416129
737555341
949351633
361626621
551336263
271242583
1785687315
251453678
1037415681
40423144
2064459859
869245284
1422652871
1160334327
636348168
1603138606
1694650178
1921233837
1904777524
975363918
1548895776
704705230
333205891
779249343
1801389879
792055359
1592951573
438223477
697772081
1476213830
374637689
166075605
1494626284
1263257790
1301634208
2049038420
731309735
1471479070
1932580691
454057634
2126999070
316396518
1914757163
78804538
527442277
19346292
1604986985
371531995
1073626820
926117554
2046890574
1887502742
1881363920
1016713325
1334306155
359156668
140148982
1908878734
1032276816
764164113
625239477
1488617208
274862902
1536361453
2078997566
1654948778
1852128908
1139242838
18751594
1249995714
1500861820
437973661
322562442
249924102
2063204976
279119164
247974561
1263930977
411629369
2010876977
1938520799
61261819
2129729638
760633297
11314624
1777725398
1684468360
882989618
1942905715
1107229366
968062285
1858887007
1610971279
1117614983
493222046
1712800133
1589534531
947445178
589990031
122799039
767825600
854761203
1686469071
1788201876
582532069
781120118
1465206127
2032484760
896592243
2117198330
832286117
1314155958
1069735913
648628428
825174494
629792081
1920628344
1981603345
1897241275
2138886505
1682100921
1528645257
225003226
1694184819
142010669
1563111232
835264170
1302338742
1223279908
447704991
1299531991
889440492
1859623370
1451045773
190379638
1359886588
2085656902
1763126792
1398964011
674578029
277779919
1477497658
95077879
1989090348
1858496976
1745132064
1326244973
1690479852
1076242388
867715165
1777279028
201199803
785453829
757613148
1428039223
507306934
13262714
1800595277
96178053
1246166113
1725938224
1237119654
1482730873
384872923
1153735067
617080494
146185559
2034608571
1286559153
1746107938
1038394843
1432825542
1642661899
843261769
1163254247
1778847492
1390490820
60851538
1685522022
1518862834
477510151
1127480217
1026417945
602707689
222529686
1611415299
401250691
1155377937
1223074743
1921904818
22312316
1093756910
1481370195
63193149
145949794
1836829107
624174681
114005390
257188052
391228676
1950606629
445596663
5361512
721905123
705534039
1479754577
1932764205
1741937956
1688698127
1151529805
722824707
123811690
880692571
1910367543
386624406
1978925878
70629180
1992011240
1873430249
1416752808
143105509
570409146
1219631706
2108753515
1580409255
800477457
1828568090
748190652
1294757900
1307786532
502747851
683405864
2103335950
1747714117
1458778679
188372700
1114553997
2122689631
2146565739
1036598727
18259630
1083174226
174790997
1240844467
297738681
956699188
1172329912
1724126416
1765032779
307175448
1360786574
1861628345
962483785
1502997571
1746528396
174300897
689130649
678575718
1841128044
1491751629
858834715
1128004311
1939056008
1436698638
844099172
71390344
688202812
1964807357
394531605
1513686984
108389088
831981564
1203049944
845782125
938878532
1278038171
474388263
1562292146
1044669869
36743884
148697280
1428506271
1946257541
1374623557
1899033831
1361586340
538470920
710088892
1191409394
669335945
2105124245
82115130
425827134
1448414061
594324308
1909890549
1401614372
1627193790
14097299
165860000
48909803
1472600727
670788587
166277868
414350954
1976584649
2001720109
273648205
1020243460
752618186
1060011401
206685256
1828627456
1711469241
1530923209
1804165755
1274724857
1603816194
1369524476
1914010295
835964103
1378530160
1759859672
1844198677
1067220204
1824509000
1228199411
503251663
1841485260
1115875563
602648160
838460392
1166231344
1916783041
137745232
931648943
856134848
572677765
2051833397
505696496
518162078
1616154802
370450299
849576058
1119445231
322114929
2097126346
263845492
1980507541
1643268163
170872693
15526935
2100140720
1621888292
1191074564
963905126
899423242
1357888109
1563277225
146122209
1342976824
1913457522
1259901689
1646705530
563476229
712186505
1768911717
511125344
1922446569
1167877029
1629201748
1343463375
318005392
404803199
51113375
1562779230
1620986846
363249662
181110641
1297995346
1445636026
1116485118
803497908
1508357109
615730256
1832970252
153995668
1377853854
1293437178
1097495309
675807914
1336464964
570211443
285968935
2057740089
10906730
351171970
503788062
1755956812
2132246338
776559417
1081672288
1516758709
1078301157
277322837
2088464665
1021880839
528350485
1825548437
1947542366
1504850368
1666852135
1471213728
539379889
1302961118
1560295837
2048945682
1565457670
728223074
1692760415
736490398
