1000
399012688
795898425
2144504427
1058727503
216909024
1500976201
2003166276
1154311245
616038934
2011205749
1349042010
140824247
558788434
1758319411
1507900627
2117466812
309685942
1471418486
669649853
857358661
1916027249
1324347019
550440532
1872834643
488165995
158989373
613845134
1462763874
1758627995
480078614
1683052192
402643881
1509761226
1286739204
2123410186
235658032
1544851534
1593493590
1519244395
203415786
1688923904
2112412505
61639819
1398352838
353987085
1277561121
1931529683
445233339
1006976255
233150042
1168192081
1678731778
171029947
1595784173
1328470340
1104148780
1681407127
1080712439
1461442077
204123545
1960798401
1534722438
43591067
2043731346
32119147
990256277
339029326
1939224264
123180962
1366791781
718520656
1885982248
1127072149
209232449
315142666
449378303
637942784
1523898864
131982168
2048714867
179809629
1965597214
1999497756
1469324223
697564787
1761662608
1675375275
388531918
1909761704
1496039161
164867959
1118015103
1307442415
488393220
903155295
227592492
1436717637
1684050695
171800646
640714112
315593778
1112321283
202298840
949689378
1141585548
152745923
1541578483
510002958
1917724305
585186201
1787834431
1312539107
1023476783
568380837
1232054771
1006072506
1910957310
281672864
1782732104
2062899551
1551752677
515671121
988386219
426313948
848205369
434162287
87381106
1420453542
566485160
1184670305
1530073846
1938453355
1145265937
8673818
478567807
1155586874
677391190
893980122
1232331382
1973636471
564169396
822428716
1684539401
720870770
1198499641
1583928141
316803378
164735654
1475629678
207948856
46963834
382603475
732286824
2115645268
1366106672
505061466
5743970
15149249
1295145659
475897381
546666880
2140968136
1808508057
1856818344
1313337680
150211543
840024812
1623538475
1572576510
42776132
325725109
97836828
407038304
1221470714
2054020539
558297834
1271667516
1194495270
1019002611
1109663735
1592020930
597230445
805733195
347565418
1455458382
1784766945
1852971512
1397291326
1996864496
1077029737
346858575
668956617
19460626
2036978826
1678308396
1041857849
459301909
375148586
926454184
894405729
222210143
111010701
541542830
407891997
1244718086
1018970857
1386366011
2032491189
809043357
115799333
739484243
1283018457
1935476294
1344798866
1136370909
558059328
1684288956
1626201720
1580227081
1452660586
463178474
1825028176
34395275
2054822817
242876242
911534979
676915458
166433104
958263431
1367922014
676492482
1529102063
1253870314
260302789
104934313
277533883
775699387
1717765449
958262983
196316364
1448291093
847652255
1257679476
1963250475
1721941731
2112831861
1813494843
229684855
694756519
226133706
690217376
651435871
998368120
1255200169
1885580909
1101845007
1989047937
1024820205
1924500004
167195908
1665134552
561015177
816265043
212132545
1675272625
1471493372
744612043
1111294214
1361891668
1049167706
1160884409
1029136731
1917940005
1166497976
831647320
180578632
163046157
1795630188
1623631006
302760727
671728224
239164737
1160564732
170382639
262649498
1975101858
613029130
1598816990
831933634
619341828
197459638
870954113
785636072
458554062
1737409624
2014324827
1328572862
1513577771
195532826
1736378662
148940323
357039828
512130263
400281700
35970263
1039722568
1867359532
496692554
1753021343
669198219
806639885
793621839
251829266
1478198240
1722770418
338042034
2141328753
676428358
574688138
329332315
151754528
1102676415
603557341
157907988
1431653170
316905285
764487432
832692095
996638762
1186927288
270835871
921346342
1198250820
1781318163
1648191071
76608057
1687720768
1486900920
1944987190
1551522634
617656772
930212089
739046602
830270812
1488084669
983645378
1907621060
1274362439
80490794
619359710
559002898
1200297057
1053985485
1882184542
1286708892
104208264
533592486
1247046955
696683154
1169356891
1046192680
365963152
438266265
431660352
238596592
1683441466
672112810
644611815
275896692
1830430205
414443637
326750041
1907347161
1329407708
2006758125
1372384061
171562850
71952957
185014699
1919717880
761748212
1031457316
581784790
1990026649
1415150823
31563486
290961420
776483615
1911930693
1116392087
1706506763
1792639805
607825129
1021152737
523403824
32174500
19368750
1788519535
661552811
1411862114
1804604595
1778001984
1232831251
1241154944
777337736
931774240
867167841
2025737997
312210288
1183583770
1230592470
1748281326
1069220826
2075817394
630017452
960565691
1907942017
1231689327
813859168
1005689610
1968346479
724901245
217817217
1409855511
1587846522
40458211
1802279284
1616425518
430893086
1537019810
2091086716
845306116
1108134388
1894461356
1306373410
13031957
559546718
1266135079
1280516768
540989703
1239269341
972901031
106920968
870785058
2100608272
1766159942
2090017552
1859395836
1825788114
1183558748
1964294646
1845312327
1683526954
1928131631
1205619021
582012699
332108021
1915008925
40926857
987894620
2046519770
1710743332
233837108
1841411809
1566285439
315569765
844053976
271730986
1406486832
421664779
1708321455
1439263015
270952876
1114792477
1341284301
674152223
92813208
2008724033
1122531304
130661219
1886747856
1917839985
794648712
1976508461
1971976094
2002189493
967958336
2027901042
1301529743
1896873760
546644107
1652975866
1611649424
5736765
279842300
353312830
996824931
736056963
1363225656
641298124
209476682
566179037
1776025994
1552285609
215957032
320812611
2033124350
703031400
1506755771
148647866
1902055318
1875519837
1131822037
724007695
1312253064
92566939
1721177521
1430455614
499461538
727630893
1219728733
1905959072
1543868080
1233528638
954531920
26977164
779041309
324627667
1707137445
1607191102
2084605799
1688340266
1791140824
968909970
882590276
1869200569
231975523
1924581792
1268156362
373170311
2141836642
380572845
328256721
399692464
802587336
1091184709
405402825
2115209165
662595762
1489763234
74391466
332847718
1674805328
1203973753
1709242368
2038620748
1401550677
1492575414
1243449665
1242862827
1755392681
903605145
1159110303
521858654
570009774
150087031
1641916492
592896090
105986948
529219130
1479420491
1221659559
1147009768
2073798465
486519581
542523319
165766893
563534903
76044455
1030472457
632064455
225963657
809025653
49046368
783164103
490166876
1801104317
698306116
876861326
1712267890
1696272174
1262072035
1780969293
1426994327
1726525684
962338915
1416696895
714872233
976244320
1765591723
776445610
1403901450
1755269824
1104113070
536340051
1519209926
1580590430
593238174
1464606016
607363298
881981277
211137338
924594719
1851263927
318454474
1382108990
422590941
91485825
383391924
1956593483
128836171
1897747237
610401920
862386320
1634331868
1614299037
1331183001
625392051
244756372
1839264606
1073770520
808975359
1097375991
1762587472
274163792
1813621444
946464955
655527461
434480801
513877311
374733628
1982701747
210917285
768803977
628505275
908632397
1795152448
389328335
1117299338
837088584
823840365
789031348
903444666
1124961474
1973725863
603964495
1838745638
1915143799
1201855349
17102382
1645634514
882809965
1555785743
665981971
1581789051
496900125
1571299823
56706890
78410587
1300041397
973691473
2109165026
619214235
651765090
1828790517
180257589
1496423628
1332813180
2099636
1942138775
1754814983
1174759641
1649179570
1564385590
359537575
1570702773
1416464062
1565297694
1293895387
968729479
1036141015
1428828639
553269732
1980632863
770617762
562156368
92034898
2003429003
719795933
440985348
266213122
2063701371
620987231
1143315115
1203184020
1404148077
195172921
40639281
615739719
1688473207
15029374
165979241
1987214745
1266647765
322105332
1235966526
1053387906
1401164724
792667571
2023417851
1958825362
907530518
764168153
1926424892
952785712
1550019025
1919412253
336271863
951928254
1220550852
260998677
1082412610
1550026064
98044013
851363042
1468543948
1365226604
1954121387
1822763700
1468586158
795799962
272572987
2141807958
219217086
874269221
1179424196
1850087921
987113664
2132749431
1082273078
1823750825
1113428047
1186849209
312961245
701686922
1908717595
766316715
103672400
391431801
1012852688
973424564
1414375680
1901858514
1224237348
1728548608
1968926171
1104011817
1773166918
1770652445
1197119358
2076596594
1048242161
17135246
753608425
263587775
1954236452
358423786
1758794710
13764921
1233682707
1805204544
1636952119
278894813
877419767
1777199175
592815361
92548893
1317952183
898024298
1714941673
1700997035
1616600327
1789971049
289308993
896659491
802890698
1243293039
707390417
1821097527
46435142
1946682077
1560647109
1164823965
193041636
744913290
1167854280
40183475
1295267686
686715625
1745915625
2081877148
1458370355
343383404
1291778755
19673964
260326979
1088710271
10674183
483024544
682077443
1931082972
1135015326
1306593050
818657805
1251891983
257805249
292972878
550746724
9787796
642041990
1580948507
727726579
401983668
1154640871
1339018800
13978586
451908486
632347626
1145097506
743021092
664529266
1873131824
375984965
581910314
1479569602
1250441986
1811750250
380068948
17727827
1137087402
1043057216
546417526
1361536463
1511759003
1474068385
1267228383
391030445
2067122840
2092161366
488270077
1228102813
1966107146
1210572541
917771591
1725532657
1491084250
336380555
1019713721
2005695903
152291416
1512253105
1088839886
593706354
906650860
206630002
18623784
1452275672
1266655063
1263372800
1744629535
1775468049
1657756248
866838833
1442214386
2106443640
433168896
759418026
1570163547
184842863
1110433704
1094238046
1100518294
697859991
873748115
1992591885
749069732
600021876
708110262
391197137
1206069165
970395963
1817845328
2119597574
108174159
1452559413
816022531
1101727516
826389878
64525099
48905631
185650282
2006007525
464830914
750972411
1810256475
97074304
74058477
130016232
1208305959
1699323867
1004847986
1454673251
754432651
755547774
292434900
970667021
114081913
1408275197
711881357
215875984
603308744
1124844827
1362577161
2095336386
1572159093
380860918
317788872
1743071469
46666383
1393486819
1541588089
497044472
1309824902
693488550
258855321
1706961087
1127791897
1214670754
188168597
1035493534
1060073503
341875828
454463197
340489676
1659341310
102141346
495192615
1599260863
979633452
1547969887
1985913977
1141889976
580861164
899570886
1879259254
687726357
1959391967
468405424
1355656772
1802667386
1703730639
2104755431
893201529
443359382
1393933994
188820928
756306598
51709144
1826160723
1874030374
737049654
176698875
873520406
1378394463
333646241
1136352019
1277365454
561956210
2062529565
1733032651
1849031546
677758212
1241703927
1313210411
324962111
2073099031
1990139522
1342014999
217007858
1660519330
