1100
1580227524
1715334085
1251104749
1954698392
877431900
1110389149
2046211290
795811130
54004224
124951632
2079986540
88010534
1881611291
840409634
1599621828
1570483855
1255506210
1059725089
688472582
1211058626
1781334632
112906332
781608525
944749106
1976831082
1365448992
651208902
1402129422
2124239488
308612921
1500513581
226144019
770799747
1386794550
2118488116
2139901606
1584121200
1073222911
1758006609
641757682
503504088
2130258230
216730959
1751163910
1815511591
1300890517
1043633298
260105289
2094752360
909952071
1113409814
493297407
1648223843
215379836
1822501144
860974271
1064635620
651227301
2000603345
220994491
98454875
1107388487
883366175
1676181268
1188790713
1319354020
2047325618
1598392286
1292621983
1496088871
1358478088
410723446
2119749725
459408847
238494986
207186344
2052077554
1264441346
1601484098
1015841412
2120497812
305622194
979787969
618031327
1405776175
725163540
1398425217
305095928
1758657686
127955197
1639853637
1457411677
967878694
1913298869
2099219888
1203356638
1389040656
265187168
1162745719
1675801555
13887287
1168395274
1416220975
23743587
821561727
1880992802
700822027
1450392638
363193932
260881886
1353173114
931129782
1518450371
2048744019
2114971736
1757309927
205575116
1577075374
1020125759
1766017787
1464144018
1487512559
2135965807
742655984
1643191383
658760528
313822706
1166175529
1305406770
2006430345
1992434824
590980819
1421947450
667577283
177767170
150872685
93900154
1316206180
1308240721
471939047
1434932804
866874125
725420253
1934203268
302490643
1993404259
1443454690
1074891757
955604831
1944871715
1194344174
1385948880
1521262017
380351483
1040352870
1680923832
1814725248
672891277
1941005660
1192463253
1430776295
1197308430
1432448115
1323390238
289872607
616363664
632890259
2112618062
1712161139
1101192914
1456744401
1092589778
142766371
1728697770
1101255105
1160065662
2058088342
926133779
400974781
882068809
172131650
914433458
167624712
2015174828
345315767
1651305226
437167945
1590796508
381015164
1825237071
2045869739
1704677143
386467708
1955387465
429759952
710005394
527376902
476914302
936912369
1875793956
1298311793
721485606
1460625114
1972615952
1870872607
1859314748
1818992193
1186690171
1042720365
1950758982
2000598456
150492170
1990776403
841306236
1796925535
1033896158
2136217889
752530299
1996122671
1405894697
1004153528
796304848
939550000
1539639185
1618436839
482475863
1316784164
553931626
1543039275
29312411
402267424
1766115399
1593765286
2115703276
21210989
338434757
418638884
1177336911
2003044736
1480736652
2035414464
1967673458
1993225231
1594254423
502203354
507693449
334781294
185773829
355029377
53057290
414692930
1080018745
1022148272
474900521
1983497205
400106859
1303001479
434651423
1387797109
2090019865
175780185
1386927662
1731968144
1242826454
499322971
483733762
822409417
541086724
1541193340
1582865530
784125603
1117557798
2068458188
869849190
2039799271
2108973622
1279385283
1701222166
111074334
915960743
392075212
2062893084
1019515564
1971610083
225503594
564985233
1340696105
1843214558
411756630
911871963
2044617662
987353124
1753144181
811231801
905041701
1095101386
1126823781
1401591451
335768061
1676747542
1929650181
2127749738
203802861
2038075967
613266069
538301083
1945555612
927617466
492066934
1298194221
1391938916
246003449
1969742105
1046509767
1397433965
1175149655
1580737567
1614304246
1886074638
1773400449
133491793
16842197
1299288874
68473889
1621682387
390838210
1221156926
1732865864
912828458
1965923567
1932210750
776496104
940481031
1165167828
65991463
2105113076
1713183284
79454415
1021071575
1870747449
1065320902
1063577598
1807921825
70516938
1409499763
943008550
1480702170
1421812410
1753352171
989952429
1883980184
1094524988
2127946437
1098235125
1846016001
1090645029
1573943950
930059589
2112318094
2014488933
596527006
392674805
465873005
827921117
2124338654
1183562067
1915250860
1581493066
1620774599
189318467
2127673313
1101248172
1457687566
807999366
466497288
1958345046
878244143
1610899821
1284157658
42156277
1495027139
128228535
1382396104
1718989928
726501604
203431799
342622547
1358949432
1042534819
1816787084
1376332178
758829676
849615577
1857655768
1754547189
6245294
259365920
1292543558
667051137
1555080839
594304393
1612079682
1227327245
1185731638
8571003
671544349
453969260
343107781
991642161
642139545
1326749057
2088002399
1535299346
1583942429
554094617
966246071
1439546300
1985419107
851197487
1613678669
1715949414
1427240916
94629947
941638254
1590527751
1251662027
1794808775
769673931
1133631120
983085507
397230574
753208265
198701998
1988082167
1091722591
2070492180
1969989585
1796940717
1136826681
2020423494
396798680
8004038
1442451025
1778931263
1157596326
174142262
722143828
1530556155
1346009121
1786820377
898325922
1569690821
1953854663
215075154
1644507601
1543926139
1835536714
832202474
873752334
164260939
1062243807
129620453
603552742
1483905801
1143397907
1828613662
1925904863
1184266832
1305394058
1097165933
1737387351
1084845290
186761258
356933721
128049676
992871780
1607108599
428516064
1627318979
510793030
84532151
473051223
1694510847
287606239
329179925
42386150
510820691
674625442
86728384
494811225
1037729038
2140482592
1301080872
1676492008
184003993
1081619620
1657031143
290144525
1118714870
520317669
1680061610
1592308868
1151345900
1648308679
261961525
144214788
870250466
376274225
1445597638
216926398
1379867804
451944990
644096834
474994062
1710596459
1376841537
1854561108
1900108565
1699320260
1377602901
1699296462
1466132254
1950471341
341911255
1522546655
1976375503
1951961631
1069668494
693994601
75371793
2120032874
1370483266
1481139244
1808466461
449676112
293260802
523494702
1740983387
1829787445
1728571790
1033010042
683618886
1243114178
1596138793
2101586954
221059265
1528480725
1555645822
1123335831
2017798028
2032154300
795675201
1015904282
1943940427
1583056169
85465107
270654660
992922542
508363972
1827186410
1677851326
2133715976
232574068
1743584346
849394537
745896761
1622436672
1274915305
455786300
900230706
1094788828
186095271
1103511041
1685917156
216514715
1112985338
1486156572
1991019527
638764373
1222843507
347147805
1395187397
2045010636
1346332411
545140232
1863968043
1735706024
76340231
247948126
155374555
715522177
2087903215
1749236172
898689083
1152809286
763151709
657902481
1236559369
416997446
48123206
1393613382
381999799
323530216
565178527
1878389417
2064755169
893004041
1456729925
475436435
979362237
1217721683
534063183
13134587
838227677
1241262449
959494956
612072381
1761151221
1211559234
429616930
1254388859
750047020
200581232
1123279791
877981427
1536969650
1394051086
1454541107
2027603299
953624761
1187972438
1690853517
736062422
493132803
334123939
2029880263
568349297
452080691
820825900
2080405087
1891193005
665316239
1703723668
309804366
815404593
826967433
325434774
1032011598
283092531
20263568
264729345
491318607
105568546
701201403
313139167
1462514250
774694711
1227126921
1458665432
1184017479
2084764253
1137723706
71769446
1209838493
1729743025
901307499
1526046534
476445704
150091400
910097138
1582104168
276788322
289407341
802462689
1647950994
1332891500
1828417791
1920303484
1826058864
2034125666
975114920
1400839220
1290268245
1491309209
1825209053
478722097
439867794
1412000744
44240856
1039986971
219801524
1962062482
992729980
827682299
910265312
890312353
166553099
838460890
543569859
44574106
1499895862
1927507033
1228415392
1146165659
1004512503
977601803
659526203
2035315439
1364720777
1402634350
517978929
1800296329
2011711046
329162751
1461065202
1143126874
1309762176
952730167
1445939458
996561051
613512636
1176000313
577410766
1956200502
930609594
218061984
1646580648
265333244
1683085583
1988567665
360965227
1543236714
359043117
985011825
138134531
183678436
1075796066
411523274
35000982
1016912844
517036542
1204803723
151333623
799341566
1011082782
1234352100
934002985
1665590124
2037102942
1785067507
1063389489
1995096168
1811170845
1034448142
618751044
425597306
1313867367
258603982
585078814
1654361469
942200514
1174871161
1577225256
3300578
2015975418
1805166424
968200407
763279740
775444746
444131697
629746930
100916829
794774088
1329528882
652637350
1499000963
1253357373
766606927
855566130
1161406250
952354882
357652366
553768253
2070658010
1426705930
1967002854
348147533
1045045808
994235057
643060084
1040751630
1206323549
6173824
763854281
690107960
2094375669
18106478
664268065
552817377
2093790318
641074124
1113991399
1266217087
1483927160
149925547
256150867
895118258
1824918960
257400515
617098569
1904320223
565035698
1807874230
1975123770
1170245691
174809759
1601338072
1978224862
363689697
733437607
996495247
482378627
1493091019
1954383264
1476912967
278728910
1791953297
1128860353
517659385
1158403629
1666381202
596727527
1192613322
422226349
1974045705
1127784571
277252191
177223190
2005926629
2041400136
369336826
1547378406
1222778839
390009332
1122816904
539585804
1156586849
341374174
223402361
1700348668
1070799467
493941537
1349684790
1662244972
1309216622
1637780131
25560141
1434697603
885083534
1994981509
2057218145
1589080183
1700955111
410939709
1038576729
575741351
1324568292
2015668299
1566439517
2034552977
472796632
1431617951
560588260
103140670
623558832
160600388
449380839
564412208
1872932817
984666866
40474430
167521618
285186215
1758667664
602652633
2000074240
561423675
387891310
228769907
826184705
798845219
1529548915
1661954620
65595905
1207970087
811791163
1961657457
1882412820
744663156
27777619
738607027
1092113123
1114930982
1957144825
1647685543
897241702
300021980
527850651
1996049712
1070216113
1573550738
1914469613
1128497378
1864331775
2110091521
1122718720
171455819
1823777446
381601553
361230129
582119694
330807440
873718686
1639835226
1468725541
144281867
91893838
1347087615
1656290096
1478117320
777529190
418654834
1904590773
225694540
525986361
1716934946
1311532129
1512302814
1663721305
1627500601
492740132
1492527302
458873033
1150456542
340231156
688886638
580600419
647497923
633692173
349979753
1705039876
1614347977
1672710957
870348576
67199971
1487490694
859655821
1972229043
783221882
1067421452
2035469783
1180566096
27818772
471641290
242809191
127109056
1118700080
1828080196
390957350
1562503737
2128784201
1974790162
1362624091
1683889281
1969440159
863425736
2027990354
959984539
352046115
1521018344
707186915
1189044533
256138174
663091114
2003739628
1003567598
596554050
946746682
2017493890
410337282
1210921167
440871228
894572890
847624289
1086091906
607491490
573738494
782681748
2084067861
958534850
1123205929
1554829528
1170584533
43614310
776115828
305343758
1731812438
968499987
1385966124
306451527
1418063138
402567070
1060518228
1207099239
1398338720
316146132
798388369
350849804
1381020357
304522877
985452847
873104461
1196646509
1657088895
1291918035
862436457
1957756181
997472574
2111520376
1341130168
1624810745
1134129286
1626331048
139704035
478834737
677516662
601468882
197236882
663672756
1845132732
541673382
1010636815
1545381071
1336625654
70478380
1399768333
1161193049
718103854
1340589577
1408242868
610824113
497405483
738758802
1345547932
795893378
878323301
2138845056
860455023
913779080
860818266
932310002
518314841
1873196596
1197553102
1655876453
488429205
352581458
562717492
269923226
1401994491
1435931431
1151534287
1561948943
413941995
1392972301
286374132
853824679
1122908196
16552921
1666812459
1967757718
1160945861
1000541927
1738012874
1170750186
706800835
1323505208
354666952
64083109
1140823734
1878271781
446537768
1569429417
1833827721
1460830390
1541627014
308495359
27625928
927039585
7816616
