600
1427328235
391116288
527119584
860172187
292036044
1836818128
686828686
1637910334
1595595679
1019674301
296486084
1341187473
1168632291
1945041914
1507476587
1645668728
1820883334
86583219
396834656
1949163980
1961745249
1563360055
1395009021
145133267
104651466
727472932
1677726391
1617013128
1380065004
2130863404
1281622126
33240119
473470463
1093632680
350339335
1251447523
937092802
1498269171
418925347
1000565660
64547775
1444449901
71342324
1444367785
355087337
1133147267
1950223827
1961894873
517377722
1770290741
1258120422
1034775149
468557077
101686019
986392509
1724264749
1602645008
825845942
1936370576
1093001911
1891637038
2007842518
492214455
585225478
2128376461
1548387258
2008283085
108569007
1135459677
1478051900
2042677412
1795966404
1487952769
454962229
1218912362
1059588873
1430886598
1068403370
649973689
1623406347
46428722
1426452046
962564232
38896690
214264029
486395161
513916320
231891357
1393449946
334007592
1280544617
1810889506
1670081270
1487982864
365880061
1717504736
700571663
1316883283
2118355004
835743626
182067840
1480547211
692459490
82153006
1939714195
1503506945
1267421805
2126019031
1340219823
938884250
1910048029
11068297
2029662476
1763580421
1280670105
71226177
1659228114
886069076
1753115406
1595156468
773472078
684143345
1680901449
1406525233
1171993377
1587653114
675834480
1083057644
1497234322
366365624
562446710
797454577
1192212401
1259623947
981257254
155114713
49778650
1637095998
158664165
585569784
206436246
569878575
961497432
1715931435
1161951299
1165804419
747306694
1420499976
1392870203
2069962718
901632766
803843262
769248149
1366942735
14906451
562469509
703899914
673150918
1829689894
1227331109
139985432
1554945770
505811622
816462305
148127156
486518284
2054264983
1028450748
76463706
1632992947
401093158
1383824302
1250255832
1499728830
1363171182
2079369248
1302861131
741395730
1391468465
436027998
776033334
1101868198
1818540134
870725595
1183241659
1745635997
1373266878
1097488808
608904671
99944589
1063124324
1839262688
1072255144
768696103
362875642
176291478
1252234708
1302067588
359223323
629771534
483271031
1638734282
1317334619
1795581723
507432786
2606396
726403728
1187373218
2040198378
1170749592
970521378
1978485327
87831460
603235407
1883242195
116535657
176509687
1259417770
690977372
297953419
1990206064
1798851180
2055323438
1129109310
96298174
1217934984
1332304222
750523144
605012245
668397245
1543562748
533970657
232439304
1643988319
271020391
1057076339
705610587
2122994417
598891936
1221849818
822813840
91236425
773705814
195319870
1799303964
1373293680
2013571337
1466638758
830691422
163741853
1422458789
818492254
1529034810
2104118160
1458973318
2038114363
1806818090
353095442
436555016
931539835
484499629
437347198
676162888
495949729
1320401223
341801975
872944318
1945132969
2055727330
592335610
1853058106
53821066
2072727858
756342341
1077608056
635219991
1499038545
1988496251
40884810
809742510
1066998525
807486523
393829004
1792165377
1871847454
1150761443
1736927943
1805176562
1054241075
939784967
1278170460
833559506
540358083
775900717
1660688673
2110148381
1112692887
969168728
249252145
8291604
22743363
1674675010
611283191
405881950
1064323032
1904327848
1433470090
2097264188
830502249
1086318440
1801901474
1663280816
1281945597
857056708
1109332573
1214926066
1079554852
2071356352
913427219
1397742465
1452082118
1195879525
1710620943
1590089830
262218081
570934506
678575337
122043770
248119457
504598972
468823039
1252089998
813108626
1009566295
1887881047
224175080
552662474
1048659382
1491370442
491777658
1638890198
185927306
555155016
310897560
1782533229
2089742178
1824837087
1014436900
1940974299
2139764603
42055205
447184470
61444163
497874316
1373372287
893285741
1984898258
518323677
233655111
46324479
342374123
877397330
1180168747
1706511971
891879128
794037753
1555687993
767106465
21391366
452795217
213792069
1827994897
654845064
603270832
2031474549
1541572529
758302128
396594034
1338070149
1918339009
348315634
1631601279
473151399
1310983972
529675201
1329137732
1173889016
1955079871
1545593112
306466531
111335360
1962196900
81043557
1386458141
1375138563
1890044617
1396442682
1731626068
1061778655
198545840
499895271
756940766
2068512307
1378854433
1894916997
903038535
629212144
565879525
1380192442
2091975562
1020759422
1006875640
2126826403
336671652
1658092117
786884166
996092748
1027618551
1159024936
1530347699
952768302
631647850
1759548751
2025431987
439419442
245866575
1689494944
335770071
1612278943
1960731528
1205215845
602800127
1327394406
1584125227
136043422
2037370347
1681606934
1329943367
1243498298
1976337839
108921527
2105279058
945192850
539804867
1746601792
1050728641
1637927277
1691266045
1861932025
1250292620
1070768755
2099263312
117090409
1455305333
321672973
959733526
1849246083
962337775
797909277
539230061
1575525255
814811633
746638847
504072440
1748876430
535666051
556133506
997619838
2117568080
186940364
830178346
589928424
1310036105
1364218264
842617388
140314219
225971151
719200242
216371253
1352075270
1212263151
794611787
1438860015
964206261
2004129240
798167295
828641334
200075824
1902338929
2069657930
935763084
1263292417
917445635
971961720
1997173375
807693405
900416437
1313438525
266498155
594921938
1474358311
1487734287
571391531
1482187207
193580969
1092672403
1598508064
253224129
2096919163
1445140314
522181021
2113456841
1512197489
1841725257
915309008
1358375680
1144062097
513712243
568185763
720395487
33524998
284897898
1072918298
264789878
393254682
403948599
1911827301
540805790
478851286
904179722
1785644553
355534373
150449170
1671321649
1398151169
1903463266
650376468
1940367985
842257637
1845095533
22475828
559213846
370987168
902423678
1807579249
1704186527
588238356
468955273
595536346
1861080798
2055722178
250670949
592970597
643948940
1361776597
705514004
1800328661
2041984112
899625903
1719853952
1505874146
922984048
615279796
320639394
723654375
475723810
49796413
1649335521
1412912599
1501947946
1958638476
198756637
753166880
553905967
1343865033
807232747
1199966480
142916739
242661112
1619469074
1529115272
1614858779
772302493
1768290800
1422994379
1404125332
1679758846
920210383
1990836593
357049384
1433200252
1870043009
1629000043
166316101
1096876950
612233326
2097978864
1611172922
702699667
1082998373
