200
1920268971
1623261631
1516406893
993423807
511810541
1448691517
486363717
2055615567
1399049053
93992768
243969531
765239908
1700263680
837864120
28677322
1410248550
1906077543
1478823286
17539737
1954312002
1997195531
454683686
2141346718
1561946122
958613343
765609911
742849243
2018945211
918769255
2076987794
1795278861
488614474
199220654
1629761655
1221981907
1597700107
1203573196
143584234
1908870080
92249896
389787478
629055823
1229769582
1890609123
485864499
224460662
1098821670
1726862576
1862464257
1397295878
1835002138
1691347968
1952363637
1727343391
248831777
1180223164
1107780070
1534229870
149636269
1326508434
571553708
1623093722
725461659
1371432198
486866748
652717960
995860231
1967635999
805556500
1347371228
1967084605
1433640374
1346953183
1271596926
1945750893
55986441
1992444442
1720350909
266245734
845013752
748286896
549364272
1066926286
739144382
1940351443
1327920505
1840048988
1973335265
1810090979
1455447122
2082541221
1741075488
1092140594
1459754453
1543034168
1378953339
975397956
1645730120
780777551
555786260
893674178
1909179350
1520445126
1559850942
1930816152
450268054
1470362452
1082223138
1273022869
393903291
755255927
197550501
1227458202
493468941
1146368303
649883406
527336015
303618263
815827715
398787285
707797574
331257440
1973987336
1198505125
1450967824
1952584558
633494386
65408145
1448358410
796403654
1565694338
865245721
158036024
296817414
920886933
666203488
1037007902
1035431994
1258396657
79040290
1161454593
1874948494
723971986
1059322141
1508106421
1559586243
119595351
964128132
1875621596
1254261650
1349904819
532848754
1435902533
2104425952
930512846
866441038
1915963245
1681678567
1237413949
1408256369
2058005977
1956853025
1243920952
680773651
763609674
1967582410
233043622
2088316651
2003067317
207820562
1133332133
1948884067
1587440223
1016257883
61196499
2032693630
830822189
368297598
1805031444
1595284006
897900737
1086636984
1197691424
2026610200
2064754937
700613864
1993549147
146798616
78441566
2141328506
1188390590
824719139
492059766
1546304435
1745531156
1164142143
215368270
1653616412
2138802776
526597272
