5200
83970654
970828531
298660107
1959121930
2018704823
449904316
263565820
1772981511
140759758
1567490109
1295434824
683526127
1476699088
1274613491
991584834
2114458692
1131282533
907395924
1362423632
2042780847
201897846
325985085
1694770850
80027034
1181051413
569646685
962957791
1258317464
775693640
767447602
801998314
1761124948
1181549749
262215314
1200073545
2054956768
286973015
314888617
1068108441
1575128530
907602764
1486525559
1015260104
944165939
470062551
2108685990
1097829324
72172462
1250174771
822307687
605393697
908468731
1648598265
580478284
1447130208
1151215941
292059076
624190033
2140768681
808306912
693475076
439339193
1620970426
1847078099
1555569227
1033845450
1551488909
1858801356
855002073
737356612
1330494747
1271942583
1748603523
25410004
46093598
46288542
1064070347
1065539211
582246310
2144609406
1034252830
821473110
138652325
463372410
1553489330
1568498450
151289693
352479852
2076582104
784006814
889559317
2031272256
910490775
1215479908
232039321
1477804741
1159308432
845981105
1159676190
399367119
1010460974
1449672116
2039912522
677380382
980773259
2071840335
886991691
1514131242
311610862
1399754925
493925725
280703622
103549447
1569041652
1669255400
231823391
1624319765
1439293081
1744381611
422028581
473241130
509729027
2030461710
1292728320
876219081
204194709
1062417580
1637855285
1943460999
1051264396
465801927
1597832734
1240363442
780098303
1026460538
916192269
525480371
1693462605
569219500
1442057736
893943429
1506232120
153650059
1875511888
1175468090
1147249253
199672073
1225894163
1996113398
1066252816
772761974
158645617
634530051
1998976992
866167427
833697084
963548898
828800006
1720174067
153018712
1600330547
1696540740
1034065892
76416457
116114031
822277410
2106828221
1573892778
1934347190
1869974999
2016523068
1280893801
1844994960
1297626201
2138825123
210855851
1929930179
964095473
1964725772
612340619
679618493
894891933
396060393
430028649
188762804
122126732
1252086486
350642376
2051446328
146125868
395083430
1054106151
729799151
1256520748
134757297
1863557930
452843644
256679580
1144526376
531085626
804534533
402363624
172468993
1833781113
549945897
528724494
625411792
1267410706
296295366
1460473268
2103216971
1948800938
2136562002
475183446
863329832
2128066390
1103662051
812235695
1992122112
1997177600
1349524832
324228621
1648862691
855285473
1952231814
1199279936
896567587
538813978
973230282
593824016
564276213
777110410
1058249383
2128813018
876909689
2083869185
1723137922
1952660092
331500041
1681540166
277152610
501653436
1521122235
187061614
621971407
678248769
1410969159
366018868
611982896
1337134286
951186011
890258490
1644388869
1329621941
1267442404
1139090349
968317802
351211454
1520937839
1159265996
1393092828
69469960
780949040
580691431
1841836464
1612716133
1624613441
706362217
1153048739
2129094609
1638015591
1598741415
1129113024
895574535
669344390
1572932924
570589334
7467450
550033004
687405389
2001359472
1173158580
1852067755
1923050496
1755494703
593829699
1714879643
203463860
1778102415
536267700
65662349
1773124986
1601404288
961579616
755311604
1377326229
2141609847
727294270
778053615
264920046
48909039
2096624677
1278682928
884091193
2112859139
1268134678
300784328
1133321921
1012936815
36392103
1185379771
1452024725
171219398
530852807
134339197
607445750
412784553
1806744292
206854744
278058451
224635445
2014654758
1912847052
1240011308
1377176594
264283548
1234125924
1161159572
1641587931
1007283227
874616929
1207511893
596837163
1402190282
9310095
164530453
1337614148
360255675
616800211
1502366352
2003084503
646116429
1239305001
381166653
2086307180
1565025766
1562383741
960672003
671191799
624535800
943358704
245021538
286744917
1605881460
2003934766
1145654545
643215722
226069063
2084669109
1298630376
2118099686
832458542
1733265107
694108689
2052845223
1257288327
76526196
260536185
1584933013
1861818644
950537311
72183948
845875879
94481110
1991915030
1639694154
522438267
1531744147
568108044
1716518476
1977114603
979202841
2108448218
1781553588
843910974
2086097255
1971340008
1811013180
256748274
97487597
166124028
994087633
781327108
1737965753
540518008
551180292
1667682917
1788606671
1075906274
7180390
1636978988
455117397
2134612960
302813433
1745923863
2064601647
1925985647
1980160267
2036215303
1514581656
2080196929
253301512
1361695694
1860223950
586740201
1006951540
157879467
647465099
2037150730
985748938
1189434812
1300634007
622742847
882211681
1333587545
229136047
1063242299
730678673
443519924
1973012077
641934457
1054511111
1026572822
607437482
815737218
2094189528
223674193
1775430790
1846110329
1046115736
1784524085
655354115
940566601
1353668421
1613423555
1812948233
1511745128
2141360146
891147089
1516724652
2038635700
1668506610
2096770734
250595410
796594112
714855649
1942166979
1608009566
1923474739
1895826073
837564299
109409745
2117288403
319902368
1029145717
1540767793
1486073900
1284923692
280594535
546479159
1944784422
1474869492
1830573353
1659143488
512394277
731468603
660251840
1826373893
433783446
1636622476
629930958
1193339649
843139083
1136711865
1719325450
1041123667
446984342
1879724859
928893573
2124474564
442501807
2101323604
707584816
1269924067
1284159075
157144090
1896595837
2065735924
1134185236
425374074
2036463476
1572053778
1552844269
947185479
2069518084
1803807073
1760247856
1307750103
815942721
167862772
384511310
761289234
123879324
2141803223
594813248
1988076620
1820852225
749891253
1769332454
1865992880
849098196
1729048834
1316777425
452881374
679205801
1665630728
1549728060
1882534055
628015655
1657447212
202650959
760233061
640948649
1937400675
1574260362
1953719494
280888305
1666227051
1457020723
2106339931
1383411473
639627691
1561030089
1542629564
1325234097
1251010285
760804214
96655056
2073334481
1050421905
1360980437
4206382
222544020
182662723
60907963
1303619648
1312654863
1466446595
1751228743
1985324138
14708700
2068194540
1197656594
1190437474
754441236
204103488
1015351121
623490435
1307823331
1500528998
1665156245
571196868
384877136
2044738181
136801091
1098029213
1669897484
305337808
1304242581
1023057989
1921353801
1033539331
2051227717
1595577653
833612822
145764000
1347246414
1807471858
806381454
978021958
1677747670
1759939483
1042207606
887104596
1393001591
2066916252
1500990463
237385956
493318008
1859026337
1003373373
300655013
427389764
1863086481
1123851076
1074898561
494333125
1535645160
1780271389
1960209729
2099138276
454316292
835845558
1303105075
1645916577
1103310950
535976261
66875481
1375135722
1484294578
1827480903
1650470309
1686445575
295199264
124130852
669040494
1103363979
931274721
1285461581
537899566
1986684407
648642871
778442718
1842258527
174231220
775839099
2104127257
30064620
77453693
1064578265
820065471
1959566252
734662282
1687836951
1252208691
18692690
1536240871
240538990
1626524083
492925287
841793697
1584430802
1699120199
1181518747
708165870
885310572
1905295629
1420506255
1757017695
1678251914
1000081444
1290251658
532670921
422814835
1211767793
1934117191
1635932565
696701390
370545343
42545364
550254710
674302274
975911256
1217556246
1593717686
1439975556
1307868397
212550987
812040512
825325543
428809751
179029985
1270199964
695176259
304703987
2041430504
1232364961
797863490
389447023
64872873
210453616
632728259
1325403901
1210985697
83761781
1882647402
491733207
1976220925
438810440
891303567
1829075825
1280426818
165556420
613545897
1738428349
1257231715
1846061396
1961283446
1001611519
463569267
1649384927
320023642
1035687815
1325083140
1873853673
1621535343
2086460171
1207446249
1944011638
906050561
1406047278
1181893873
779740318
1080891775
568145819
1375883891
1983854276
955152978
1984993145
1579893545
1418308317
1505367047
2039004751
1540383102
1702627751
1701012452
1162612999
186113305
1600617094
66305593
299858275
1140498667
202641866
792405671
1671534440
316829192
1253369489
1623978331
1401027828
1909932226
1634775364
825371067
516779648
366804108
2038952394
420987917
1625829129
994205748
423730714
170300733
867127500
314720837
1256675168
513348185
1901727859
1819809146
1614424616
730520072
1960064676
2093528083
1709757090
322569360
2074772322
444626366
1655737376
1233795866
918691551
478644692
1777428203
372938990
624170140
145595756
1503602243
1029657488
113628598
338544258
1335338879
1473260130
160940747
162248824
2055720789
1247584255
1354939983
2139832390
1722286146
1941371256
264095474
1688406367
1186535828
1445398162
948214202
1215015064
2110454976
859157217
546855962
1726738933
1450548255
1151491497
185814691
1740870561
1615696105
1997732251
875071324
1792342827
1551710665
1209005460
1284027051
1815052564
1988845749
704441561
1229250498
1006296383
1048078754
366944068
115888382
1044702071
1970997333
1004712338
2091013898
1639089997
1053130458
279950632
511259404
993339574
702309356
1186986307
329187475
2013603776
1411903665
403088015
270641221
1581433225
193517534
492473124
1867438603
1606300683
1809425081
1312058364
507842213
1367878188
1701157014
611437391
2085262092
772501685
1920871490
1156429566
279157217
1586557393
2121790154
1994408663
1405113811
1680800157
544743714
555078194
1270619113
1464124016
1352373049
1966024686
1648791063
398674275
639654178
1715158493
607112407
799304143
2035994259
18605582
149991920
1410417195
1952397351
977679027
1923617494
551084087
828959244
1167042066
1294338533
486028554
2116548176
299444971
213797423
1309954402
926835388
193516882
1270511704
468183561
1867900855
1440967115
1734708583
63251497
962016715
1014410914
1137262979
527214790
1969996929
853902255
1196850495
1234895424
1821583493
1384563282
768726083
902643620
1454698850
1650976275
66914310
534634763
456659093
392461585
1939247465
1262160927
877184733
1596153781
23606001
1620510844
420879193
837464379
2101187512
1410597692
1936710000
341551116
633069791
1561074650
692983516
591863300
1748203552
733395030
1793802756
954984542
782539435
1879843184
37337254
1947203562
1548756493
1885890215
278783364
646267443
1800230852
1569622768
1005971171
1909158036
331191946
1154283639
68664574
496982282
2136425837
2015640842
370081759
2104049320
1243651382
2138115767
1921195400
110811399
1934855952
616208250
550445390
187573712
1736683310
1894124008
1886650557
1620443051
2000627320
1966112038
1991143941
345079591
1535356004
149950839
102321033
779297577
1535150826
842882071
1382377568
1552728226
1027516066
1128668138
1246763003
1385249641
1692897953
1294611820
1847661337
115148210
1686415810
1684272902
152632148
1773562118
1076834682
1373414776
945381511
582391375
1355449255
787369893
300896132
1437367784
2038514041
297003918
180971535
1768583185
1381928079
1512618447
1786935983
1208976679
2088520374
1605890673
805941309
293457288
174026461
838711438
1112618673
1036929705
1094405081
1452955547
608991308
917745283
1978986173
1763231283
598137264
2078073882
1793032422
1091138487
498859951
2005426070
1498067643
1167219709
2121965060
1033451336
1008479430
1557488364
150654360
144638677
2127367061
1890449971
1236331012
1700889652
1715757114
1365707829
1178990916
513873737
1596439573
1378496727
389978251
534571834
1465565655
1376332189
330920670
789578016
1720107252
2141365846
397295557
175502853
1268995764
75714719
825641405
680038858
731453800
1753489542
696744729
226959327
121063928
1686567240
1785394605
1660456842
215322228
118656137
823668946
985226356
1008383120
2087618409
1400741627
675692062
1216445294
2130773613
354409589
538222809
1096050211
1808683442
618161555
1441392095
1140430284
840687985
1557976291
541223826
1602726902
1415031259
1117235622
939089164
1455207648
1938075585
201037216
8539069
395319720
1703797966
471487454
1579519571
230201981
570444554
2028471830
2094033392
1738494193
1607295612
808721449
1261044177
2069412418
299293635
2046869927
1388187617
861718972
119838232
578933677
2133746910
1222050389
1321591244
1714184215
1400647774
327653800
511643112
1851763449
2107249011
1565434452
1585724353
89177390
764931810
1905933659
597850980
1677818567
249141084
252761279
1280847868
757874920
1055467792
1945132670
612219705
1009585212
513164013
1941677486
1715434260
1729177385
1597176944
1592696216
642374826
789995634
920626670
59947911
875114890
453167228
871780509
799824160
922561274
450754657
952573739
1687822025
1371674278
1555357875
1039556044
1419736530
1636840322
1714494969
317547166
1374880335
1934775568
384620667
1894725044
147465767
1570033613
1804347913
1451360587
872057488
2116922930
1908739148
1174293164
1978315527
1923034071
1503579835
724889974
497718971
1026914994
1884427507
1497168005
1647133554
671141596
357719401
1117394514
62687125
1508684437
1646923575
1124928594
1306502240
2035655478
1240600631
192858193
571344962
1654518982
1699603410
2107067387
94835005
1751318168
1945456868
95509809
600299099
1175686993
1425313821
1190919821
1303902978
1690872173
1391198670
918204273
1120307424
1298237294
565734640
280327249
1787810200
570681291
1326236917
1611245297
851794334
1010934143
799438837
749506216
1806748208
340033641
2128954561
923844777
1288367084
1619093786
1991219772
142559282
1021290674
1821623671
430734311
2144704172
257431023
2030188703
1107030415
1735998557
576947967
214801373
1119288541
175269918
668510024
2093695469
178263906
733884409
1690803420
199984159
982334009
873046346
1507209742
1789760971
171207139
1596365031
278857804
52535667
572772076
732652462
946655809
1778003006
1104040621
1280190017
1321899513
2085470855
481674782
1538067941
1182922395
617213004
1373343743
408176685
2042660782
2050517276
1019273932
2012398481
842868448
1683469357
526351270
1842263970
878075442
858247610
1218701369
1370158458
4378115
401367407
1662145632
1768816454
1720492012
910490708
56549814
821815688
456196234
249354297
1591903340
416547475
618439121
1414706182
1173711550
354632423
1541293346
1310329926
374860367
2082244100
646467169
1144428344
1441986272
1535609301
1054498039
164825197
106504362
446150540
258731738
466886304
93395476
1849406303
464587433
1806235235
2027079280
1530312144
1909584434
1438230327
1241501714
980724305
1382996917
1844782920
817940068
1898584338
214480280
1008695357
340772039
1332794881
65531694
882973430
1259970517
1295153707
1803177043
834194498
1501469787
642884392
155238020
1813022918
1360768393
606272391
705054690
1893128532
1445280532
862391170
2134435138
1453156146
410808113
991285415
1146978318
2036193337
977800530
23928360
1505224951
1361441651
771346424
1238549976
1939855945
101453045
164188030
926648104
337379714
925678161
650997644
1676134560
1048318565
26398389
503141946
140973960
852156635
789225298
1434577280
2029219898
17924759
335646628
1424021069
827674064
1787067058
112387485
2125077959
480347121
1356065469
16967036
443624565
1061281106
1643629938
1770600159
1241151527
1725531395
1089550621
795578481
413574633
79050394
572107109
1472834648
1279539376
1553937853
733565461
1385923671
2056308630
989007692
1774024901
1745016368
651344830
1915035947
1166530559
1311830001
1326749368
1892412024
955254833
2065810384
1487585614
1452352424
1571812199
210584861
936173767
125083558
143937090
730860462
2116793848
1509094130
1374296883
548159731
814515001
499180631
1120023489
1608766311
1536359006
1575789944
1489230852
734851946
1543680897
1784009343
812080038
161601408
786508544
1636645580
1737597204
527222833
1644251040
625832275
816442086
949056552
1705076937
1490887740
409107246
336891227
199556424
1103904153
781013136
1260563460
1930600610
547146603
343271820
225934440
1805632110
1476964503
1767443989
610677116
590533539
2125798356
666083784
610550330
2045050192
1078249758
1145142945
1880583535
1730961112
1071253846
1101354767
789055076
938988563
2134479594
1909628910
490244231
933577640
585046412
1215464212
537097245
26965262
1148497654
1872550295
1472229912
1232105326
1648224994
1113468314
1959903511
1537564413
1529338736
1722008880
1775954104
1897989032
1280228633
2051454011
738309763
733063173
233470795
621737681
221938186
838835772
2058549420
1671926578
1539356898
1702446908
502079253
94159981
1425847088
350331049
1500624854
580725829
557305732
1514822499
236915713
962006567
2023741384
56785199
1313230170
1013616655
1094364388
1998746519
583386362
134874705
1753955130
67037621
1889586515
352404636
1925756626
1575671469
369529180
1006434619
883498905
1402097715
1658361090
2114653798
1809845703
1716964390
568460819
225252723
1838335539
2025189192
2098254603
1005959171
1763874274
853795675
539069722
38417296
1221490585
226637106
441388725
92330561
147652171
645675913
548859237
1454743145
1889504042
473040011
2017702070
575513585
1904199922
658164890
1997394744
583195386
132673533
187169816
977570477
1827709428
1566200620
986820098
1590646770
301625353
178172844
886423164
1073307531
486901605
1105714529
689070072
2023197168
555659038
1397820220
1745173129
540699488
1573188990
1834914608
1897402893
2132604113
1991408371
775903944
755233718
950070097
1436304281
296784677
2106846387
894052640
180490562
42253670
1278232798
1648993692
1665615598
1441724167
616257530
768165089
1919799721
970165701
845724969
2085187966
1961630580
645848041
542655575
746683134
1136067984
792947999
1876770922
475250559
2109270666
480274869
1249604158
42376020
638494922
229723110
767718909
1444094272
780383324
1976032153
189839928
1694145328
1143353681
640774706
392625562
699650493
904664674
860391376
76895503
1600199930
1937921812
1729332870
1395309268
1243626639
1820267865
449963950
657466275
568653853
105897033
1006147390
1205345769
191858401
1901912768
1883152396
2137782040
202359068
1543132452
1065033958
182414011
1778783953
1541449579
1630898268
609474630
1953714590
1694822419
1189681213
1945371000
988289951
1187662251
991736659
1454461075
1304776815
1856322974
1888481351
1921754729
901649776
426391048
601782001
2083303727
1777121690
715126864
2098897832
1639959043
688610845
323954526
771781704
1125080025
998336040
132631811
1552006117
923848929
1226223592
1056304678
1082957688
1529350633
373134386
276701913
1997363634
143350719
704949994
268122549
1800161189
1347491163
249655076
555082318
1525234926
114265876
363098109
290414332
1607802779
857260001
990418847
1861762801
382389412
662330385
225312983
669786388
1743275163
1544256405
829532834
1890287067
707337929
1550895046
1764946120
244087141
1369655095
908079733
1261947749
1574682214
327614660
1418539847
587257907
1323720607
1778594631
482774729
1182673284
453362239
625934033
1647223776
11919423
484872473
1043961835
2048344816
185436684
90420507
1774283862
1143606046
1808223084
409885032
2085850866
1906725221
1902366458
865858678
2121559068
765300342
1740242327
437475985
1806878104
74929346
213221205
1605490761
1877342095
153472886
936182589
1331778705
366511145
982763465
409030547
1320712915
1033889732
334836736
1683364465
186510711
1476572641
2126728550
1230350678
717717499
1332608199
223161898
1884305931
1309571408
907735471
2028337259
1676161751
1672601095
1143334250
1457095657
798759504
750764674
1735885015
1399886901
379541490
1258202475
578897960
40736582
1316142150
1456460208
904816731
2022370229
980275566
1067698368
344574509
1772334774
982119098
607761739
1740271585
1934627444
954215763
1577247930
1981224978
199113870
1047193773
757287396
213002952
1102097393
2025608838
1218971615
517926220
254486384
1065003793
279773855
659619612
58143668
1368595809
1045068571
1888951494
1619595755
791982005
792965177
1242705383
317605277
650362671
1368361359
1370069026
269394677
1612143909
1022642603
1637735371
866706774
1785818691
923748423
1559918712
628346194
247632795
809612397
71833720
602719999
1760221779
1041981106
792724949
1232934930
264778793
838634416
1063380555
2101253780
1560524791
684183090
1517076330
1086908025
850307377
1386014991
2061255469
1888501876
1843415294
934656514
665543596
1417592789
178613729
1771973576
733818859
177289471
1454564432
1579167770
1886189538
1700829027
1835767515
593281505
770095310
1285604452
418086446
850063383
1997066475
96343277
417880493
1643507506
1034943658
115490758
962146191
1366504423
1198430804
382327817
267752741
900306277
701511182
2146658161
683523812
65173405
1214930673
97571938
1591499024
1363016920
1981530693
381984878
408102823
583221531
1174048932
1708356149
402878089
2128976775
1200826829
722681798
448995920
1192749284
1563955406
1107361058
2035277751
975625716
306456701
956682862
303082644
2117296493
1380988787
630512080
1253539753
860221049
561820885
879388108
183734570
1435762456
2031148045
1972752386
646279897
548437419
852494579
1343672106
1176891426
855654507
2022071537
1492604073
2077275851
1659603555
2087561707
2112549875
1344521905
224761466
1378592693
194826247
1000647218
528689496
390754235
334828005
668759748
989408207
892092731
415164096
1096520914
394022225
1704693172
590874250
349589470
689614246
1178094862
422756821
648752962
499683262
774085158
747870214
1833178715
1920537410
610965128
840128001
1407396834
842790791
1154586335
5159971
747408292
1744397742
331388809
810331236
1021164928
1703199273
959576159
885252352
1522792081
1088391261
1436844409
1032399432
1528963241
1252338463
590458501
1085224172
1704438530
1186529483
1477002322
1258346669
364454546
1517237217
1186147338
1704914502
724275680
1904852647
60332030
1856679254
1731439019
1300393037
1718972211
923112311
392802610
146465707
292750006
256889261
845364697
290175464
1053624552
711869213
1413723150
2102103038
1895948889
1543564069
1447333776
478617883
1085220235
1028848620
761688804
1371772211
1717269467
728589304
832307423
130255713
1166972064
1561650430
1742699317
73951194
699980536
2140975579
1724132507
1852346752
344641698
1570149616
1848940392
271826376
1887316751
176791230
1345220324
1019101581
829491003
1794661152
1366120257
957115342
1750363663
807375090
907373894
796321803
235872517
49710812
1066309526
2009147455
1289072001
572117675
1977720350
1765463922
1448659504
577351460
805833306
2051363771
1615526375
1380244067
1807732859
582365313
803109270
1936260062
647216778
1286586649
805073623
396464854
250197316
430484013
1695971699
1754164331
218605666
1601928501
747851468
48931399
1361077853
58153296
351792871
1373446289
1150888250
1066047207
1057874924
2130424830
1910042208
1740667154
526901934
399089721
789747582
1953163181
583380720
2040184435
362467723
1735471740
653805561
1759781695
276481705
425515673
1829198893
1898138857
303076607
350053634
544802232
1185208817
1236176794
1704735968
1253887667
1670629051
2135574190
559508994
148569461
2111452276
208426957
2020269689
480848092
998029000
1051854388
1154871618
2045056034
926493456
1230084755
1566419111
985060409
2001868029
1211272205
1677566023
1983592966
1821345349
944402379
1567299430
1188530477
1738443891
772780510
425001736
1698132537
790111958
2079528150
1362896999
402020260
10011930
1743845951
1708932936
1460984495
1265716573
7041979
1228872681
1702604402
1536862882
362682704
1840439667
1240249629
2008343240
1444719602
2147236834
2078499712
620410141
166558692
1161667422
1208315365
1479720965
1760598605
724346079
1659157508
1388785739
241487940
1934505329
1475585266
1196226135
343629910
1611861198
2108453914
551781546
1879805319
1825375819
1460483263
1828066994
899083425
1603701858
1302906633
1862762077
99580934
1852115574
1991129930
1381071525
2045805472
1050633862
543651707
1025545664
31145347
951157908
886055375
1039502250
1309165084
2134233002
285595334
580204460
2076103769
1399704950
1215472700
1162873693
1780660774
1323480804
1706216909
1021971574
1212820579
472325142
441899470
531389299
514610002
1053986087
1908597900
843661586
1262068352
82857369
42745115
1734067631
546240960
1782189467
1154894266
74174077
366251194
127380741
592425877
360694870
905548620
528287086
261151633
275038655
1109246522
1910422550
1505531390
620120367
1142524556
1083644975
1180970814
936281005
456532748
1328806360
1557116900
1760036523
1581668162
793156400
720083232
1339695620
1131487425
1416539103
1128034407
1131984676
387909254
964245072
73020603
314611237
681264580
1376560685
1217634713
152659202
1947845176
444257051
1870326930
1880493419
921877962
1366430326
1245495409
2096935668
67459464
1164333468
1321370177
947859852
1532091799
564869246
348183893
1932338089
956090625
1297634236
49518350
1095266408
84650738
942687893
971484069
1153786376
1179435517
1608779194
886354555
1012876263
2012898520
1781209299
1210485226
1657440499
1657483984
1716118969
410536925
556628501
1598032792
582943163
1541507548
1948806078
1881198447
32541757
848744776
584482070
825813028
1523749217
587102215
189783396
663001233
949973925
1216000054
1347853103
354424111
920346295
189392062
536279396
208233520
1157349572
1123966234
453267162
451282407
1328270892
1949182591
427518797
94201159
533138026
1830574999
536053434
901320515
1195563757
1547466764
1449572021
492549161
1986011460
378619440
817556817
163573481
2023611786
587716178
1033142015
147838484
1661327478
1125111537
941306209
1032213386
361518454
399651251
91934885
931874127
1532742919
780594909
923291181
530277696
1216720788
764109263
2115266346
1265433006
1773219448
251239882
915722851
283266375
1954615110
1285697857
1240266447
2038099917
1703511512
476654368
725559657
1142210026
1523521077
1529308698
315585476
1949151605
2145877753
122756431
1713431162
49773130
183872460
868403397
1721129643
531488150
400142152
641024415
1350564092
1237376769
554550725
1677340085
144570252
1887678553
1808359122
1119990968
1312955505
691104213
1998794728
709524432
609791859
1966639795
1544245020
251456076
1136785598
2145272129
236344388
1284683161
1837450962
728398627
322077818
1795929411
1535540561
992853364
310379280
2136014884
1518807710
1624360222
145034458
1141329827
1213998678
1887825703
35076638
909225085
1163966430
12085512
1911736456
1952801375
1615873020
1059924150
370732570
1450196390
1607435165
1315155144
1466839600
779226587
219038231
190612769
926011701
1670017774
118137612
753902342
545727999
425455939
773779717
1124364578
1600789535
1589988879
597881765
891073491
208120496
1766994745
696896899
2093167086
1855149483
839130103
1644520181
2039424047
726841624
1530169603
123226065
1636658730
364386953
510754039
807351891
2046860868
222626835
475348957
343608480
1904784837
504227295
1199205458
212095924
1709422959
2052571301
1187857202
697388278
1419250074
1877530750
312166479
1417119980
1861845528
694513173
987899425
1376912756
119169909
1580302779
880728718
1521800165
207159748
158375256
1040067288
811026241
1398488703
1524410075
1676632019
937274068
778618710
1380760070
1740261987
453738447
674570033
1491405693
1259966396
1554465769
71986783
822661542
91897141
276348898
2103843508
1078409459
1872864543
350936467
322447335
77356004
1025147609
1010435453
370565032
2021607191
1779066453
1194853899
5521931
1062601328
1462790560
1808695730
303087011
772318146
1693330500
1569252415
225095658
562850090
962336678
1854857837
1580019052
392157948
2089413444
1670938332
1764004349
571536956
959222164
2105841996
879581380
503733935
924465896
123405465
321764715
2028247443
269861682
1738744981
2085298939
1879592746
1854561638
1209537690
885802255
1622054273
1492682731
1591956987
2075733954
511984310
603277489
1084687834
1852440668
1131759248
532459979
1656789938
1767206060
229969357
1433972053
424488846
982520924
655944481
729616951
1687701551
273520653
452823781
249167726
1304310050
651459277
1309699075
1271234962
1651169729
1450559810
2104910569
226328036
331233871
1127844560
552084420
291694494
1417626369
353433875
92132481
1882143469
1323717244
1216315582
352495456
2068136665
1785213626
1422625061
2143911116
188621765
504013088
367527318
1696304610
1072935259
871062411
493341816
544874206
426313975
784512660
1189853186
269236333
2081585114
1917500511
698126041
2058447752
572368356
596890257
1096922008
844274268
779815586
1852827755
1873124735
690604676
227125583
2034052429
1016666351
1859780801
174462196
1350127278
252071652
1817190725
2130558191
2007383776
1642370528
998628203
1210548508
355041964
1409157662
576691036
774016439
1525614533
1192750432
100566026
1023180882
1572373382
556715980
503280178
394253190
19028087
595033989
1161823796
577475486
1988560140
804634976
2145564146
2094356936
151656862
1067045228
745203662
364286558
288601808
938846732
1474958462
1304823459
1856345031
1086002527
1398206699
2011083646
1318227086
777225519
1917297058
827646878
1371650029
268612324
1231549396
1991939359
1426458207
1831143475
1428463600
146023691
859006768
1044041386
656708760
664683577
1337620484
865151223
323569550
1676030644
355711605
1685705224
1393496460
1008026848
1396920813
253929126
944148243
11579215
190728950
574485543
1312820079
2033097413
1142581323
1590464995
849474280
207716591
1725004324
2038087889
2101562583
970641445
2072066995
1075893258
1082342900
15063163
1257290145
1763221803
28742243
1692139167
121913502
1463334908
56905929
364067356
390648540
1181115171
1495946065
1590155010
14690175
30372075
2135091862
1560446198
857091968
1979499131
365201464
547072299
411641171
638493787
1775530064
1172110279
1726816675
1150545709
623211620
996305899
278149918
1837952981
1312535878
1534806991
285485886
1078662925
974023976
829211991
96632253
1560179366
700498614
980850159
547374616
316796110
222994955
765137631
15621708
1494701311
1175101459
1414231479
1696804002
2103717927
1247405094
1094283403
1855648360
1226854523
895163114
967772707
1564189042
902247947
475885456
1894629929
954547036
666711890
1967951625
1144388969
1387771566
117010623
1875292628
2033695282
1616342669
1919253828
1553051228
399346790
796464937
870577944
491262705
1392697897
270417367
135184151
406276223
344362923
403393942
1037962632
1384627390
550150987
1243619019
663308958
484971484
1899135604
2019298492
1326624179
756310909
1288719681
1735824313
1578018505
280130711
1465027400
1326806941
693636576
471600485
1088626518
1237938755
1451367393
1372603607
2027455453
605710672
435759622
1030019841
1077563286
973876432
434322198
1592827187
943325432
916766004
317803219
168283844
199299919
287119777
1903322787
92511286
458578580
260413063
706317865
1198363942
439658297
1724300110
990337645
1518874283
1638445969
1141352654
1590193971
1359826230
1240749789
597886999
538555039
576444246
911933998
1442021282
644042213
1869434752
425952434
1918939832
1073444171
1812756263
379000748
1026934466
1617033206
283506544
167621367
753562162
2110101770
1152128292
616081546
1202164249
1917071257
1487301106
2034010660
32524600
1115065915
119973566
1087067224
460891549
1811493976
410738225
1458561743
793956087
599967156
1830409966
1591455130
1220263231
892947161
1775756707
1101515796
1307604637
1522083
623824797
865747479
1989465441
1683047723
983577623
833655811
1263851331
1078851031
1400242137
1875944148
1485402762
2128611830
1110861499
2065748053
1305081003
261398095
4515253
1663593428
947054846
84286863
1934183810
259614097
1598785041
2047146228
437638384
2126793775
26387758
1200040162
518337124
123178890
1541160813
40858762
1323941739
1344998966
1497920583
693994091
491168122
481880289
1069357120
1607971036
564919633
755277660
1911212749
222279092
1894723752
1582396363
302421179
857933552
1075320014
1747523610
1681985008
1335364382
2021410912
74686763
1210322105
628691165
1033994814
142722061
2082462375
1299058735
1673521944
1879726425
514913383
2144743923
2011004951
440150529
78073443
415375369
1083931921
2082800574
70788135
1817190028
149868227
1389302821
1084444245
450554542
337415433
1788186264
1381310587
831284245
1282637095
1615959843
1536020468
84212937
341548009
1411413935
834101664
1491661136
460632092
1554258794
1068703974
272910562
933028984
616485816
629644475
1339465201
64514677
2095801344
1576546017
746040892
1832068048
1282561637
1521420833
887468762
1607816540
903714716
331534320
1601077504
1956929789
1831557861
2004922134
553939462
1374193651
761349970
2072250819
879760167
1737536827
1849748266
1212458086
1567596172
1238192018
1912502357
342121180
1018510089
719000548
2113587333
1160077162
383059142
1459025835
279030290
1301414150
1096015052
462688968
699233090
234813763
1042809330
755798530
1093721974
565265148
1729917203
1814475073
1424503488
412120996
1739066567
1592180241
41068205
250525437
619286023
1179066700
2016747004
1838093257
412695741
1955557834
499589355
1479773107
216100595
1713606295
803938827
1897628601
338612837
549699846
724765226
469487581
153713675
56026959
1133644880
1394163916
1479000080
2054661655
1312604710
1833876052
1284231879
2082317161
1851297935
1676136775
429731954
1054591222
68899670
995684910
1468976567
1464634725
1360810487
704515876
847450077
1080379366
2075622234
1948833398
310283392
1367968134
377744008
887582847
274371362
1196916619
268350151
1863108195
484998152
1246125661
1907028940
1243828191
1419165993
1213190801
487077336
1259563373
319348306
83721337
1071648312
677786460
1999829325
1968402802
143395692
237893356
699028025
1395705519
905242955
1035801996
1543207934
1306469132
1982598584
1903459936
553081883
1537890779
564153316
1293069638
1795683101
1920535674
1074721255
1728851947
784198916
1400853759
1735531475
529970513
1558706573
541358254
1817006188
103785275
547679190
492085613
98133468
2122790019
184656729
1494720711
2008067323
702095371
382974906
1667611168
96233041
1373357598
883033462
1553167435
1849982480
781117137
1468777858
1624077475
1629655112
1616044271
1228914269
918380726
1782134152
1540454289
1546911508
781240452
141596227
1298210956
1752136997
1218124151
832129065
632019644
1482060631
149657447
1320579500
293768256
1745521330
1330667553
1263547951
317057231
454019671
559904022
630156007
1231937459
1359433813
238996730
67343013
878219889
1265684784
839151395
823403012
1487524508
1669587151
1621595534
2067663855
971253846
542245468
647747103
1549702538
2080661651
1384284193
391075340
1902932773
1367909195
1410927900
1340408746
924855199
141300147
131607410
648272060
791463242
488631373
888167972
900998258
80329076
850084311
1624055941
1239670250
2121216432
725230773
1374725904
1011547787
96832277
1552247144
1945069296
1607001084
1307124503
2140925277
1706845901
1903409795
591621086
62284951
278353609
1697836942
928663461
1474211838
1057845557
1977461582
1175891504
257145768
1218322879
307647342
1092851756
2024990120
129267551
389813609
1093022663
1477438317
1959156371
1055619159
1404068120
1883529331
1787465595
1336342460
1475245435
1742711940
1146518690
1373676832
2066827593
1514181081
953466026
2126369600
160795377
226573186
140866872
554551074
774462362
1375654822
1335457708
1359770484
1762734881
6660516
190392831
1164589465
1900875071
1598730256
493368810
1781642506
1792990288
1903950780
1696006747
138710380
1362315005
1246767380
1225978426
105402358
818785170
90096408
1550216763
771510887
1247308955
1663697147
433697845
1729207647
2086307130
1415779551
101019456
45997576
1475568908
1771176444
1636309210
23224578
270406865
755628701
1911496695
767562762
35430984
1630750337
1225054798
2136051902
1758254325
1968419294
1465138112
1870933593
1673996700
1058963863
2144556978
1269374017
1447630675
661976080
1338353586
261588154
1091279640
2095072689
1862737223
2065216982
491195558
107888481
1376844117
1582781770
1715812941
1035554201
808021168
128620909
1778568488
1191517598
1028587500
1328974935
679540131
1383646293
680576067
1929008453
2089312208
161443007
1688488811
1342540826
2143186706
142118202
1235904475
61706771
386777795
562079445
741586237
565966105
1401094894
1346079521
381020204
1924061688
1457451906
1172908650
1740826464
390360561
842977651
1747839433
812821329
2091540901
1079768703
1771536844
1267787255
1053453102
1275315591
1476879484
1195340802
1816973341
1720246076
355183512
1608422674
436860877
688823658
693079748
1949035254
1371801092
917493887
1089233480
128533161
706837716
883028553
1770265782
427566346
1006757556
278211554
1248748778
1259810263
862292241
1421033651
576793015
186526927
1749098221
1941785281
1117634171
907415085
1035377125
1726607345
348881426
1603373538
2085350932
709154053
1890127236
1001102599
1977148106
460348147
584903108
1774242071
322984
2043322906
105827779
779623600
877532408
1175901995
1972528436
2085422061
1790040372
49006589
571252314
2129322085
238102554
1581825523
178028660
919300475
948459064
399615069
1538296416
262722734
1955865049
106132217
1993447501
1031063030
486325345
1917969337
936137195
279250765
115334647
310341018
1237459242
1539770957
106094065
1377864131
2123018312
1902849788
1555420825
679165949
518975437
848876772
1190186674
731117981
308716895
454833008
735308756
798531444
153190699
840890695
1492364459
796589302
54836505
1117566423
1316629423
1784376520
610681415
1080297496
1350985791
344247573
980309888
1131780154
1322424991
836418453
992532502
212981465
830114838
716904936
1005515002
333874639
1004206831
1802754680
183658438
812451922
2091058211
1636700983
433285472
44727053
743478650
1901026160
1430904575
1575130255
1769006996
150105867
1439387023
250498400
1948123357
1178082180
154549009
2106019995
1616002783
907113282
229383617
1257845659
818604477
222579435
1910690205
975795877
1783811312
1410006154
1867945680
1510427950
1903024910
1573942525
1994758237
479473152
1786697464
155813536
276691352
970337118
1587545643
743213021
447180046
1998918439
361229307
971519155
1724994253
677599169
1727203874
542825812
57564661
30654344
1009495309
262854828
1023853443
375184808
342408298
1354842606
2072637678
657150478
484218340
268958687
558418212
918802790
1332539444
2108423542
1965124673
582350404
288146402
1757734519
1770357972
1547753587
1943093042
29547246
1042554487
828009815
192593629
1000581140
169870326
1957343485
1011536190
1385181237
819701209
875271482
2036351022
1369644854
461604906
322878162
686957547
146400917
1302345989
1177153802
1063451667
1045496233
186175256
436960932
625267540
143426142
1244589799
1702310236
577202301
464381007
337468000
856503923
1378443660
56109742
1126303321
1887157075
325420408
656622357
1021098049
1769755934
2020933301
706720379
1544236561
1467888013
1910482243
671844610
885770936
1406013131
1215517015
169451267
984599899
53279715
2040214682
676075627
268832655
1592189148
720387470
730018158
1776765801
278515463
807108995
662786692
2091706763
1795103121
138653272
725970292
1352357796
589772013
1180599542
289185822
782821066
179920967
165633051
669786636
157954446
753407181
56338827
1590982734
1582107162
1424702951
2061407669
2054091123
124448947
770783882
1808045168
1833331250
1448874470
1503110181
202901552
1397512469
345230551
186441643
2072505419
799744888
770687272
1788573129
1613858480
1953937670
1447192002
1019228858
1704338022
113015068
1791108828
143396575
1681248807
1620270384
610667421
903012082
1852324371
636317454
1750656431
1682426990
422339118
2014020593
533464655
67671363
365465777
244596985
9600288
95982790
322120761
477063003
336453187
1230803817
1683858893
1235642581
303403142
1212702556
312110001
313213924
1369547712
1334783092
1366745846
679913489
555888431
2106047616
998402639
2089705957
1284257621
370495520
1436247030
1969557377
1866800281
646340147
276514816
1646533810
1815449974
1526338571
1583005390
464586466
107812967
1415421661
1957085900
1667164705
417270524
1060256332
2011155276
1897747710
1407329978
1617758785
433847962
1251304434
859546790
1189198420
549809116
1739990925
262068004
1288234473
1598901642
1481723544
1118457785
370362578
1554863222
294198256
1284214236
1029355374
1160771672
1089511870
1183986967
1784799025
974705550
2120173094
773573355
439602761
971375848
1956155385
929103346
1913930891
537106891
470366687
1607299788
194104058
623509570
1778028414
1672158125
1093309628
1472233922
1639780682
185210318
538257081
901563675
1147887884
1978535923
1155385514
1738037349
788952601
669661338
229227595
370492386
1305221403
259306551
907099822
1923785799
1724426471
626695100
497110932
1284656130
1556424376
81625692
724976141
1922068103
1859291593
86213649
1954551076
732844629
1607687285
1757600742
169972549
1061227105
1552195471
676463207
100350807
1454717413
1705441214
822432567
978513904
2042158393
923344990
679689189
631861488
2138840133
458533156
1664610862
405707434
232924689
1469970762
982626763
1155886740
563810546
1490590870
1420722988
1235805014
541050530
275830526
925141344
241335625
531166574
1953202453
716036232
887336633
1541016248
1653419140
94426085
804454335
1190737222
891916355
1732121756
2034106092
887975903
727465180
1174198029
1124137373
1583059563
1569429443
1864299042
1800764232
1423666669
1379344758
905270425
1681430376
73264381
1714552757
358484937
880408578
64831272
512414514
1847906824
719632219
1099958980
562156378
1494164635
1444085426
83404697
2131636806
863822235
1350397973
1397317690
546556249
564555573
1903646138
2025241982
713690512
966879547
2028509700
1399904144
1375030108
1718933268
1421248700
2065477902
582167366
1386605293
736908866
29792558
1924890132
1304839981
1825861819
1365677349
1100370151
682413361
810784597
321901500
174606744
1881273119
1576450914
470034002
437668551
1038656098
423929988
193233894
1243701459
204250659
570717233
559387426
335279291
260010295
1984542386
1180646541
1203325398
397206568
775392002
1706443951
1276657970
1473248272
915101525
1936649881
755656196
976322709
1075862824
1697359332
1626882570
211356153
1874661772
1791668542
337902046
1574541159
312163653
1669196773
1957376111
1434627499
1497097535
1573357931
1758016671
582941871
1530395299
1727323683
1276802162
1468632652
1809765249
147862181
1203910993
562199649
278096456
308452801
343125266
1372335920
922314417
717153918
1954489732
158999276
438496721
854486641
1998895347
674903890
454048282
641279070
495786558
1191281800
703724561
1981906376
1156169044
413514357
985629268
1368226274
1214071643
2121008597
550611299
1555409801
544026332
1991671748
307467465
429083447
1558044677
1209606949
2105159347
514216350
821680474
1799310157
1184067685
1007458806
1768245967
975878537
1998484124
1426263010
96397172
1400185992
1530742046
2114571864
1466892510
1818054061
66162723
1577353418
1915087685
2089328560
565509083
1657765535
1772792496
1115837618
740188194
266545253
1270539787
404825244
1348779649
129906434
2078090247
1780251515
699465852
1861227811
304500649
1715091346
1397719204
1773945361
487818183
396226416
1978817419
997178259
699998156
820166864
106268347
2023845970
1017652181
801678835
79016346
1270266430
1896535250
1449022629
699067863
2099568762
1117366518
699442258
236461935
1191748087
438926379
1042840548
16790763
1976354626
196348821
367020133
1731340160
1975041426
1339800247
895089418
769442745
794834928
1644928749
1461620697
171653407
2064439897
1333056548
1324358430
1974170347
2103110471
709499207
962027592
245315663
1835142933
1069200302
74838150
1140397239
383977638
508402753
858116118
1904609064
1628669221
761131853
1938793715
1499790364
1019276613
228179116
1048603916
793578512
446906397
897836085
887602442
935560541
1826157771
1008372226
1426556326
1316141796
1017439568
115513015
1761501797
2079497701
128401552
398038896
1014329374
477371596
1709868156
32432734
928688742
1977633865
1815969896
491061968
1873859317
2099009376
1416847184
1620864420
480108179
1866676247
792902167
1697152357
285273261
1288058453
1100788178
1848620649
66634911
830812667
829755816
1886933867
1910758456
1980740011
1276410333
2007112053
1216538173
2069871591
2049806630
1859023962
1560733786
2071951045
1678655360
1024973485
1525930364
917147850
1516630175
1434024588
1860225005
1436315784
1312415091
1290284354
1748928571
1591487754
2092981959
1081979872
1768811091
636964423
1912358816
1354185598
2106489051
683431321
655443879
904407304
261013142
1604717834
1198150857
1965174405
1176966511
466133226
300621344
66299410
881327120
632389325
1501922718
880621296
530904203
1842019968
1521230538
310362571
1277487734
1073009278
1899678890
1831048290
1629561048
287457047
881732716
542762598
1744546069
653204519
497243922
1272552819
1370906812
104635461
490237963
81287487
777222096
1191632249
1845973915
851494932
1793621810
549732665
2035501244
776422086
1999437447
1002409144
1378007961
1700639049
594383634
285069673
496893886
900183675
1542231359
1667308876
892082729
1647322392
517556113
567865981
1762038826
4242154
640060416
1267828742
136140024
1918707351
1051337640
1009963633
876839899
125981193
705524535
392188648
264139582
401274946
825807523
1607119033
2070909453
2142929080
956457704
524556442
1794270902
588194740
990473249
1651008957
1176998017
907826932
2026324951
730468678
1707463433
1460568393
385792922
1706355512
1923753808
513341405
198383263
1236769325
1304417919
657408235
1777305758
340059125
679058485
705339790
390609842
1566424435
469029032
876409161
1713233646
1448420244
1459591999
489797066
1393343560
752794313
1767582693
1394509919
1527797444
1320761195
1152581262
1090765078
1887736121
1252363924
1105339510
83782511
239950836
276557179
1396676308
1691124443
1148054400
1531935349
181047493
1770288777
1501066923
498195668
1026552354
1252062716
1079999619
1497861470
1354869044
1403127065
709989153
1610477093
832120134
916740209
1751694770
374614846
1916653709
1232075147
555108895
1799873201
1380487901
2040476458
290732127
1536595208
983391114
1470023032
700786635
2066013523
955495377
1869111893
1410059781
679244032
579295457
1090023808
214103300
997321105
1206509303
161488222
1117716688
824398524
168712700
846505419
325189274
211846237
717754747
524090981
191576671
1554924076
1628780964
1147056428
2093702471
339026852
195999354
1500187472
1457919076
604849461
1383458117
822972803
533347908
167231169
561606525
909950054
1284088186
1370941020
644490278
1236139074
905521866
1381389796
1534647228
967706035
1264759729
1121172894
817258524
1369335244
1825656845
377059930
254697693
91840030
46212388
1784412083
1058434124
148703584
2031863674
713741977
747238043
809420687
931799207
1990647499
476860131
1309143504
155508364
850245187
489282264
1417467696
581724374
434922036
1563494334
1617887408
319905597
388599361
320635260
1876671840
1966514191
372809223
1235703935
1790441190
422958825
2017887326
732181623
1263160712
781160841
1297179587
1515228601
513047676
625991613
1918629727
1786572875
1147995667
290486331
890094129
1529038236
1242179649
1388406739
579930077
841230094
1893669059
591480576
815762622
1778661469
1858898143
1726871848
2093948566
2107803991
868577916
1157034339
1867441226
620822677
69806969
324665891
593917531
1079496084
2117321411
227783301
287817408
2093802209
738567250
506207522
283419226
1883797679
316900625
925455896
1914269539
1073714765
1131386693
1301305587
77403998
1601021272
1170016075
138248069
470298170
328600422
1463729934
310214631
1113830155
679922827
1337094850
1190130366
5283987
758461771
625538415
257712401
1442399340
334335320
1869403165
1648548700
960323799
1135530287
1923627859
923866881
715789154
2028696826
793453199
503649662
871270075
1246244422
529711337
1625706806
1738434858
1074906828
1228097763
769553734
1127427766
725808660
21294431
1306172065
559749101
1259553841
1085615353
1274941151
1003815632
1445458931
712861450
1003463302
285213409
648017118
1811920796
2011856593
1523958225
374594947
1795890016
1125876842
563783419
180547145
1143463099
703869305
1444857837
1178999461
1861043979
1526468555
1146265977
1312955503
1967236019
1741269857
404919897
338791759
92634581
23859296
464140564
293603699
1187720885
1185796457
1190157100
743397743
962310762
584750588
779937279
90154246
350864182
131084373
1463384600
1030991128
16006849
2118401096
1932384449
1386876325
855167396
457655595
197727120
1818527893
1899490307
1647211457
596149263
1182160790
803929560
1982645523
1642958134
1785890401
2045639302
1057278042
1775444689
135484734
352134762
1213981990
190061033
64201444
1422403971
727198271
395526522
1022582563
1463512383
1045537509
903233979
440403188
1870708635
377501195
914638186
521804884
1415069567
464456648
28928370
542164245
965382659
102661159
1681913190
713836841
1398103406
450725195
652237709
1243657822
1574112715
1526974840
152633656
641827047
561963551
508892529
1768869638
1202662839
286670555
972516996
447187342
1830290581
70798297
1610918316
509538493
2105854554
1027921862
1424001170
981969062
2068480832
1478198385
1801216076
545843665
1343896937
1920744202
1892763734
566884732
1692918383
1441392774
1316605821
916220229
914428492
638615992
628374293
1771446361
2043479436
365907893
251022629
176958162
1758361299
1747485707
1918603817
1635734144
2074121738
158799119
248985556
1928036177
516424237
1483465164
1722968845
1141563057
1783679906
1165172357
773864972
1857934590
1934786195
1111689506
936384302
971551849
194196584
309650759
361211495
1412972195
555921297
1764311101
1127048235
1012788296
1910930473
1591246245
919377818
1391787322
1831869264
764455858
406578206
123818095
1737897159
1224843024
791634032
169411993
862573041
1389909865
1184838809
1810490308
1111531222
453684195
1485553685
317426311
707605940
1322532535
1296582623
1928292931
1130262594
809875950
1972710773
6259702
285131508
728191895
653437963
1637675389
1246535148
1561303545
95756233
1947153998
520411215
581928833
277074797
1328895868
1012408889
292872134
1829459616
153729962
633634429
1044632325
1171020904
489280502
659277231
254339768
1024467279
1976732453
2090872813
1644445064
288053662
1105362813
1124067143
726592639
173582229
1668481271
1771610585
1258022397
714316211
1991826347
376194066
882176700
1543319787
511567428
1540328205
718604795
41086807
2040814482
616283886
908127667
1629580691
1579481535
1816947952
677318333
888895888
857271131
652355914
1875884284
958315825
75527900
964909693
765888530
38726527
815232956
1983121988
2084971322
986740709
1470668299
1377681714
203374973
1208734780
74479416
1820354449
1028912668
1199715897
1413561698
59060399
526402845
415033072
993554688
506236058
1193868964
1442846798
1509373940
11543152
921822318
766133067
929990136
1926353635
584848623
38342286
309333366
1974518346
799916071
260881558
1674901323
1088252578
1623467000
241377730
321610577
1015395882
1160826906
1923293884
1291563033
816980394
321073714
1624357530
1524009947
128771627
1138715332
1655277925
1383910371
1271671799
1772316888
757983719
1787956831
1995981869
1677414000
2066911375
1080762386
1013377955
1176902823
325103803
1537814388
723817643
910927896
149072935
1098039964
1646573950
1130681615
570378303
1916500177
213005828
718740478
269315176
975934082
3713915
1172591887
1212770634
1297629515
444590265
1513082216
1429521871
1042137186
1771200066
1337565823
1682544056
1963734267
883398484
1506895569
602560638
1861768654
797686973
1872825920
966221517
652270781
2015174349
68231664
814922032
913947980
2006501302
1139227808
1027321346
1632511647
1603212761
1008717669
294303871
1804225171
1014586877
698625274
1127681379
1318973017
2114557301
1453186834
1814997793
319341215
1600980140
1355301275
975826605
1338082332
1205534945
1866557404
306426447
214491989
233352974
226183136
1100936145
127481206
2117782915
336474065
1816330959
490990549
542017168
1598914769
125253363
1731056922
1915898504
1319089277
755445216
1685791858
908571252
1186637798
2029556271
1532773063
1934059906
872755621
1801152719
1921803934
1952456794
561970248
1946019845
1551037343
1583973919
1135586152
1575802125
1249420416
1778666479
1715357642
1154050803
1078032803
1637887519
2113008608
371050551
1134326338
1073809197
939321250
1559815553
1327107097
687597925
982693125
909841356
1515883562
2019901940
1776997408
1344012928
1011158794
1229521425
1743812520
1066618322
544759924
564515416
738240720
1114412239
1114020913
1560562703
2067245997
888150040
497849840
40057954
955165665
371777357
1146489305
1746005457
2049618005
1844537480
283088049
1647409840
2111690585
1141890342
1927771133
917907374
654039959
399167871
580783638
870434177
1417863132
1803520435
405226247
206576667
1991869212
2145569077
960332912
97409980
134429984
1186277438
1216853331
374773715
449577704
1691611686
1060295463
1017661838
2100048514
1336904729
1518364102
941021586
101041939
709911255
1276819255
1028076123
1987827182
36921627
622843029
1672829526
1975865885
1818684907
1089754609
1241192067
209459407
1198617307
638512885
1425052921
665404888
246049327
135120513
2011176364
317706125
936310097
1334220683
572903047
72772440
62585535
1227004111
1085562020
1129429397
2135936084
1589063088
941088398
667925089
699487826
36462065
1437572860
623217086
1361237031
992089652
1962407533
1340105388
938217533
358953008
2010983930
1285221736
1993353486
2137342705
925919597
1494733386
1522458618
2096904944
980916570
671258142
663318303
1811462842
1416721760
316128946
964946055
1962689192
868646573
882196288
1947999008
610148792
226494980
1391733891
1133445623
199503130
1090408936
319600748
872790443
927088906
860262701
1365604193
1082326922
712083650
564274405
344910784
2766660
303075090
1369945832
1955355242
1082718566
1125979602
1323790283
2020271833
1739335944
544782115
1418932590
1451751256
686396208
2043235610
328980690
858251742
728175571
2019959294
1004308703
1813897050
965231886
874703018
151845970
929450146
1821095072
317291826
307486680
1437866642
130065188
590572568
1030894745
1494401538
1524517141
848577378
2090908292
48050284
187016669
1990568787
1750622793
57358307
253154836
935740647
1415497679
1895182201
2023944564
171725844
831501351
441835339
1575186760
1131228827
1677502565
1834398984
1216356011
2113565979
790327093
2139766850
269256810
683020940
2010953531
1670575675
1673921011
1232995799
1587787238
1410088520
205203718
1311830090
423088477
1615840916
361100383
2064412537
2129220033
779689881
518080816
1055276064
1732386210
287875344
2088966798
1926304719
1304132063
514233797
751046344
1272866739
588371362
707244005
1505603032
181261824
1324325820
1997784445
1017649136
1050372488
583535832
961533022
945832739
1006477939
1624973913
1957449367
1688191670
1023690174
8091733
280538795
193926174
1898509891
47136703
2103268289
1199273411
524457203
2036676644
264021593
2123974064
1475110976
1377219365
1308394344
1859905379
403836256
298819009
867758581
1410085322
544288748
1643483902
268508747
1852204602
805440041
843511156
2027921214
1344843268
1012379115
858460844
1871642886
1553670428
875107282
311184576
865835803
1262113798
1297347633
796216503
1783868121
1305308860
1489659761
1724529756
721860933
676383203
335302086
764872961
800409158
498996773
1886224336
1670098445
1559346474
215681466
1330235075
576685589
181645586
1951897244
937925760
1291101814
1946050801
1436854633
491435126
1127497822
1859879921
302804775
1473727129
1706888187
407592399
1706369933
226966847
2124200506
1579883213
274163533
1544678336
846032707
1664250937
194059887
899145801
1330660481
80321705
1658705514
25378563
626905947
1587049451
1499313285
946732757
239453765
2125464502
95677475
1526655204
1744204968
407847823
1818606782
1355702802
138773556
1650730285
1698887718
1837365866
364024486
1913252071
1082200455
259900727
998041933
1214626239
743551634
74611211
1566914139
1986171190
1272830511
496983076
1100238608
669869215
1152287515
506653563
490732246
460494888
1068224926
1942314000
180798603
25017455
1996212713
1909446455
773576095
2071761225
1781108434
372474653
779868025
1875268391
907945822
771838767
847502918
740839109
1452526917
114532536
904092457
1465433513
1120715706
841648727
1577195090
2094066210
1735832680
1029446986
