2100
306886288
1514307170
2144995715
722483299
735214352
65786093
2103854062
1212651315
2147411871
544895680
786921896
1913144661
1972301767
651515780
1755399743
882271096
572544166
1209396492
1360091043
1937816957
979521666
1190555538
612007126
1681400572
1536903290
815695298
384514934
1554089759
316311138
424617404
94957231
523495867
1481571391
1854849115
2097704171
257099296
727452885
597079598
1339897531
2109197546
371547999
1944261490
432548927
98018066
493533414
853906504
97438778
1113287363
61660984
519893220
381942148
1876382651
1286898251
1894871638
1999325761
1779725016
414461806
1750584792
39837014
1230840597
1012812492
1616595365
1223145641
1113402707
1835536838
126888413
1174188015
1279703296
1897047521
680485637
1416876731
1980564488
1953701399
138188879
759980567
1017504491
340959663
968318511
1515147265
560138674
480217641
1729677185
189285533
815012651
763923979
1899903432
612445323
499286576
1048244800
1879214340
692670483
335024385
1700578634
124148760
1433464892
1436641891
1518084244
893966612
1287810494
1220358417
1741452166
779196877
1067579148
287899804
1277875526
416081811
1075625620
1677536569
427974453
1809530719
1120975128
1275612185
919178990
2138382099
1798693843
681280511
1961996491
1411651672
1257378520
1157145878
268522022
1735536048
671106808
2144536902
62044989
1907390142
764710019
393493781
1292857730
970329182
533029188
1345679001
144818900
1060650107
1109631733
1344186050
1458918940
1341982512
495584422
865913267
255837866
1044963891
831327844
207576607
170542705
1162397062
1645519498
747576841
886392797
1381597097
432540673
1437486975
642723841
1303204293
638948633
462677047
534188413
686871519
1103013055
152199543
845442535
1771053456
384919015
1425772915
973930694
391990582
974714221
995228379
2046923082
1870208330
984422275
1469653164
1643826478
1988038766
1735030610
710249426
1745824250
68528389
1199336435
1156422094
1745539106
623116849
306268044
1815877099
595758369
957197205
460467558
1531287904
1274727802
2037763528
966225910
748794802
1922801328
724211435
550663853
1380506097
1326103205
167374344
69610930
1754800284
153393276
407924781
193395271
444316265
258836446
1453569128
1293630090
970015087
104059488
97048540
2083867371
540198712
24897268
2054705638
1756370034
1635494951
99584658
794824968
897000280
1383612822
992547845
776265351
1562592560
1666265047
1272163624
399772310
800370345
1315153955
641310109
82207010
1821616832
559373427
704224400
857040372
2015416346
795033323
1304177580
1772345418
1815986071
147983140
1776417051
1121615855
1733782201
620205650
457460028
152715545
94036404
15197831
457206119
503609499
1545447891
241243251
2020027029
1832558595
501390243
1803088383
1296654912
995506853
1187268881
2092923980
1761244808
886704324
1080945654
682037829
1459744414
2013103258
1907088386
472086068
1385500167
1867752975
142380369
764450052
1930524425
846065548
325785211
605165396
1171379244
1153221029
651968138
1589426490
328567545
1913518075
1461130245
268069452
1037333991
858442892
1072827005
2126132878
1920444227
1949697344
657301757
1898108
1787835076
1233872623
2124779583
560973450
46464934
385970768
664895802
1130711170
978363359
1754163187
1487817496
882813730
126371186
980522156
1804122416
716536428
1996784872
841082339
549640710
1310144535
883257347
1348650360
317510932
1713617702
1808432022
1879064127
589973701
270489956
1580696943
1943234714
490549608
1286198924
658497379
1506811355
690968262
344661270
1525702946
2147284273
1558397646
247905795
252805756
1129744413
1609940902
1862744523
1576697172
1069481370
410574367
1955729365
424573100
1530585035
1060209530
1997903679
752663054
1843148616
102793231
1740742490
536666179
1121775429
742403508
708564649
903882142
1586070187
1837077924
706805009
1668327823
1740435318
908336815
384031267
729269224
1255076724
1557840872
955973313
1877237427
653627493
1726075521
1617841369
1764382690
1446697026
2111057993
2113226616
986967138
1665663407
1186933158
217525044
108931589
124175217
910936077
232640185
1821993315
1446640043
1306832965
1833716375
476500168
198087058
1642170540
1441425863
1791745621
80068083
551610172
261480913
1639250249
1064923919
278513630
938103527
1474301424
1612458824
344820443
1295061147
1661480542
284488458
1461943042
904507757
1552629089
989379953
366402576
607938480
985833733
2049048603
1564508271
1841766810
795343864
1544001421
837085120
760639796
1300164736
1716777857
1993336259
1161510159
1868360399
366840720
455528245
504248376
797438533
2118228564
872034630
1188176540
88442168
1828856483
666898288
1753600272
2010282430
1917336559
1962912085
1347878380
1633478864
1955308911
1708640671
684122382
1694048329
2072028005
774413324
1395757082
149593385
701309698
38406997
810100387
1488588233
1814439637
676833271
120960751
145841186
932608601
1580930588
539689344
1316405273
1204793130
717095900
275052022
10475935
696672502
1343006617
580647535
288740100
2080030961
439469608
941751586
490965872
938371977
741687688
1945717584
363251917
1902674801
983969284
2052469298
1937601035
1959335538
1383690745
203187994
2091372954
1322043689
1598417522
1191786392
1392041878
1111608418
470227658
1482392027
1657639842
1699682291
1974428227
2028631271
1139032097
458158026
653441602
381425891
1097659271
1599975516
2027093238
558669614
74179281
1457381914
462861014
47676086
1168563166
1783797374
2012441052
1779646505
2054602709
772869014
676631225
619794076
569771308
862624002
2118641711
1846689505
774193675
1846535154
272129165
868228401
2126429759
814635707
1203802108
140470210
26349129
1575549383
1224593149
426236008
1314960482
1299011619
1332516991
991294474
2052377550
17169168
1157082277
1277584178
1766505081
896201289
1677894178
1846284826
289860494
2125577438
626590942
1261574464
1989185927
316503187
252378229
1710910844
487223517
389038835
828406358
810178540
1166192929
1008672109
992735190
1955968724
198359282
787007697
249924722
1719272796
1556614833
1727080096
639108182
35269654
1089422229
404867285
1489493568
915151092
595191208
447794553
1251887706
818487315
177764939
1674511391
1338015595
2041717597
683769830
970873237
257729120
2061009651
1149139170
569478055
34943849
1658639857
779615548
460727886
647234835
1263823353
1536808224
436848390
1722661346
1866894245
994581346
1285270012
731827001
846370605
129918798
605781271
134944422
783274062
416415432
857112013
713618829
1977090641
795873628
1791220681
2074139041
869132483
1112602995
1763796577
1581937933
1565548476
175736713
2128707630
34629372
493575038
1749242791
1259035525
304313070
1014475052
935663706
1162772134
1288060581
1220179831
1301550061
1328189433
848992377
1507173800
452424720
1730964033
91833624
1566170377
1657194210
1621195127
983389897
1944809675
1984722359
222453193
1410075299
59442670
598034228
360044854
1229074319
1152582593
1429596611
1324155566
1062212595
890948750
1542423969
947503946
1286405224
68205795
2084329256
1562417584
1697325471
964424901
395137364
1065789169
1318401822
162981758
849463041
301793941
647919764
2106831745
583147264
1720342206
250495302
1325089727
1514572940
762561638
70265225
397948629
518181471
1206259710
959556880
824086371
1783631057
662705468
121002421
1751199117
1343063133
1788838804
550208679
1954942257
17925923
544268880
881101320
1745506331
1751338089
1591991567
287871546
694619349
1639374196
398776301
620421168
1388832744
893651051
559729544
1575397386
845443917
1378966245
840460699
7826773
34428786
856433654
500664552
2141644978
1302217396
1843821983
1990580733
933852945
1696965197
735338681
1237181026
704777933
548610585
564182399
215433864
2034679576
685634848
632528574
1860255868
1730065666
1748231672
625103934
577412207
2132986625
1055010349
84059164
1595387431
1701420615
185145235
1740244491
1118291848
1873292601
357262360
1730274567
1764418079
1139801471
1917484453
28961155
120099555
808700740
1860202241
1514228729
127485525
1239137765
638100441
1672490701
716358844
617752508
1820881017
917111098
1638465287
361876148
1334338261
327280767
648290939
2044635275
2020563572
2114597669
1464661145
1878153006
1634756791
1854395158
594573422
872734783
1667004624
1162010396
1885067730
272312000
1181270138
72162690
615621203
1663292824
616232940
1295488813
664351971
1024185681
380394061
1049637052
2034864831
1955810067
1305767331
253775067
705718055
1460411994
1963758463
721778534
404118473
1095436151
1623023854
551360240
1128379652
2041849303
1407631033
1532765955
834156122
342629844
1534316990
1976302281
1319194138
2125905814
42707773
1879377604
1609140826
111949068
1739571462
547402657
652760237
1351464930
60370380
37435422
2062087954
723701842
1072019782
1522432762
733472494
413670115
1288022115
1104084532
1031101168
704157489
2046514654
898879612
370025889
1975156012
815632840
993167153
2145114960
91790501
137218797
2054701450
1947024624
112280297
1387462150
1514713712
1922559204
1711515817
1621782173
1569469002
1150577594
918874359
650061466
1584781853
1627741028
1768259246
1549352788
1209705632
1261112442
1462782931
456520056
343054824
614748593
302786190
2103012576
519897258
1421712527
856223900
801864193
1247844453
292512133
312554561
1840242852
159439974
1168950411
1773751304
1483446563
312561024
1136888954
1384452032
648529037
1565508719
1773035519
2090666854
757296252
166644697
1482312252
665599321
1365576665
1943601940
503350723
473914352
125623998
1966507983
919966279
1650369822
287898306
1304258762
242126796
1639658231
1305227195
733356063
928899928
1733876638
130592518
146609305
1571300126
1086166508
1290763436
1641686356
198331084
886008132
81110823
1286028035
829044651
514450059
553666510
157213316
1963617614
1322521365
1878543078
1942744868
989470988
459282049
1299644487
456336584
1823117034
798826881
519861078
1399843385
1953666450
941954993
1161857747
1067254536
201955999
2016324014
1745875472
683823879
1801631399
690813933
1128646838
1763747520
413739554
1038472350
1622350468
1322551130
289347866
1044861342
1944395946
380179280
1052741395
1902520156
1507543276
34857542
707054698
1865246377
266208898
292744703
575920562
2070465313
1237805696
365266335
309224426
938643889
690914150
456738519
258728304
1273877972
1946584558
537141533
865795428
303462667
174243134
556031778
835472596
944738457
1076904666
1086306905
554125846
1991859061
685145914
670724896
1556781451
616022290
1338995164
1212118374
1962448392
1987204987
1248379279
1175617729
196158624
360116515
67015898
564485237
645517585
323466270
522269137
529076273
1664430616
1690154722
1127638732
99886984
814388583
692660315
793229963
2033646494
478082219
2033712193
1875797018
471270711
52441307
1380721452
510528352
384448355
1648596716
2047494000
531583411
1248551332
1450748950
1363809307
1676353829
962632237
1215382035
481362602
1169671683
508342207
423613213
836809249
961072631
813999230
653076096
1229046890
491958481
1310863341
1376140483
1752450333
522404006
376195349
1071875077
1905170210
1220534903
2054076671
1821004677
1601432658
2029686169
1738126578
975810862
397099434
848204965
1919057995
190012546
2118117260
1618359758
1291720495
405939146
542412470
1657401989
1617879196
371097622
1446108902
1889185810
205416632
1947367688
767137066
408395750
1666982677
1570623954
1111960122
1769009106
851064001
1763409135
1596391478
386417143
945899296
1292458086
1710037377
748678567
802447620
864236169
1913935563
987367165
985516609
1107432852
393166142
863514522
855504102
782294081
1628652670
15543889
492138512
1128730148
1653058952
1056002126
1107485167
2050687936
1025564769
1454018661
1657670185
1857835624
1871794921
572098571
471387166
795312500
500758134
530327269
951009375
390333793
1004285474
662123500
506450162
763200792
621497867
41391288
2047105259
719938908
799252457
836525654
2097500334
664378755
842199835
769305992
1040187234
433968063
1042723077
1496073890
1232647563
993247416
38763864
1698299467
1998720630
382196977
1549949596
1670572404
1403141024
2017940416
413161747
1182881143
1197430328
686047407
988663150
464423023
556513663
1670197985
1824656985
1491487215
1305175312
679016955
1333312272
606810727
1265330040
457685402
2058193298
359449682
1380208600
1578780264
1517001913
156257120
968927359
1730202114
1897489121
966624757
1403025656
490843952
891943927
1895830597
1286787298
463066636
1522345788
1424929168
484333951
1387729009
1433844292
1772696429
777121777
1502471754
1056349924
559829711
634800177
525050270
310008199
2024422415
475633251
1380295309
1448154895
1472128696
602817068
929496235
1475036032
682047131
546676664
1486707189
258910322
1345708838
1330623182
1608918930
332927564
2018584714
1275656433
666700393
1087602664
1600929615
18824016
13408963
1267980284
706714822
693528958
1742891313
68364051
15793029
1865841422
1715948089
1682204327
360459011
988502719
431811274
1457507038
2135795943
1776277448
1753328777
1267898567
970981450
2037162146
819710591
1048282323
1783427666
538199347
1389151258
1291622595
1952671359
1726300358
1169036029
1242276486
1274225417
247139556
43525590
4860266
1480543484
1798781696
1737795023
1884155290
749252617
1600886528
1455227413
1570958699
1254150099
1313755551
931546150
1697641463
387366714
456208858
664480841
600223609
590266562
1150603338
331716025
600330058
1815457624
902879492
545792737
1558686342
790703648
573199782
1026109858
154267130
2014159043
370212717
1930434490
1856426496
466283477
1767676430
2121639493
2093570510
1470692517
1602442563
2089351004
1102190827
1689590391
149043142
2118746366
1112277356
1622736236
1649447226
376926670
763673248
141340700
1045918672
68900324
844726040
1533818520
897988552
1782972980
1959363256
1671561139
830276779
415877356
903274846
2130123934
543581212
1087239787
1054807208
859455884
2092489561
188585163
11793150
1095667044
389648094
1714583567
452867178
1574116073
2002315973
27104047
680690332
714364887
807556909
1519227743
964824454
1161307689
907538518
1603585301
1406118705
2092286973
343099975
669990889
668105808
4881197
1449409266
1781160667
1567562736
532421285
319204269
1445881924
2070959280
2111452734
1223193634
833338185
1785225177
1666133610
404241574
353104486
2023992036
821166457
1876322216
1781042450
215361110
1172955794
1864434909
1428670220
1632377696
118791049
91474633
2063646047
830966487
306230183
1395988960
675797575
944968320
149708967
1600718232
772049208
879975585
1129987901
1919117245
1634808668
1715475729
636277294
1129445854
111576034
411920350
1071238137
681015312
223540346
1265567663
1264983554
554748787
1774166169
2138946555
486265310
1451047753
2072208128
1818785574
126527495
660777147
1583692042
498726128
969179585
1491521427
823062411
81518726
417763475
1194758580
1347491436
125862641
585125393
1161054473
1020870065
1841035510
1791573339
1514545435
1549498642
1396044298
1337356790
792558118
105917522
1660745140
522248455
1097880352
1334255638
765735572
1764587929
1564326867
1324408154
1433719783
1715995592
1867927259
555700752
479977690
1788988031
1849799779
1058979236
358457724
88410792
1941580930
1348986033
1282903441
227421099
395780305
1993117069
1106887560
184270786
1008713566
777995406
1694565757
275139708
1035901991
980903995
182075455
1422973561
1580162107
1007844763
37263679
153308669
1298098011
1962134576
1866925333
591365911
1616552520
1711489702
226387381
335694338
1488794036
1720492740
1212756024
518057821
356729622
85980669
1402838001
1324669933
506454081
2046052579
165107657
1315291607
1046727052
768454832
1413073240
843294707
1008555757
1468503591
1201918507
503429734
1249534851
1971604224
1730027253
1994580790
1995783964
1868752281
705494380
952707577
607496331
2004640971
1945025117
1526258787
363778142
1388911889
531597365
343965324
631464556
15690845
414969102
890667812
2034800817
1432139240
941275410
811453340
1692488958
1835640678
1006077099
1721888820
868893663
246072439
874952386
658264333
781190743
1538145009
642519824
1576201535
55075902
1955069913
2020397123
1438778517
579307107
61682397
1624651310
2023849387
896154033
1723845311
778159227
1962350744
122566610
369854998
876601357
914777413
401701593
613759707
9570910
701465838
147953342
767374102
1161666252
1307423121
985930725
1150689508
2122324313
707169918
920715659
2083594012
1793975476
1367031942
1744312250
1732251842
1420079281
934039285
938115376
2022655636
2073710664
943802895
1449211556
2096589238
621879287
1363492200
1148817482
2055778600
1817900035
948496056
992008182
399531438
1832095411
458995264
536339391
1228504495
1075551922
97294305
2125969479
1638529534
87901344
530809504
1664103043
1184688564
1652761326
577032462
2048506560
1864052463
1705701830
617570618
219348459
1268338
725393314
359038388
1078177959
1202837597
2137978395
2126024021
1849514268
209347563
1713555513
1966312228
416489792
470008961
322808161
1467500422
599896437
1079431497
1556949882
1463644064
1881149979
1108458888
343647273
301162010
1974638200
1620094227
2113895594
1434038961
559468178
813469748
1145964254
106410899
233800129
474040418
1601887105
2047374522
522170524
1359746155
1363984801
2030815285
464756527
907232341
1991318404
26015496
522905556
587740572
1750523259
1284522267
409375933
1706334243
81398836
79176942
224805481
1172568511
1124647631
248737937
36653607
433756932
1391116642
965024233
722924586
616204968
1616151249
578215483
13152735
1666714272
2045696794
480750360
1585536921
454966375
867966489
1686556225
152604646
1908741226
339987804
1940713111
1469111514
196712215
934137349
1327745748
872956633
708402287
1412835380
944620434
1308721770
21126409
1870810063
966666848
488606461
9963004
478208006
494099077
1032580307
306091107
94181586
1988335875
1029788472
1542306667
1462670686
2121121039
613615322
1612418629
1378797180
807313352
1458206762
1851831936
1734139039
685528451
1775489348
706145985
924401215
65547491
634556599
154322948
845252215
298350580
764881702
209302829
1568016946
2104171454
718190075
357916594
1557260213
644999395
1793431933
614810589
20880395
823770211
68569859
2031064208
2011963746
156067546
1832718188
1920100439
395744691
1469406406
1762247997
1396059306
2078435453
733294662
1061729889
1868718912
1010307391
1776799633
2098951123
343254360
193482271
1422626320
1461368312
1948381300
1921116451
1596912753
1316636759
523123367
501352383
1175410996
1684536159
618548957
1722285970
1278885997
1962843763
912388217
1242936929
1310884943
1162216079
1022117983
2072348432
1167738220
1708721166
607426841
306098222
977445633
1173003593
843135557
294734384
77740788
813891829
545119813
698533443
921924121
1877851043
1228807407
326366148
1876657405
2037505802
535644399
1388940996
1348165443
1301099393
1363970946
1958762171
1198210323
655061667
1413499135
301312918
1657934301
628263251
1657654472
1867363750
1441380804
1432150522
1175076274
276828835
1814098354
1400551207
383507030
1806961718
640423674
1158901084
277773583
764761638
1307947008
50328964
1365010630
560616754
1585429799
439826275
1747737738
1490349196
839307152
790987563
1441132578
453432397
30927499
1596460191
870135951
1934784519
1617570663
1839557799
2146874253
1797348536
2003646982
1616653302
574913700
326700850
2023587938
681596147
385730841
2119670343
1498360779
358682158
1121037273
676365552
499184713
200228047
1454776849
385046672
711437658
1805528702
1265919900
413446069
1183030751
175590242
1683198667
515033996
879796478
1733939645
1398962444
445559482
21105989
2147456526
151116514
456316731
1851483698
796905310
1802491979
534791420
483840883
336127971
708160780
830166971
1806328268
950687897
477672611
1408301429
1184697053
573016703
407877364
1160603925
1966900624
1676460339
1952283731
1196263352
1311039112
207555942
1813096842
1607708609
202037350
98584249
1779492028
97063651
1595544436
2080378451
1264926950
752132185
911736432
1785911532
20443826
1936749250
568102607
898105603
234179617
1988544361
399622345
167240106
903610787
1826585343
1397415859
1141045182
1511568777
820449674
1965331954
1140526330
1487850675
1199063916
71222712
1617914426
1922009758
1047598068
1669409028
341119263
610301349
1845260239
1362868749
430177972
227672996
999904062
76800764
1459779099
1955040682
1980266558
47150803
1631015342
766610562
1030327482
1332637990
1329356388
647699736
720433383
656703251
1105837470
353094675
264174983
115560077
1179864768
1300146924
713150998
1430693735
605102812
189770738
531278620
500386581
919336371
2115077
1344258123
1788452189
612806728
1326735696
1584638706
1777144787
406713292
732466082
1254839303
855732044
580299478
721581155
163277453
626965221
7644198
1908191450
1518756333
205329705
1232221497
1196345453
1698953182
1610170295
1850860487
995264820
1369129664
888338391
2040731828
1879548893
316164240
541464212
854776271
1217826776
373693356
401570093
385977428
682866711
1423344308
353284407
227983192
644083395
20981145
68517005
1605107086
96676338
668746837
1473644094
784836594
298747731
363656545
1635839486
276879320
1683134735
1075112916
1623464263
2001029383
1916729773
787072216
341527279
999967904
952117324
380231496
1820558235
1731314299
849390926
1623111955
1575102959
1431051207
1284670959
1406457243
881916709
1375757736
1646385432
1718758314
740278944
472079107
1680995094
34872568
2055002900
195460863
621120096
490599017
1758819770
543702655
1693666263
385934413
111061891
1670257657
503819860
648455955
2014860555
1336008721
871698356
2118615703
1522182721
1640682740
416487579
1865740168
924822449
144443390
642672949
1933688461
2031702473
1527813174
1577684106
1980810693
1808106952
1550775445
2064659959
364058517
1083236771
267148822
962446402
1375649824
892942474
1091117641
2006454002
1176964279
2113988284
733944111
1514109229
272586945
778299987
431690698
1588940746
1987142981
1941947105
402282047
1469672403
701511236
310319771
440736168
455090096
986741007
930755913
941561778
1059154822
1804563181
1415391755
686234339
365066443
137459540
1728373280
1123982000
951738153
1304487336
954458738
66215014
1347629178
739684341
1419762364
230497839
1718111402
1467312416
624492171
257771821
2093154023
715119346
1798055272
1024895830
1230397689
1247028316
1897968277
1322859106
1778091995
1328832480
718489026
1902501237
342816783
1933955619
772682649
820658062
1047552453
1548722046
1050723514
569158087
1963304241
478284310
1936080808
1870718462
419569329
1726953801
1267578829
